# DATA=NOE POWER=6
A7H5'1-A8H8	4.4	2.1	2.42
A7H2'-A8H8	2.58	0.83	0.83
G2H3'-G2H1'	3.48	1.51	1.51
G2H4'-G1H2'	3.06	1.17	1.17
G2H5'1-G2H8	3.18	1.26	1.26
G2H5'2-G1H1'	3.14	1.24	1.24
G2H5'2-G1H2'	3.64	1.66	1.66
G2H5'2-C3H5	4.98	1.52	3.1
C3H2'-C3H1'	2.58	0.83	0.83
C3H2'-C3H5	3.46	1.49	1.49
C3H2'-A4H8	2.26	0.64	0.64
C3H3'-A4H1'	4.41	2.09	2.43
C3H5-G2H1'	3.87	1.87	1.87
C3H5-C3H1'	3.31	1.37	1.37
C3H5'2-C3H1'	4.45	2.05	2.47
C3H5'2-C3H5	5.29	1.21	3.5
A4H2'-A4H2	4.09	2.09	2.09
A4H3'-C5H5	3.86	1.86	1.86
A4H5'2-A4H1'	4.44	2.06	2.46
A4H5'2-C5H5	5.3	1.2	3.51
C5H1'-A4H1'	3.81	1.82	1.82
C5H4'-A4H1'	3.77	1.78	1.78
C5H5-C5H1'	4.96	1.54	3.08
C5H5'2-A4H1'	3.75	1.76	1.76
C5H5'2-C5H1'	4.77	1.73	2.84
C5H5'2-C5H5	5.73	0.77	4.11
G6H3'-G6H1'	3.83	1.83	1.83
G6H5'1-G6H1'	4.06	2.06	2.06
G6H5'2-G6H1'	4.76	1.74	2.83
A7H2'-A7H1'	2.86	1.03	1.03
A7H5'2-A7H1'	4.23	2.23	2.23
A7H5'2-A7H5'1	1.8	0.4	0.4
A8H5'2-A8H1'	4.38	2.12	2.4
G9H2'-G9H3'	2.65	0.88	0.88
G9H3'-A8H2	3.78	1.79	1.79
G9H4'-G9H3'	3.0	1.12	1.12
G9H5'1-G9H3'	2.54	0.81	0.81
G10H2'-U11H5	3.58	1.6	1.6
G10H3'-U11H5	3.46	1.5	1.5
G10H4'-G9H1'	3.72	1.73	1.73
U11H5-U11H1'	5.17	1.33	3.34
G12H2'-C13H5	3.49	1.52	1.52
G12H3'-C13H5	3.58	1.6	1.6
C13H1'-C14H6	5.87	0.63	4.31
C13H3'-C13H5	4.65	1.85	2.7
C13H5'2-G12H8	5.22	1.28	3.41
C13H5'2-C13H5	5.86	0.64	4.3
C14H4'-C14H3'	3.34	1.39	1.39
C14H5-C13H6	4.46	2.04	2.48
C14H5'2-C14H3'	3.35	1.4	1.4
G2H4'-G1H2'	3.09	1.19	1.19
A7H4'-A7H1'	3.19	1.27	1.27
A7H2'-A7H8	2.61	0.85	0.85
G1H2'-G2H8	2.39	0.71	0.71
G1H3'-G1H2'	2.36	0.69	0.69
G2H2'-C3H6	2.28	0.65	0.65
A4H5'2-C5H6	5.23	1.27	3.42
C5H1'-G6H1'	4.83	1.67	2.92
C5H2'-C5H5	4.72	1.78	2.79
C5H3'-C5H6	2.76	0.96	0.96
G6H1'-A7H8	3.41	1.46	1.46
G6H3'-A7H8	3.4	1.44	1.44
G6H5'1-A7H8	4.91	1.59	3.01
A7H5'1-A8H8	4.25	2.25	2.25
A7H5'2-G6H1'	5.29	1.21	3.5
A8H4'-A7H1'	4.42	2.08	2.44
A8H4'-A7H2	4.64	1.86	2.69
A8H5'1-A8H1'	4.66	1.84	2.71
A8H5'2-A8H5'1	1.81	0.41	0.41
A8H5'2-G9H8	5.16	1.34	3.33
G9H3'-A8H1'	4.27	2.23	2.28
G9H3'-G10H8	2.96	1.1	1.1
G9H5'2-G9H1'	4.44	2.06	2.46
G9H5'2-G9H3'	3.01	1.13	1.13
G9H5'2-G9H5'1	1.79	0.41	0.4
G10H1'-U11H6	4.57	1.93	2.62
G10H2'-G10H8	3.17	1.26	1.26
U11H1'-G12H8	4.54	1.96	2.58
U11H2'-A4H2	4.54	1.96	2.58
U11H2'-U11H6	3.53	1.56	1.56
U11H2'-G12H1'	3.66	1.68	1.68
U11H5'1-U11H6	3.42	1.46	1.46
U11H5'2-U11H1'	4.61	1.89	2.66
U11H5'2-U11H5	5.19	1.31	3.37
G12H3'-C13H6	3.29	1.35	1.35
G12H5'2-C13H5	5.26	1.24	3.46
C13H5-C13H1'	4.54	1.96	2.58
C13H5'2-C13H1'	4.47	2.03	2.5
C14H3'-C14H1'	4.5	2.0	2.53
C14H5'2-C14H6	4.04	2.04	2.04
G2H5'1-G2H8	3.24	1.31	1.31
G1H1'-G2H8	3.57	1.59	1.59
G1H2'-G1H8	2.96	1.09	1.09
G2H3'-C3H5	3.86	1.86	1.86
G2H5'1-C3H5	3.68	1.69	1.69
G2H5'1-C3H6	2.71	0.92	0.92
G2H5'2-G2H1'	4.52	1.98	2.56
C3H5-C3H6	2.22	0.62	0.62
C5H3'-C5H5	4.38	2.12	2.4
C5H3'-G6H8	3.41	1.46	1.46
G6H4'-G6H8	4.13	2.14	2.14
A7H2'-A7H2	4.3	2.2	2.31
A7H5'1-G6H1'	4.45	2.05	2.47
A8H5'1-A7H1'	4.59	1.91	2.63
A8H5'1-A8H8	3.67	1.68	1.68
A8H5'2-A7H1'	3.95	1.95	1.95
G9H1'-G10H8	4.51	1.99	2.54
G9H5'2-A8H1'	4.19	2.2	2.2
G9H5'2-G9H8	3.7	1.71	1.71
G10H2'-G9H8	3.53	1.55	1.55
G10H5'1-G10H8	2.75	0.95	0.95
U11H3'-U11H5	4.07	2.07	2.07
C13H2'-C14H5	4.23	2.24	2.24
C13H5-C14H5	3.99	1.99	1.99
C14H5-C14H6	2.15	0.58	0.58
C14H5'2-C14H1'	4.63	1.87	2.68
G1H3'-G1H8	3.1	1.2	1.2
G1H3'-G2H8	3.12	1.21	1.21
G1H4'-G1H8	4.03	2.03	2.03
G1H5'1-G1H8	3.42	1.47	1.47
G1H5'2-G1H8	3.15	1.24	1.24
G2H1'-C3H6	4.27	2.23	2.28
G2H2'-C3H1'	3.01	1.13	1.13
G2H3'-G2H8	2.56	0.82	0.82
G2H5'2-G2H5'1	2.32	0.67	0.67
G2H5'2-G2H8	2.88	1.04	1.04
C3H42-G12H1	2.72	0.92	0.92
C3H5-C3H41	2.78	0.97	0.97
C3H5'2-C3H5'1	2.43	0.74	0.74
A4H1'-G12H1	4.23	2.24	2.24
A4H2-G12H1	3.97	1.97	1.97
A4H5'2-A4H8	2.87	1.03	1.03
C5H1'-C5H6	3.45	1.49	1.49
C5H2'-C5H1'	2.55	0.81	0.81
C5H2'-C5H6	2.56	0.82	0.82
C5H2'-G6H1'	3.86	1.86	1.86
C5H4'-C5H1'	3.02	1.14	1.14
C5H5-C5H41	2.85	1.02	1.02
C5H5-C5H6	2.38	0.71	0.71
C5H5'1-C5H1'	3.33	1.39	1.39
G6H2'-G6H1'	2.6	0.84	0.84
G6H22-A8H8	4.38	2.12	2.4
G6H22-G9H8	2.79	0.97	0.97
G6H4'-G6H1'	3.03	1.15	1.15
G6H5'2-G6H5'1	1.87	0.44	0.44
A7H1'-A7H2	3.85	1.86	1.86
A7H1'-A8H8	3.98	1.98	1.98
A7H3'-A7H1'	2.73	0.94	0.94
A7H5'1-A7H8	3.1	1.2	1.2
A7H62-A8H8	3.82	1.82	1.82
A8H2'-G9H8	2.85	1.01	1.01
A8H5'2-A8H4'	2.92	1.07	1.07
A8H5'2-A8H8	3.06	1.17	1.17
G9H3'-G9H8	2.78	0.97	0.97
U11H1'-U11H6	3.39	1.43	1.43
U11H3'-U11H1'	3.4	1.44	1.44
U11H4'-U11H1'	2.94	1.08	1.08
U11H5'2-U11H5'1	2.22	0.62	0.62
G12H2'-C13H1'	3.4	1.44	1.44
G12H2'-C13H6	2.28	0.65	0.65
C13H2'-C13H1'	2.64	0.87	0.87
C13H2'-C13H6	3.56	1.58	1.58
C13H3'-C13H6	2.57	0.82	0.82
C13H4'-C13H1'	3.1	1.2	1.2
C13H41-G2H1	3.12	1.22	1.22
C13H42-G2H1	2.81	0.99	0.99
C13H5-C13H41	2.96	1.09	1.09
C13H5'2-C13H6	3.63	1.65	1.65
C14H5'2-C14H4'	2.43	0.74	0.74
C14H5'1-C14H6	3.52	1.54	1.54
G1H1'-G1H8	3.44	1.48	1.48
G1H2'-G1H1'	2.46	0.75	0.75
G1H2'-G2H1'	3.36	1.41	1.41
G1H3'-G1H1'	3.31	1.37	1.37
G1H4'-G1H1'	2.94	1.08	1.08
G2H1'-G2H8	3.53	1.56	1.56
G2H4'-G2H1'	2.37	0.7	0.7
C3H1'-C3H6	3.22	1.3	1.3
C3H1'-A4H8	4.11	2.12	2.12
C3H3'-A4H8	2.78	0.97	0.97
C3H41-G12H1	3.02	1.14	1.14
C3H42-C3H41	1.69	0.51	0.36
C3H5-C3H42	2.98	1.11	1.11
C3H5-A4H8	3.67	1.68	1.68
A4H1'-A4H2	3.94	1.94	1.94
A4H1'-A4H8	3.27	1.33	1.33
A4H1'-C5H6	4.6	1.9	2.64
A4H2-U11H3	3.24	1.31	1.31
A4H2'-A4H1'	2.23	0.62	0.62
A4H3'-A4H1'	3.27	1.33	1.33
A4H3'-A4H2	4.16	2.16	2.16
A4H3'-A4H8	2.52	0.79	0.79
A4H3'-C5H6	2.99	1.12	1.12
C5H1'-A4H2	3.03	1.15	1.15
C5H1'-G6H8	4.75	1.75	2.82
C5H2'-A4H2	3.68	1.69	1.69
C5H2'-G6H8	2.46	0.76	0.76
C5H42-C5H41	1.72	0.48	0.37
C5H42-C5H6	4.41	2.09	2.43
C5H5-A4H2	4.52	1.98	2.56
C5H5-A4H8	2.91	1.06	1.06
C5H5-C5H42	2.97	1.1	1.1
C5H5-G6H8	4.34	2.16	2.36
C5H5'1-C5H6	2.28	0.65	0.65
C5H5'2-C5H6	3.45	1.49	1.49
C5H6-A4H8	3.43	1.47	1.47
C5H6-G6H8	3.97	1.97	1.97
G6H1'-G6H8	3.29	1.35	1.35
G6H1'-A8H62	4.04	2.04	2.04
G6H2'-G6H8	2.53	0.8	0.8
G6H22-C5H41	5.03	1.47	3.16
G6H22-C5H42	4.52	1.98	2.56
G6H22-A7H2	4.34	2.16	2.36
G6H22-A7H8	5.35	1.15	3.58
G6H22-A8H2	3.77	1.78	1.78
G6H22-A8H62	4.15	2.15	2.15
G6H22-G10H8	4.22	2.23	2.23
G6H3'-G6H8	2.93	1.07	1.07
G6H5'2-G6H8	3.53	1.56	1.56
G6H5'2-A7H8	4.96	1.54	3.08
A7H1'-A7H8	2.85	1.02	1.02
A7H3'-A7H8	2.21	0.61	0.61
A7H3'-A8H8	2.47	0.77	0.77
A7H5'1-A7H1'	3.01	1.13	1.13
A7H5'2-A7H8	4.55	1.95	2.59
A7H62-A7H2	4.54	1.96	2.57
A7H62-A8H2	4.39	2.11	2.41
A8H1'-A7H2	3.41	1.46	1.46
A8H1'-A8H2	4.26	2.24	2.27
A8H1'-A8H8	2.92	1.07	1.07
A8H1'-G9H8	4.61	1.89	2.65
A8H1'-G10H8	4.62	1.88	2.66
A8H2'-A7H2	3.54	1.57	1.57
A8H2'-A8H1'	2.75	0.95	0.95
A8H2'-A8H2	4.24	2.24	2.24
A8H2'-A8H8	2.67	0.89	0.89
A8H3'-A8H1'	3.47	1.5	1.5
A8H3'-A8H8	3.22	1.3	1.3
A8H3'-G9H8	3.8	1.8	1.8
A8H4'-A7H8	4.26	2.24	2.27
A8H4'-A8H1'	2.99	1.12	1.12
A8H4'-A8H8	3.99	1.99	1.99
A8H5'1-G6H22	5.66	0.84	4.0
A8H5'1-A7H8	5.47	1.03	3.74
A8H62-G6H8	4.22	2.22	2.22
A8H62-A8H2	4.85	1.65	2.94
G9H1'-A7H2	4.03	2.03	2.03
G9H1'-A8H2	3.95	1.95	1.95
G9H1'-G9H8	3.01	1.13	1.13
G9H2'-G9H1'	2.63	0.87	0.87
G9H3'-G9H1'	3.43	1.47	1.47
G9H4'-G6H22	4.71	1.79	2.78
G9H4'-A8H2	3.72	1.73	1.73
G9H4'-G9H1'	2.91	1.06	1.06
G9H5'1-G6H22	4.66	1.84	2.72
G9H5'1-A7H2	3.76	1.77	1.77
G9H5'1-A8H2	4.03	2.03	2.03
G9H5'1-G9H1'	3.99	1.99	1.99
G9H5'2-A8H2	4.0	2.0	2.0
G10H1'-A8H2	3.46	1.5	1.5
G10H2'-U11H6	2.2	0.61	0.61
G10H3'-U11H6	3.06	1.17	1.17
U11H1'-A4H2	4.23	2.23	2.23
U11H2'-G12H8	2.1	0.55	0.55
U11H2'-U11H1'	2.54	0.81	0.81
U11H3'-U11H6	2.41	0.72	0.72
U11H5-U11H6	2.38	0.71	0.71
U11H5'2-U11H6	3.02	1.14	1.14
G12H1-G2H1	3.57	1.6	1.6
G12H1'-A4H2	3.05	1.16	1.16
G12H1'-G12H8	3.24	1.31	1.31
G12H2'-G12H1'	2.31	0.67	0.67
G12H5'2-G12H8	2.67	0.89	0.89
C13H1'-C13H6	3.37	1.42	1.42
C13H2'-C14H1'	3.76	1.77	1.77
C13H2'-C14H6	2.38	0.71	0.71
C13H42-G12H8	4.21	2.22	2.22
C13H42-C13H41	1.82	0.41	0.41
C13H42-C13H6	4.54	1.96	2.57
C13H5-C13H42	3.04	1.15	1.15
C13H5-C13H6	2.41	0.73	0.73
C13H5-C14H42	4.49	2.01	2.52
C13H5-C14H6	4.79	1.71	2.86
C14H1'-C14H6	3.39	1.43	1.43
C14H2'-C14H1'	2.7	0.91	0.91
C14H2'-C14H6	3.02	1.14	1.14
C14H3'-C14H6	3.05	1.16	1.16
C14H4'-C14H1'	2.79	0.97	0.97
C14H4'-C14H6	3.13	1.23	1.23
C14H42-C14H41	1.92	0.46	0.46
C14H42-C14H6	4.78	1.72	2.86
C14H5-C13H42	4.32	2.18	2.33
C14H5-C14H41	3.1	1.2	1.2
C14H5-C14H42	3.18	1.26	1.26
C14H5'1-C14H1'	4.03	2.03	2.03
