frame G1:C1-C2 G1:C3-C4 G1:C1-CC G2:C1-C2 G2:C3-C4 G2:C1-CC C3:C1-C2 C3:C3-C4 C3:C1-CC A4:C1-C2 A4:C3-C4 A4:C1-CC C5:C1-C2 C5:C3-C4 C5:C1-CC G6:C1-C2 G6:C3-C4 G6:C1-CC A7:C1-C2 A7:C3-C4 A7:C1-CC A8:C1-C2 A8:C3-C4 A8:C1-CC G9:C1-C2 G9:C3-C4 G9:C1-CC G10:C1-C2 G10:C3-C4 G10:C1-CC U11:C1-C2 U11:C3-C4 U11:C1-CC G12:C1-C2 G12:C3-C4 G12:C1-CC C13:C1-C2 C13:C3-C4 C13:C1-CC C14:C1-C2 C14:C3-C4 C14:C1-CC G1:C4p-P-plus G1:C3p-P-plus G2:C4p-P G2:C5p-P G2:C5s-P G2:C4p-P-plus G2:C3p-P-plus C3:C4p-P C3:C5p-P C3:C5s-P C3:C4p-P-plus C3:C3p-P-plus A4:C4p-P A4:C5p-P A4:C5s-P A4:C4p-P-plus A4:C3p-P-plus C5:C4p-P C5:C5p-P C5:C5s-P C5:C4p-P-plus C5:C3p-P-plus G6:C4p-P G6:C5p-P G6:C5s-P G6:C4p-P-plus G6:C3p-P-plus A7:C4p-P A7:C5p-P A7:C5s-P A7:C4p-P-plus A7:C3p-P-plus A8:C4p-P A8:C5p-P A8:C5s-P A8:C4p-P-plus A8:C3p-P-plus G9:C4p-P G9:C5p-P G9:C5s-P G9:C4p-P-plus G9:C3p-P-plus G10:C4p-P G10:C5p-P G10:C5s-P G10:C4p-P-plus G10:C3p-P-plus U11:C4p-P U11:C5p-P U11:C5s-P U11:C4p-P-plus U11:C3p-P-plus G12:C4p-P G12:C5p-P G12:C5s-P G12:C4p-P-plus G12:C3p-P-plus C13:C4p-P C13:C5p-P C13:C5s-P C13:C4p-P-plus C13:C3p-P-plus C14:C4p-P C14:C5p-P C14:C5s-P
0 -9.3926e+00 1.5508e+01 -5.7928e-01 -9.5209e+00 1.4576e+01 5.7380e-01 -9.6390e+00 1.4962e+01 -1.2095e+00 -9.4213e+00 1.3333e+01 1.5066e+00 -9.0988e+00 1.5145e+01 -1.9332e+00 -8.6268e+00 1.8387e+01 -1.2901e-01 -8.3851e+00 1.6877e+01 -3.4787e+00 -8.7855e+00 1.6205e+01 -1.1533e+00 -8.9667e+00 1.7151e+01 -7.1742e-01 -9.7063e+00 1.2083e+01 -2.5992e+00 -9.6653e+00 1.3836e+01 -1.5105e+00 -9.4617e+00 1.2903e+01 1.7097e-02 -9.4591e+00 1.4074e+01 -6.1651e-01 -9.0003e+00 1.4212e+01 -1.1173e+00 -1.8143e+01 -1.0759e+01 -1.7170e+01 -9.4856e+00 1.2584e+01 -1.7572e+01 -9.4750e+00 -1.9281e+01 -1.2527e+00 8.4584e+00 -1.7606e+01 -9.6363e+00 -1.8445e+01 -6.6404e+00 1.1260e+01 -1.4523e+01 -1.0484e+01 -1.9688e+01 -7.6770e+00 1.1804e+01 -1.2468e+01 -6.4630e+00 -1.7617e+01 -5.9052e+00 1.2178e+01 -1.2967e+01 -1.1257e+01 1.6110e+01 -1.9503e+01 4.4630e+00 -1.2968e+01 -9.5220e+00 -1.6284e+01 -5.4562e+00 1.2258e+01 -1.5305e+01 -1.2441e+01 -1.6236e+01 -3.2128e+00 1.1125e+01 -1.8989e+01 -1.5623e+01 -4.7569e+00 -2.4400e+00 -7.8339e+00 -1.7788e+01 -1.1547e+01 -1.8786e+01 -8.0730e+00 1.2013e+01 -1.7120e+01 -9.9877e+00 -1.9202e+01 -5.9558e+00 1.1670e+01 -1.6790e+01 -1.0006e+01 -1.9414e+01 -3.5356e+00 1.0107e+01 -1.7183e+01 -1.1446e+01 -1.9549e+01 -8.1372e+00 1.1364e+01
1 -9.4305e+00 1.4649e+01 -5.3926e-01 -9.3741e+00 1.3483e+01 7.8232e-01 -9.5186e+00 1.3956e+01 -1.4081e-01 -9.2903e+00 1.4260e+01 1.9451e+00 -9.0360e+00 1.5167e+01 -1.8517e+00 -8.5929e+00 1.8870e+01 9.9035e-01 -8.4650e+00 1.5810e+01 -3.2408e+00 -9.1029e+00 1.7776e+01 -1.1118e+00 -8.9867e+00 1.6097e+01 -1.0532e+00 -9.6390e+00 1.2320e+01 -2.4194e+00 -9.4686e+00 1.3867e+01 -1.2348e+00 -9.2734e+00 1.4738e+01 2.3842e+00 -9.3594e+00 1.3066e+01 -2.7325e-01 -9.2261e+00 1.4270e+01 -7.8612e-01 -1.8091e+01 -1.1503e+01 -1.7078e+01 -1.0084e+01 1.2055e+01 -2.0730e+01 -1.0528e+01 -1.7253e+01 -3.7416e+00 9.8303e+00 -1.6271e+01 -9.4666e+00 -1.9497e+01 -6.1878e+00 1.1633e+01 -1.5107e+01 -9.4021e+00 -1.9600e+01 -5.6561e+00 1.0719e+01 -1.1368e+01 -5.8081e+00 -1.7197e+01 -6.7899e+00 1.2402e+01 -1.3579e+01 -1.3252e+01 1.5029e+01 -1.8217e+01 5.3467e+00 -1.1475e+01 -1.0571e+01 -1.7007e+01 -4.7039e+00 1.1851e+01 -1.5371e+01 -1.2835e+01 -1.4753e+01 -5.5384e+00 1.2688e+01 -1.8954e+01 -1.5149e+01 -5.6491e+00 -3.2869e+00 -5.5067e+00 -1.7476e+01 -1.1904e+01 -1.8642e+01 -8.1585e+00 1.2096e+01 -1.4963e+01 -1.0078e+01 -1.9815e+01 -6.2291e+00 1.1726e+01 -1.8803e+01 -1.0472e+01 -1.8134e+01 -4.2723e+00 1.0345e+01 -1.9691e+01 -1.3224e+01 -1.9585e+01 -3.8801e+00 9.5056e+00
2 -9.6424e+00 1.3921e+01 -2.4888e+00 -9.4904e+00 1.5524e+01 3.5973e-01 -9.5963e+00 1.4092e+01 -2.7767e-01 -9.3116e+00 1.4273e+01 1.5113e+00 -9.2176e+00 1.4914e+01 -1.3830e+00 -8.2191e+00 1.7842e+01 -2.7093e-01 -8.5520e+00 1.6579e+01 -3.0661e+00 -8.8877e+00 1.5930e+01 -6.8041e-01 -8.8778e+00 1.7567e+01 -1.0849e+00 -9.6848e+00 1.3026e+01 -2.2642e+00 -9.5287e+00 1.3671e+01 -1.0811e+00 -9.3858e+00 1.5176e+01 9.3486e-01 -9.5118e+00 1.3482e+01 -8.6358e-01 -8.8992e+00 1.4564e+01 -8.0989e-01 -1.3033e+01 -9.0977e+00 -1.8191e+01 -8.1965e+00 1.2685e+01 -1.7077e+01 -1.0239e+01 -1.7722e+01 -5.1148e+00 1.1508e+01 -1.5787e+01 -8.9620e+00 -1.9335e+01 -5.3727e+00 1.1154e+01 -1.6398e+01 -1.0808e+01 -1.9457e+01 -4.2429e+00 9.3792e+00 -1.3045e+01 -6.0301e+00 -1.6073e+01 -7.2319e+00 1.3223e+01 -1.2135e+01 -1.0269e+01 1.5215e+01 -1.8027e+01 5.3823e+00 -1.1937e+01 -9.9227e+00 -1.6135e+01 -5.7292e+00 1.2426e+01 -1.5105e+01 -1.2237e+01 -1.5911e+01 -1.9062e+00 1.0456e+01 -1.9117e+01 -1.6002e+01 -2.3837e+00 -2.7831e-01 -8.5269e+00 -1.7286e+01 -1.0507e+01 -1.8980e+01 -8.4491e+00 1.2591e+01 -1.4675e+01 -8.0355e+00 -1.9065e+01 -6.5092e+00 1.2203e+01 -1.9008e+01 -1.0924e+01 -1.7869e+01 -2.5884e+00 9.9965e+00 -1.6434e+01 -1.1842e+01 -1.9039e+01 -6.7309e+00 1.0233e+01
3 -9.5563e+00 1.3647e+01 -2.2381e+00 -9.5821e+00 1.3274e+01 1.7944e-01 -9.6500e+00 1.3591e+01 3.1938e-01 -9.2469e+00 1.3233e+01 1.7258e+00 -8.8505e+00 1.5295e+01 -1.7393e+00 -8.6218e+00 1.8288e+01 8.7778e-01 -8.5764e+00 1.6639e+01 -3.3886e+00 -9.0905e+00 1.6664e+01 -1.1387e+00 -8.9990e+00 1.6638e+01 -1.0747e+00 -9.6153e+00 1.2356e+01 -1.9279e+00 -9.3822e+00 1.5943e+01 -1.9433e+00 -9.4491e+00 1.4478e+01 5.4290e-01 -9.5820e+00 1.3040e+01 -8.3893e-01 -8.9288e+00 1.4537e+01 -3.6434e-01 -1.6943e+01 -1.1598e+01 -1.8910e+01 -8.6777e+00 1.2772e+01 -1.8608e+01 -1.0008e+01 -1.8563e+01 -4.1434e+00 1.0937e+01 -1.8212e+01 -1.1654e+01 -1.8549e+01 -4.2706e+00 9.5635e+00 -1.6174e+01 -1.1327e+01 -1.9690e+01 -5.6691e+00 1.0245e+01 -1.3111e+01 -7.4861e+00 -1.7431e+01 -6.7135e+00 1.2157e+01 -1.2290e+01 -1.1465e+01 1.5458e+01 -1.8230e+01 5.1238e+00 -1.1737e+01 -9.7583e+00 -1.6100e+01 -7.1284e+00 1.3247e+01 -1.5298e+01 -1.2124e+01 -1.5408e+01 -4.9383e+00 1.2382e+01 -1.9158e+01 -1.5496e+01 -4.6143e+00 -1.9248e+00 -7.4672e+00 -1.6400e+01 -1.0871e+01 -1.8127e+01 -7.4832e+00 1.2189e+01 -1.5724e+01 -8.7953e+00 -1.9182e+01 -4.8363e+00 1.0903e+01 -1.8797e+01 -1.1121e+01 -1.8720e+01 -1.0968e+00 9.0300e+00 -1.6484e+01 -1.2762e+01 -1.9666e+01 -7.3512e+00 1.0474e+01
4 -9.5823e+00 1.4306e+01 -1.7304e+00 -9.4287e+00 1.3773e+01 1.1265e-01 -9.5243e+00 1.4299e+01 -1.5898e-01 -9.1130e+00 1.3717e+01 2.8256e+00 -9.0941e+00 1.5115e+01 -1.3622e+00 -8.6268e+00 1.7900e+01 -4.2562e-01 -7.8149e+00 1.7696e+01 -3.4278e+00 -8.7824e+00 1.7524e+01 -5.2467e-01 -9.1434e+00 1.6534e+01 -1.8931e+00 -9.7154e+00 1.1862e+01 1.0724e+00 -9.4875e+00 1.4080e+01 -8.6855e-01 -9.4310e+00 1.5151e+01 9.3952e-01 -9.5639e+00 1.4261e+01 -1.1313e+00 -9.1445e+00 1.5083e+01 -1.2464e+00 -1.7571e+01 -1.0467e+01 -1.8094e+01 -9.9749e+00 1.2980e+01 -1.8337e+01 -1.0538e+01 -1.8434e+01 -4.2597e+00 1.0839e+01 -1.6166e+01 -1.0018e+01 -1.9746e+01 -6.7097e+00 1.1300e+01 -1.5499e+01 -9.8448e+00 -1.9605e+01 -4.4383e+00 9.6049e+00 -1.3373e+01 -6.4627e+00 -1.6880e+01 -4.9022e+00 1.1733e+01 -1.1588e+01 -1.1123e+01 1.6287e+01 -1.4987e+01 5.0769e+00 -1.0626e+01 -8.3566e+00 -1.5435e+01 -6.5131e+00 1.3058e+01 -1.6318e+01 -1.2660e+01 -1.5590e+01 -1.1711e-01 9.4411e+00 -2.9363e+00 -3.4861e+00 -1.7658e+01 -3.0276e+00 1.1040e+01 -1.7767e+01 -1.3463e+01 -1.8690e+01 -6.0686e+00 1.0801e+01 -1.5775e+01 -9.0854e+00 -1.9267e+01 -6.0011e+00 1.1760e+01 -1.8712e+01 -1.0185e+01 -1.8225e+01 -4.5019e+00 1.1316e+01 -1.6264e+01 -1.1199e+01 -1.9311e+01 -7.4725e+00 1.0974e+01
5 -9.5045e+00 1.4386e+01 -1.5606e+00 -9.2079e+00 1.3901e+01 4.8188e-01 -9.5357e+00 1.3715e+01 5.0372e-01 -9.0668e+00 1.5238e+01 2.2972e+00 -9.3956e+00 1.4313e+01 -2.6566e+00 -8.5361e+00 1.7300e+01 6.2038e-01 -8.5559e+00 1.5270e+01 -3.3020e+00 -8.7988e+00 1.5474e+01 -8.7346e-01 -8.7426e+00 1.7834e+01 -1.0721e+00 -9.6493e+00 1.3649e+01 -2.4344e+00 -9.4189e+00 1.4905e+01 -2.1491e+00 -9.4066e+00 1.4568e+01 5.1445e-01 -9.5788e+00 1.4199e+01 -1.1382e+00 -9.0947e+00 1.5118e+01 -1.1628e+00 -1.7435e+01 -1.0650e+01 -1.8274e+01 -1.0026e+01 1.2894e+01 -1.9393e+01 -1.0915e+01 -1.7171e+01 -5.4573e+00 1.0777e+01 -1.7386e+01 -1.1964e+01 -1.8634e+01 -6.5927e+00 1.1005e+01 -1.7334e+01 -1.2596e+01 -2.2769e+01 -2.2185e+01 3.9054e+00 -6.7679e+00 -4.0378e+00 -1.7511e+01 -5.9689e+00 1.2199e+01 -1.2562e+01 -1.1029e+01 1.4607e+01 -1.7497e+01 5.4809e+00 -1.2039e+01 -9.4882e+00 -1.6260e+01 -5.1534e+00 1.2203e+01 -1.4798e+01 -1.0675e+01 -1.5661e+01 -2.7986e+00 1.1150e+01 -1.8976e+01 -1.5405e+01 -3.2845e+00 -9.3942e-01 -6.9948e+00 -1.7828e+01 -1.1731e+01 -1.8628e+01 -9.1916e+00 1.2236e+01 -1.5384e+01 -8.5230e+00 -1.9043e+01 -6.8781e+00 1.2121e+01 -1.8789e+01 -9.9857e+00 -1.7806e+01 -3.9705e+00 1.0268e+01 -1.6420e+01 -1.1328e+01 -1.9302e+01 -8.1530e+00 1.1431e+01
6 -9.5608e+00 1.5170e+01 -6.0367e-01 -9.3860e+00 1.4776e+01 9.5321e-01 -9.7145e+00 1.3389e+01 -4.7178e-01 -9.5419e+00 1.4371e+01 7.6613e-01 -9.0612e+00 1.5614e+01 -1.8701e+00 -8.6171e+00 1.7765e+01 7.7050e-01 -8.4268e+00 1.7231e+01 -3.2048e+00 -9.1242e+00 1.5910e+01 -8.8624e-01 -8.9978e+00 1.7786e+01 -1.3463e+00 -9.6587e+00 1.4303e+01 -2.4078e+00 -9.5557e+00 1.4965e+01 -2.7619e+00 -9.5606e+00 1.4464e+01 4.5909e-04 -9.5871e+00 1.4887e+01 -7.6260e-01 -9.2246e+00 1.3399e+01 -8.0933e-01 -1.6886e+01 -1.0653e+01 -1.8722e+01 -9.7082e+00 1.2576e+01 -1.9247e+01 -1.0540e+01 -1.7252e+01 -7.4342e+00 1.2743e+01 -1.5686e+01 -8.7030e+00 -1.9043e+01 -6.6249e+00 1.1283e+01 -1.7411e+01 -1.1652e+01 -1.9255e+01 -7.8297e+00 1.0987e+01 -1.1473e+01 -7.0236e+00 -1.7737e+01 -6.7075e+00 1.2127e+01 -1.3328e+01 -1.2130e+01 1.6013e+01 -1.6345e+01 5.1944e+00 -1.2206e+01 -9.8794e+00 -1.6128e+01 -6.5982e+00 1.3004e+01 -1.4923e+01 -1.1043e+01 -1.4445e+01 -4.9046e+00 1.2493e+01 -1.9032e+01 -1.4835e+01 -1.0251e+00 8.5773e-01 -8.1324e+00 -1.7483e+01 -1.0838e+01 -1.7155e+01 -9.9270e+00 1.2988e+01 -1.8040e+01 -1.1186e+01 -1.9136e+01 -6.1559e+00 1.1632e+01 -1.7423e+01 -1.0405e+01 -1.8816e+01 -6.6717e+00 1.2069e+01 -1.6041e+01 -1.0334e+01 -1.9133e+01 -8.6077e+00 1.1485e+01
7 -9.3722e+00 1.4353e+01 -2.0357e+00 -8.9933e+00 1.4758e+01 1.3578e+00 -9.5868e+00 1.5054e+01 -2.6000e-01 -9.6354e+00 1.4120e+01 9.1422e-01 -9.1980e+00 1.4795e+01 -2.1512e+00 -8.1922e+00 1.8011e+01 -3.9843e-01 -8.1245e+00 1.6562e+01 -3.6538e+00 -8.7204e+00 1.5996e+01 6.3231e-02 -9.1401e+00 1.7831e+01 -9.2685e-01 -9.6090e+00 1.4522e+01 -3.2276e+00 -9.5610e+00 1.4308e+01 -2.3036e+00 -9.0814e+00 1.4623e+01 8.8290e-01 -9.4505e+00 1.5346e+01 -6.6871e-01 -9.2639e+00 1.4718e+01 -9.1339e-01 -1.4122e+01 -1.0664e+01 -1.9588e+01 -8.3936e+00 1.2760e+01 -1.8678e+01 -1.0891e+01 -1.8475e+01 -4.6475e+00 1.1397e+01 -1.5467e+01 -9.1001e+00 -1.9599e+01 -8.2841e+00 1.2541e+01 -1.9353e+01 -1.1148e+01 -1.9366e+01 -9.1701e+00 1.2026e+01 -1.3759e+01 -6.6523e+00 -1.7209e+01 -5.0817e+00 1.1814e+01 -1.2343e+01 -1.1474e+01 1.5576e+01 -1.8741e+01 4.9639e+00 -1.1348e+01 -9.6706e+00 -1.6584e+01 -7.4784e+00 1.3210e+01 -1.6754e+01 -1.3182e+01 -1.5800e+01 -1.8242e+00 1.0622e+01 -1.9023e+01 -1.6400e+01 4.3140e-01 1.9919e+00 -1.1398e+01 -1.8530e+01 -1.2489e+01 -1.7752e+01 -1.0196e+01 1.3160e+01 -1.7740e+01 -1.0101e+01 -1.7599e+01 -9.2609e+00 1.3114e+01 -1.7572e+01 -1.2347e+01 -1.9673e+01 -3.5415e+00 1.0560e+01 -1.7426e+01 -1.1583e+01 -1.9312e+01 -7.9325e+00 1.1135e+01
8 -9.6357e+00 1.4068e+01 -2.4634e+00 -9.3786e+00 1.3463e+01 2.2924e-01 -9.5051e+00 1.4230e+01 -3.0869e-01 -9.3402e+00 1.4801e+01 2.0654e+00 -9.1451e+00 1.5122e+01 -1.9393e+00 -8.5473e+00 1.7762e+01 9.3123e-01 -8.8374e+00 1.5180e+01 -3.1529e+00 -9.1701e+00 1.7175e+01 -1.2374e+00 -8.8966e+00 1.6558e+01 -1.2344e+00 -9.6954e+00 1.2163e+01 -2.3336e+00 -9.4413e+00 1.4630e+01 -1.8013e+00 -9.4857e+00 1.5545e+01 2.5115e-01 -9.6107e+00 1.3526e+01 -7.0112e-01 -9.1349e+00 1.3705e+01 -8.5234e-01 -1.8424e+01 -1.2284e+01 -1.8652e+01 -7.6190e+00 1.1488e+01 -1.7475e+01 -9.6669e+00 -1.8346e+01 -5.4407e+00 1.1563e+01 -1.6126e+01 -1.0286e+01 -1.9017e+01 -5.0767e+00 1.0186e+01 -1.6197e+01 -1.0220e+01 -1.9611e+01 -5.8912e+00 1.0855e+01 -1.2544e+01 -6.3393e+00 -1.6976e+01 -7.0576e+00 1.2777e+01 -1.3202e+01 -1.1190e+01 1.4219e+01 -1.9102e+01 5.3952e+00 -1.1920e+01 -9.2044e+00 -1.6461e+01 -5.8267e+00 1.2514e+01 -1.5378e+01 -1.2492e+01 -1.4665e+01 -5.3321e+00 1.2233e+01 -1.9112e+01 -1.5116e+01 -5.4806e+00 -3.0208e+00 -6.5671e+00 -1.7462e+01 -1.1380e+01 -1.8827e+01 -6.6332e+00 1.1202e+01 -1.4681e+01 -8.4336e+00 -1.8910e+01 -5.9840e+00 1.1633e+01 -1.7362e+01 -9.9476e+00 -1.7844e+01 -5.9000e+00 1.1676e+01 -1.6370e+01 -1.1419e+01 -1.9676e+01 -6.9709e+00 1.0760e+01
9 -9.5837e+00 1.4358e+01 -2.9001e+00 -9.2882e+00 1.4788e+01 2.1957e-01 -9.6561e+00 1.5491e+01 -7.7303e-01 -9.3821e+00 1.3408e+01 1.3589e+00 -9.0958e+00 1.5145e+01 -2.0230e+00 -8.5711e+00 1.8092e+01 -4.5798e-02 -8.4672e+00 1.4803e+01 -3.3210e+00 -8.8746e+00 1.6782e+01 -7.1696e-01 -8.8766e+00 1.6908e+01 -9.7422e-01 -9.6888e+00 1.2175e+01 -2.6740e+00 -9.6424e+00 1.3861e+01 -1.4422e+00 -9.4422e+00 1.4426e+01 -4.2623e-01 -9.4852e+00 1.5521e+01 -1.2792e+00 -9.4876e+00 1.5480e+01 -1.1634e+00 -1.4832e+01 -1.0623e+01 -1.8836e+01 -9.3504e+00 1.3273e+01 -1.7322e+01 -1.0813e+01 -1.9275e+01 -4.0671e+00 1.0855e+01 -1.8428e+01 -1.0830e+01 -1.8860e+01 -5.2680e+00 1.0563e+01 -1.4621e+01 -1.0405e+01 -1.9707e+01 -6.9752e+00 1.1337e+01 -1.2605e+01 -6.4337e+00 -1.7153e+01 -6.9329e+00 1.2548e+01 -1.2736e+01 -1.1906e+01 1.4074e+01 -2.0114e+01 5.2479e+00 -1.1987e+01 -1.0329e+01 -1.6650e+01 -5.3715e+00 1.2250e+01 -1.5800e+01 -1.2937e+01 -1.5702e+01 -2.4598e+00 1.0849e+01 -1.8931e+01 -1.5485e+01 -4.7605e+00 -2.6011e+00 -7.5866e+00 -1.7667e+01 -1.1817e+01 -1.8776e+01 -8.2861e+00 1.2082e+01 -1.7765e+01 -1.0747e+01 -1.7920e+01 -5.1343e+00 1.0205e+01 -1.8360e+01 -1.0522e+01 -1.8219e+01 -4.7424e+00 1.0172e+01 -1.7312e+01 -1.2219e+01 -1.9163e+01 -5.9237e+00 9.8614e+00
