frame G1:C1-C2 G1:C3-C4 G1:C1-CC G2:C1-C2 G2:C3-C4 G2:C1-CC C3:C1-C2 C3:C3-C4 C3:C1-CC A4:C1-C2 A4:C3-C4 A4:C1-CC C5:C1-C2 C5:C3-C4 C5:C1-CC G6:C1-C2 G6:C3-C4 G6:C1-CC A7:C1-C2 A7:C3-C4 A7:C1-CC A8:C1-C2 A8:C3-C4 A8:C1-CC G9:C1-C2 G9:C3-C4 G9:C1-CC G10:C1-C2 G10:C3-C4 G10:C1-CC U11:C1-C2 U11:C3-C4 U11:C1-CC G12:C1-C2 G12:C3-C4 G12:C1-CC C13:C1-C2 C13:C3-C4 C13:C1-CC C14:C1-C2 C14:C3-C4 C14:C1-CC G1:C4p-P-plus G1:C3p-P-plus G2:C4p-P G2:C5p-P G2:C5s-P G2:C4p-P-plus G2:C3p-P-plus C3:C4p-P C3:C5p-P C3:C5s-P C3:C4p-P-plus C3:C3p-P-plus A4:C4p-P A4:C5p-P A4:C5s-P A4:C4p-P-plus A4:C3p-P-plus C5:C4p-P C5:C5p-P C5:C5s-P C5:C4p-P-plus C5:C3p-P-plus G6:C4p-P G6:C5p-P G6:C5s-P G6:C4p-P-plus G6:C3p-P-plus A7:C4p-P A7:C5p-P A7:C5s-P A7:C4p-P-plus A7:C3p-P-plus A8:C4p-P A8:C5p-P A8:C5s-P A8:C4p-P-plus A8:C3p-P-plus G9:C4p-P G9:C5p-P G9:C5s-P G9:C4p-P-plus G9:C3p-P-plus G10:C4p-P G10:C5p-P G10:C5s-P G10:C4p-P-plus G10:C3p-P-plus U11:C4p-P U11:C5p-P U11:C5s-P U11:C4p-P-plus U11:C3p-P-plus G12:C4p-P G12:C5p-P G12:C5s-P G12:C4p-P-plus G12:C3p-P-plus C13:C4p-P C13:C5p-P C13:C5s-P C13:C4p-P-plus C13:C3p-P-plus C14:C4p-P C14:C5p-P C14:C5s-P
0 -9.3926e+00 1.5508e+01 -5.7928e-01 -9.5209e+00 1.4576e+01 5.7380e-01 -9.6390e+00 1.4962e+01 -1.2095e+00 -9.4213e+00 1.3333e+01 1.5066e+00 -9.0988e+00 1.5145e+01 -1.9332e+00 -8.6268e+00 1.8387e+01 -1.2901e-01 -8.3851e+00 1.6877e+01 -3.4787e+00 -8.7855e+00 1.6205e+01 -1.1533e+00 -8.9667e+00 1.7151e+01 -7.1742e-01 -9.7063e+00 1.2083e+01 -2.5992e+00 -9.6653e+00 1.3836e+01 -1.5105e+00 -9.4617e+00 1.2903e+01 1.7097e-02 -9.4591e+00 1.4074e+01 -6.1651e-01 -9.0003e+00 1.4212e+01 -1.1173e+00 -2.8715e+01 -1.7029e+01 -2.7175e+01 -1.5013e+01 1.9916e+01 -2.7811e+01 -1.4996e+01 -3.0516e+01 -1.9827e+00 1.3387e+01 -2.7864e+01 -1.5251e+01 -2.9193e+01 -1.0510e+01 1.7820e+01 -2.2985e+01 -1.6592e+01 -3.1160e+01 -1.2150e+01 1.8682e+01 -1.9734e+01 -1.0229e+01 -2.7882e+01 -9.3460e+00 1.9274e+01 -2.0523e+01 -1.7816e+01 2.5496e+01 -3.0867e+01 7.0636e+00 -2.0525e+01 -1.5070e+01 -2.5772e+01 -8.6355e+00 1.9401e+01 -2.4223e+01 -1.9691e+01 -2.5697e+01 -5.0849e+00 1.7608e+01 -3.0054e+01 -2.4726e+01 -7.5287e+00 -3.8617e+00 -1.2399e+01 -2.8152e+01 -1.8275e+01 -2.9733e+01 -1.2777e+01 1.9012e+01 -2.7095e+01 -1.5807e+01 -3.0391e+01 -9.4261e+00 1.8470e+01 -2.6573e+01 -1.5837e+01 -3.0726e+01 -5.5957e+00 1.5996e+01 -2.7195e+01 -1.8116e+01 -3.0939e+01 -1.2879e+01 1.7986e+01
1 -9.4305e+00 1.4649e+01 -5.3926e-01 -9.3741e+00 1.3483e+01 7.8232e-01 -9.5186e+00 1.3956e+01 -1.4081e-01 -9.2903e+00 1.4260e+01 1.9451e+00 -9.0360e+00 1.5167e+01 -1.8517e+00 -8.5929e+00 1.8870e+01 9.9035e-01 -8.4650e+00 1.5810e+01 -3.2408e+00 -9.1029e+00 1.7776e+01 -1.1118e+00 -8.9867e+00 1.6097e+01 -1.0532e+00 -9.6390e+00 1.2320e+01 -2.4194e+00 -9.4686e+00 1.3867e+01 -1.2348e+00 -9.2734e+00 1.4738e+01 2.3842e+00 -9.3594e+00 1.3066e+01 -2.7325e-01 -9.2261e+00 1.4270e+01 -7.8612e-01 -2.8632e+01 -1.8206e+01 -2.7030e+01 -1.5960e+01 1.9079e+01 -3.2808e+01 -1.6663e+01 -2.7307e+01 -5.9218e+00 1.5558e+01 -2.5752e+01 -1.4983e+01 -3.0857e+01 -9.7934e+00 1.8412e+01 -2.3909e+01 -1.4881e+01 -3.1020e+01 -8.9518e+00 1.6965e+01 -1.7992e+01 -9.1923e+00 -2.7218e+01 -1.0746e+01 1.9628e+01 -2.1491e+01 -2.0973e+01 2.3786e+01 -2.8832e+01 8.4621e+00 -1.8161e+01 -1.6731e+01 -2.6916e+01 -7.4447e+00 1.8757e+01 -2.4328e+01 -2.0314e+01 -2.3350e+01 -8.7656e+00 2.0081e+01 -2.9998e+01 -2.3976e+01 -8.9407e+00 -5.2021e+00 -8.7153e+00 -2.7659e+01 -1.8841e+01 -2.9505e+01 -1.2912e+01 1.9144e+01 -2.3682e+01 -1.5950e+01 -3.1361e+01 -9.8587e+00 1.8558e+01 -2.9760e+01 -1.6573e+01 -2.8700e+01 -6.7617e+00 1.6373e+01 -3.1165e+01 -2.0929e+01 -3.0997e+01 -6.1410e+00 1.5044e+01
2 -9.6424e+00 1.3921e+01 -2.4888e+00 -9.4904e+00 1.5524e+01 3.5973e-01 -9.5963e+00 1.4092e+01 -2.7767e-01 -9.3116e+00 1.4273e+01 1.5113e+00 -9.2176e+00 1.4914e+01 -1.3830e+00 -8.2191e+00 1.7842e+01 -2.7093e-01 -8.5520e+00 1.6579e+01 -3.0661e+00 -8.8877e+00 1.5930e+01 -6.8041e-01 -8.8778e+00 1.7567e+01 -1.0849e+00 -9.6848e+00 1.3026e+01 -2.2642e+00 -9.5287e+00 1.3671e+01 -1.0811e+00 -9.3858e+00 1.5176e+01 9.3486e-01 -9.5118e+00 1.3482e+01 -8.6358e-01 -8.8992e+00 1.4564e+01 -8.0989e-01 -2.0628e+01 -1.4399e+01 -2.8791e+01 -1.2972e+01 2.0076e+01 -2.7028e+01 -1.6204e+01 -2.8048e+01 -8.0952e+00 1.8214e+01 -2.4986e+01 -1.4184e+01 -3.0602e+01 -8.5033e+00 1.7653e+01 -2.5953e+01 -1.7105e+01 -3.0794e+01 -6.7151e+00 1.4844e+01 -2.0646e+01 -9.5438e+00 -2.5438e+01 -1.1446e+01 2.0928e+01 -1.9206e+01 -1.6252e+01 2.4081e+01 -2.8531e+01 8.5185e+00 -1.8893e+01 -1.5705e+01 -2.5537e+01 -9.0675e+00 1.9666e+01 -2.3906e+01 -1.9368e+01 -2.5182e+01 -3.0169e+00 1.6548e+01 -3.0257e+01 -2.5326e+01 -3.7727e+00 -4.4047e-01 -1.3495e+01 -2.7359e+01 -1.6630e+01 -3.0039e+01 -1.3372e+01 1.9928e+01 -2.3225e+01 -1.2718e+01 -3.0173e+01 -1.0302e+01 1.9314e+01 -3.0084e+01 -1.7289e+01 -2.8281e+01 -4.0967e+00 1.5821e+01 -2.6010e+01 -1.8743e+01 -3.0133e+01 -1.0653e+01 1.6196e+01
3 -9.5563e+00 1.3647e+01 -2.2381e+00 -9.5821e+00 1.3274e+01 1.7944e-01 -9.6500e+00 1.3591e+01 3.1938e-01 -9.2469e+00 1.3233e+01 1.7258e+00 -8.8505e+00 1.5295e+01 -1.7393e+00 -8.6218e+00 1.8288e+01 8.7778e-01 -8.5764e+00 1.6639e+01 -3.3886e+00 -9.0905e+00 1.6664e+01 -1.1387e+00 -8.9990e+00 1.6638e+01 -1.0747e+00 -9.6153e+00 1.2356e+01 -1.9279e+00 -9.3822e+00 1.5943e+01 -1.9433e+00 -9.4491e+00 1.4478e+01 5.4290e-01 -9.5820e+00 1.3040e+01 -8.3893e-01 -8.9288e+00 1.4537e+01 -3.6434e-01 -2.6815e+01 -1.8356e+01 -2.9929e+01 -1.3734e+01 2.0213e+01 -2.9451e+01 -1.5839e+01 -2.9379e+01 -6.5577e+00 1.7310e+01 -2.8824e+01 -1.8445e+01 -2.9358e+01 -6.7590e+00 1.5136e+01 -2.5598e+01 -1.7926e+01 -3.1163e+01 -8.9725e+00 1.6215e+01 -2.0750e+01 -1.1848e+01 -2.7588e+01 -1.0625e+01 1.9240e+01 -1.9451e+01 -1.8145e+01 2.4465e+01 -2.8852e+01 8.1093e+00 -1.8577e+01 -1.5444e+01 -2.5481e+01 -1.1282e+01 2.0967e+01 -2.4212e+01 -1.9189e+01 -2.4386e+01 -7.8157e+00 1.9597e+01 -3.0321e+01 -2.4525e+01 -7.3030e+00 -3.0463e+00 -1.1818e+01 -2.5956e+01 -1.7205e+01 -2.8689e+01 -1.1844e+01 1.9291e+01 -2.4886e+01 -1.3920e+01 -3.0359e+01 -7.6544e+00 1.7257e+01 -2.9750e+01 -1.7601e+01 -2.9627e+01 -1.7359e+00 1.4292e+01 -2.6089e+01 -2.0199e+01 -3.1125e+01 -1.1635e+01 1.6576e+01
4 -9.5823e+00 1.4306e+01 -1.7304e+00 -9.4287e+00 1.3773e+01 1.1265e-01 -9.5243e+00 1.4299e+01 -1.5898e-01 -9.1130e+00 1.3717e+01 2.8256e+00 -9.0941e+00 1.5115e+01 -1.3622e+00 -8.6268e+00 1.7900e+01 -4.2562e-01 -7.8149e+00 1.7696e+01 -3.4278e+00 -8.7824e+00 1.7524e+01 -5.2467e-01 -9.1434e+00 1.6534e+01 -1.8931e+00 -9.7154e+00 1.1862e+01 1.0724e+00 -9.4875e+00 1.4080e+01 -8.6855e-01 -9.4310e+00 1.5151e+01 9.3952e-01 -9.5639e+00 1.4261e+01 -1.1313e+00 -9.1445e+00 1.5083e+01 -1.2464e+00 -2.7809e+01 -1.6566e+01 -2.8637e+01 -1.5787e+01 2.0544e+01 -2.9021e+01 -1.6678e+01 -2.9176e+01 -6.7417e+00 1.7155e+01 -2.5585e+01 -1.5855e+01 -3.1252e+01 -1.0619e+01 1.7885e+01 -2.4530e+01 -1.5581e+01 -3.1028e+01 -7.0244e+00 1.5202e+01 -2.1166e+01 -1.0228e+01 -2.6716e+01 -7.7586e+00 1.8569e+01 -1.8340e+01 -1.7603e+01 2.5777e+01 -2.3719e+01 8.0352e+00 -1.6818e+01 -1.3226e+01 -2.4429e+01 -1.0308e+01 2.0667e+01 -2.5827e+01 -2.0038e+01 -2.4673e+01 -1.8534e-01 1.4942e+01 -4.6472e+00 -5.5174e+00 -2.7947e+01 -4.7917e+00 1.7473e+01 -2.8120e+01 -2.1308e+01 -2.9580e+01 -9.6047e+00 1.7095e+01 -2.4966e+01 -1.4379e+01 -3.0493e+01 -9.4979e+00 1.8612e+01 -2.9615e+01 -1.6119e+01 -2.8844e+01 -7.1251e+00 1.7909e+01 -2.5741e+01 -1.7724e+01 -3.0563e+01 -1.1827e+01 1.7368e+01
5 -9.5045e+00 1.4386e+01 -1.5606e+00 -9.2079e+00 1.3901e+01 4.8188e-01 -9.5357e+00 1.3715e+01 5.0372e-01 -9.0668e+00 1.5238e+01 2.2972e+00 -9.3956e+00 1.4313e+01 -2.6566e+00 -8.5361e+00 1.7300e+01 6.2038e-01 -8.5559e+00 1.5270e+01 -3.3020e+00 -8.7988e+00 1.5474e+01 -8.7346e-01 -8.7426e+00 1.7834e+01 -1.0721e+00 -9.6493e+00 1.3649e+01 -2.4344e+00 -9.4189e+00 1.4905e+01 -2.1491e+00 -9.4066e+00 1.4568e+01 5.1445e-01 -9.5788e+00 1.4199e+01 -1.1382e+00 -9.0947e+00 1.5118e+01 -1.1628e+00 -2.7594e+01 -1.6856e+01 -2.8922e+01 -1.5868e+01 2.0407e+01 -3.0693e+01 -1.7275e+01 -2.7176e+01 -8.6371e+00 1.7056e+01 -2.7516e+01 -1.8936e+01 -2.9492e+01 -1.0434e+01 1.7418e+01 -2.7434e+01 -1.9936e+01 -3.6036e+01 -3.5112e+01 6.1810e+00 -1.0712e+01 -6.3905e+00 -2.7714e+01 -9.4469e+00 1.9308e+01 -1.9882e+01 -1.7456e+01 2.3119e+01 -2.7692e+01 8.6745e+00 -1.9054e+01 -1.5017e+01 -2.5735e+01 -8.1562e+00 1.9314e+01 -2.3420e+01 -1.6895e+01 -2.4786e+01 -4.4294e+00 1.7648e+01 -3.0032e+01 -2.4382e+01 -5.1984e+00 -1.4868e+00 -1.1070e+01 -2.8216e+01 -1.8566e+01 -2.9482e+01 -1.4547e+01 1.9365e+01 -2.4349e+01 -1.3489e+01 -3.0138e+01 -1.0886e+01 1.9183e+01 -2.9737e+01 -1.5804e+01 -2.8181e+01 -6.2841e+00 1.6251e+01 -2.5987e+01 -1.7929e+01 -3.0549e+01 -1.2904e+01 1.8092e+01
6 -9.5608e+00 1.5170e+01 -6.0367e-01 -9.3860e+00 1.4776e+01 9.5321e-01 -9.7145e+00 1.3389e+01 -4.7178e-01 -9.5419e+00 1.4371e+01 7.6613e-01 -9.0612e+00 1.5614e+01 -1.8701e+00 -8.6171e+00 1.7765e+01 7.7050e-01 -8.4268e+00 1.7231e+01 -3.2048e+00 -9.1242e+00 1.5910e+01 -8.8624e-01 -8.9978e+00 1.7786e+01 -1.3463e+00 -9.6587e+00 1.4303e+01 -2.4078e+00 -9.5557e+00 1.4965e+01 -2.7619e+00 -9.5606e+00 1.4464e+01 4.5909e-04 -9.5871e+00 1.4887e+01 -7.6260e-01 -9.2246e+00 1.3399e+01 -8.0933e-01 -2.6725e+01 -1.6860e+01 -2.9631e+01 -1.5365e+01 1.9904e+01 -3.0463e+01 -1.6682e+01 -2.7304e+01 -1.1766e+01 2.0167e+01 -2.4827e+01 -1.3774e+01 -3.0138e+01 -1.0485e+01 1.7857e+01 -2.7556e+01 -1.8441e+01 -3.0474e+01 -1.2392e+01 1.7388e+01 -1.8158e+01 -1.1116e+01 -2.8071e+01 -1.0616e+01 1.9194e+01 -2.1094e+01 -1.9198e+01 2.5343e+01 -2.5868e+01 8.2210e+00 -1.9318e+01 -1.5636e+01 -2.5525e+01 -1.0443e+01 2.0581e+01 -2.3618e+01 -1.7477e+01 -2.2862e+01 -7.7625e+00 1.9773e+01 -3.0122e+01 -2.3479e+01 -1.6223e+00 1.3575e+00 -1.2871e+01 -2.7671e+01 -1.7153e+01 -2.7150e+01 -1.5711e+01 2.0555e+01 -2.8551e+01 -1.7704e+01 -3.0287e+01 -9.7428e+00 1.8410e+01 -2.7575e+01 -1.6467e+01 -2.9780e+01 -1.0559e+01 1.9102e+01 -2.5387e+01 -1.6355e+01 -3.0281e+01 -1.3623e+01 1.8178e+01
7 -9.3722e+00 1.4353e+01 -2.0357e+00 -8.9933e+00 1.4758e+01 1.3578e+00 -9.5868e+00 1.5054e+01 -2.6000e-01 -9.6354e+00 1.4120e+01 9.1422e-01 -9.1980e+00 1.4795e+01 -2.1512e+00 -8.1922e+00 1.8011e+01 -3.9843e-01 -8.1245e+00 1.6562e+01 -3.6538e+00 -8.7204e+00 1.5996e+01 6.3231e-02 -9.1401e+00 1.7831e+01 -9.2685e-01 -9.6090e+00 1.4522e+01 -3.2276e+00 -9.5610e+00 1.4308e+01 -2.3036e+00 -9.0814e+00 1.4623e+01 8.8290e-01 -9.4505e+00 1.5346e+01 -6.6871e-01 -9.2639e+00 1.4718e+01 -9.1339e-01 -2.2351e+01 -1.6877e+01 -3.1001e+01 -1.3284e+01 2.0195e+01 -2.9561e+01 -1.7236e+01 -2.9239e+01 -7.3555e+00 1.8038e+01 -2.4480e+01 -1.4403e+01 -3.1018e+01 -1.3111e+01 1.9849e+01 -3.0630e+01 -1.7643e+01 -3.0650e+01 -1.4513e+01 1.9033e+01 -2.1777e+01 -1.0529e+01 -2.7237e+01 -8.0427e+00 1.8699e+01 -1.9535e+01 -1.8159e+01 2.4651e+01 -2.9661e+01 7.8563e+00 -1.7961e+01 -1.5305e+01 -2.6248e+01 -1.1836e+01 2.0907e+01 -2.6516e+01 -2.0862e+01 -2.5006e+01 -2.8871e+00 1.6811e+01 -3.0107e+01 -2.5955e+01 6.8277e-01 3.1526e+00 -1.8039e+01 -2.9327e+01 -1.9767e+01 -2.8097e+01 -1.6137e+01 2.0829e+01 -2.8077e+01 -1.5986e+01 -2.7853e+01 -1.4657e+01 2.0755e+01 -2.7811e+01 -1.9541e+01 -3.1136e+01 -5.6051e+00 1.6714e+01 -2.7580e+01 -1.8332e+01 -3.0564e+01 -1.2555e+01 1.7623e+01
8 -9.6357e+00 1.4068e+01 -2.4634e+00 -9.3786e+00 1.3463e+01 2.2924e-01 -9.5051e+00 1.4230e+01 -3.0869e-01 -9.3402e+00 1.4801e+01 2.0654e+00 -9.1451e+00 1.5122e+01 -1.9393e+00 -8.5473e+00 1.7762e+01 9.3123e-01 -8.8374e+00 1.5180e+01 -3.1529e+00 -9.1701e+00 1.7175e+01 -1.2374e+00 -8.8966e+00 1.6558e+01 -1.2344e+00 -9.6954e+00 1.2163e+01 -2.3336e+00 -9.4413e+00 1.4630e+01 -1.8013e+00 -9.4857e+00 1.5545e+01 2.5115e-01 -9.6107e+00 1.3526e+01 -7.0112e-01 -9.1349e+00 1.3705e+01 -8.5234e-01 -2.9159e+01 -1.9442e+01 -2.9520e+01 -1.2058e+01 1.8182e+01 -2.7658e+01 -1.5300e+01 -2.9035e+01 -8.6110e+00 1.8301e+01 -2.5523e+01 -1.6279e+01 -3.0097e+01 -8.0348e+00 1.6120e+01 -2.5634e+01 -1.6176e+01 -3.1039e+01 -9.3238e+00 1.7180e+01 -1.9853e+01 -1.0033e+01 -2.6867e+01 -1.1170e+01 2.0222e+01 -2.0895e+01 -1.7711e+01 2.2504e+01 -3.0232e+01 8.5389e+00 -1.8865e+01 -1.4568e+01 -2.6053e+01 -9.2217e+00 1.9805e+01 -2.4339e+01 -1.9771e+01 -2.3210e+01 -8.4390e+00 1.9362e+01 -3.0248e+01 -2.3924e+01 -8.6740e+00 -4.7810e+00 -1.0394e+01 -2.7636e+01 -1.8011e+01 -2.9797e+01 -1.0498e+01 1.7730e+01 -2.3235e+01 -1.3348e+01 -2.9928e+01 -9.4708e+00 1.8412e+01 -2.7478e+01 -1.5744e+01 -2.8241e+01 -9.3378e+00 1.8479e+01 -2.5909e+01 -1.8073e+01 -3.1140e+01 -1.1033e+01 1.7030e+01
9 -9.5837e+00 1.4358e+01 -2.9001e+00 -9.2882e+00 1.4788e+01 2.1957e-01 -9.6561e+00 1.5491e+01 -7.7303e-01 -9.3821e+00 1.3408e+01 1.3589e+00 -9.0958e+00 1.5145e+01 -2.0230e+00 -8.5711e+00 1.8092e+01 -4.5798e-02 -8.4672e+00 1.4803e+01 -3.3210e+00 -8.8746e+00 1.6782e+01 -7.1696e-01 -8.8766e+00 1.6908e+01 -9.7422e-01 -9.6888e+00 1.2175e+01 -2.6740e+00 -9.6424e+00 1.3861e+01 -1.4422e+00 -9.4422e+00 1.4426e+01 -4.2623e-01 -9.4852e+00 1.5521e+01 -1.2792e+00 -9.4876e+00 1.5480e+01 -1.1634e+00 -2.3474e+01 -1.6812e+01 -2.9812e+01 -1.4799e+01 2.1006e+01 -2.7415e+01 -1.7113e+01 -3.0506e+01 -6.4370e+00 1.7180e+01 -2.9165e+01 -1.7141e+01 -2.9849e+01 -8.3376e+00 1.6718e+01 -2.3141e+01 -1.6468e+01 -3.1191e+01 -1.1040e+01 1.7943e+01 -1.9950e+01 -1.0183e+01 -2.7147e+01 -1.0973e+01 1.9860e+01 -2.0157e+01 -1.8843e+01 2.2275e+01 -3.1834e+01 8.3058e+00 -1.8971e+01 -1.6347e+01 -2.6352e+01 -8.5013e+00 1.9388e+01 -2.5007e+01 -2.0475e+01 -2.4851e+01 -3.8931e+00 1.7171e+01 -2.9962e+01 -2.4509e+01 -7.5344e+00 -4.1167e+00 -1.2007e+01 -2.7961e+01 -1.8703e+01 -2.9717e+01 -1.3114e+01 1.9122e+01 -2.8116e+01 -1.7009e+01 -2.8361e+01 -8.1259e+00 1.6152e+01 -2.9058e+01 -1.6653e+01 -2.8834e+01 -7.5058e+00 1.6099e+01 -2.7399e+01 -1.9338e+01 -3.0328e+01 -9.3754e+00 1.5607e+01
