frame G2:C1-C2 G2:C3-C4 G2:C1-CC G3:C1-C2 G3:C3-C4 G3:C1-CC C4:C1-C2 C4:C3-C4 C4:C1-CC U5:C1-C2 U5:C3-C4 U5:C1-CC G6:C1-C2 G6:C3-C4 G6:C1-CC A7:C1-C2 A7:C3-C4 A7:C1-CC A8:C1-C2 A8:C3-C4 A8:C1-CC G9:C1-C2 G9:C3-C4 G9:C1-CC G10:C1-C2 G10:C3-C4 G10:C1-CC G11:C1-C2 G11:C3-C4 G11:C1-CC C12:C1-C2 C12:C3-C4 C12:C1-CC C13:C1-C2 C13:C3-C4 C13:C1-CC G2:C4p-P-plus G2:C3p-P-plus G3:C4p-P G3:C5p-P G3:C5s-P G3:C4p-P-plus G3:C3p-P-plus C4:C4p-P C4:C5p-P C4:C5s-P C4:C4p-P-plus C4:C3p-P-plus U5:C4p-P U5:C5p-P U5:C5s-P U5:C4p-P-plus U5:C3p-P-plus G6:C4p-P G6:C5p-P G6:C5s-P G6:C4p-P-plus G6:C3p-P-plus A7:C4p-P A7:C5p-P A7:C5s-P A7:C4p-P-plus A7:C3p-P-plus A8:C4p-P A8:C5p-P A8:C5s-P A8:C4p-P-plus A8:C3p-P-plus G9:C4p-P G9:C5p-P G9:C5s-P G9:C4p-P-plus G9:C3p-P-plus G10:C4p-P G10:C5p-P G10:C5s-P G10:C4p-P-plus G10:C3p-P-plus G11:C4p-P G11:C5p-P G11:C5s-P G11:C4p-P-plus G11:C3p-P-plus C12:C4p-P C12:C5p-P C12:C5s-P C12:C4p-P-plus C12:C3p-P-plus C13:C4p-P C13:C5p-P C13:C5s-P
0 -9.7077e+00 1.5001e+01 1.5783e+00 3.1411e+00 1.7348e+01 -5.9096e+00 -7.3449e+00 1.5890e+01 -6.3286e+00 1.0141e+01 1.4073e+01 -4.1591e+00 -7.5698e+00 1.8769e+01 4.8897e+00 -8.2463e+00 1.7976e+01 8.3194e-01 -8.7143e+00 1.7295e+01 2.9017e+00 -9.6667e+00 1.5304e+01 -4.3727e+00 -8.4380e+00 1.8049e+01 8.9098e-01 -9.7281e+00 1.8317e+01 4.9429e+00 -8.2540e+00 1.8541e+01 -8.4318e+00 -7.4146e+00 1.8133e+01 -2.9980e+00 -1.3737e+01 -1.2525e+01 -2.3985e+01 3.7714e+00 1.0069e+01 -3.2223e+01 -2.3899e+01 -2.6235e+01 -6.4701e+00 1.1857e+01 -3.2861e+01 -3.4082e+01 -1.8998e+01 -2.0197e+01 2.0256e+01 -1.1910e+01 -2.4705e+01 -5.6974e-01 4.5835e-01 1.3476e+00 -2.9040e+01 -2.8210e+01 2.4996e+01 -3.4420e+01 2.1111e+00 -2.6566e+01 -2.7557e+01 -2.5792e+01 1.1317e+00 7.1145e+00 -3.4428e+01 -2.6930e+01 -3.1643e+01 -3.0869e+01 -1.2119e+00 1.4987e+01 6.5963e+00 6.5480e+00 1.3863e+01 -1.0252e+01 -2.9655e+01 -2.8920e+01 -2.7501e+01 -3.7428e-01 1.0281e+01 -3.0239e+01 -2.9833e+01 -2.6793e+01 -6.4546e+00 1.2499e+01 -3.0271e+01 -2.8544e+01 -2.4800e+01 -5.4433e+00 1.2820e+01
1 -9.7081e+00 1.5315e+01 1.6329e+00 2.9533e+00 1.7313e+01 -5.9771e+00 -7.7555e+00 1.6419e+01 -6.2250e+00 1.7657e+00 1.8200e+01 -6.4339e+00 -4.4598e+00 1.9316e+01 5.6584e+00 -7.9480e+00 1.7449e+01 3.2928e-01 -8.6562e+00 1.7325e+01 3.2827e+00 -9.6492e+00 1.4994e+01 -4.1609e+00 -8.5202e+00 1.7876e+01 6.5182e-01 -9.7332e+00 1.8123e+01 4.8163e+00 -8.2212e+00 1.8604e+01 -8.4276e+00 -7.5347e+00 1.8037e+01 -2.9162e+00 -1.4210e+01 -1.2786e+01 -2.3655e+01 2.8376e+00 1.0800e+01 -3.2409e+01 -2.4172e+01 -2.6349e+01 -6.2547e+00 1.1526e+01 -3.4296e+01 -3.3218e+01 -1.9555e+01 -2.1245e+01 2.0159e+01 -5.8670e-01 -2.1167e+00 -2.2551e+01 9.6901e+00 2.3865e+00 -3.0975e+01 -2.9394e+01 2.4189e+01 -3.5142e+01 3.4016e+00 -2.7784e+01 -2.8752e+01 -2.5874e+01 9.5356e-01 7.8014e+00 -3.4560e+01 -2.7415e+01 -3.1611e+01 -3.0740e+01 -1.4926e+00 1.4654e+01 4.9373e+00 5.5241e+00 1.2077e+01 -7.6725e+00 -3.0271e+01 -2.9610e+01 -2.7404e+01 -7.9959e-01 1.0176e+01 -2.9851e+01 -2.9824e+01 -2.7250e+01 -4.8934e+00 1.0667e+01 -3.0510e+01 -2.8684e+01 -2.4975e+01 -5.4726e+00 1.2934e+01
2 -9.6279e+00 1.5039e+01 1.0283e+00 2.9649e-01 1.7524e+01 -6.5530e+00 -7.9520e+00 1.6317e+01 -5.7139e+00 -5.9993e+00 1.2443e+01 -4.9874e+00 -2.1180e+00 1.9139e+01 5.3087e+00 -8.1446e+00 1.7869e+01 1.4605e-01 -8.8149e+00 1.8062e+01 3.0567e+00 -9.6961e+00 1.5004e+01 -4.8357e+00 -8.4024e+00 1.7867e+01 8.5132e-01 -9.7437e+00 1.7765e+01 5.1627e+00 -6.7880e+00 1.8162e+01 -7.7604e+00 -8.3168e+00 1.5657e+01 -3.8035e+00 -1.4246e+01 -1.2552e+01 -2.3829e+01 2.1590e+00 1.1589e+01 -3.0823e+01 -2.1336e+01 -2.5933e+01 -9.4597e+00 1.5259e+01 -2.7235e+01 -2.4976e+01 -3.0323e+01 -3.2203e+01 8.5609e+00 -2.7770e+01 -2.7628e+00 1.0984e+01 1.8254e+01 1.6514e+01 -3.1087e+01 -2.9282e+01 2.3173e+01 -3.5223e+01 2.1888e+00 -2.8242e+01 -2.8319e+01 -2.7492e+01 3.7732e+00 5.0369e+00 -3.2396e+01 -2.5059e+01 -3.1091e+01 -2.9912e+01 -3.2831e+00 1.4955e+01 7.1904e+00 3.5525e+00 1.0239e+01 -4.2612e+00 -2.9076e+01 -2.9550e+01 -2.7799e+01 1.3698e-01 8.5503e+00 -2.9170e+01 -2.9980e+01 -2.6654e+01 -5.4849e+00 1.0729e+01 -3.4099e+01 -2.9736e+01 -3.2464e+01 -3.2077e+01 -1.8226e+00
3 -9.6991e+00 1.4998e+01 1.4662e+00 2.4635e+00 1.7479e+01 -6.0995e+00 -8.5771e+00 1.8689e+01 -6.3816e+00 -6.2871e+00 1.7948e+01 -3.7965e+00 -8.6945e+00 1.8796e+01 3.3892e+00 -8.1894e+00 1.7678e+01 1.1536e+00 -8.8149e+00 1.7158e+01 4.7304e+00 -9.5894e+00 1.3807e+01 -2.2363e+00 -8.6270e+00 1.7940e+01 3.4573e+00 -9.7349e+00 1.8326e+01 5.4542e+00 -7.9847e+00 1.8450e+01 -8.1602e+00 -7.3969e+00 1.8113e+01 -2.5870e+00 -1.3835e+01 -1.2458e+01 -2.3980e+01 3.3492e+00 1.0408e+01 -3.2530e+01 -2.4835e+01 -2.7075e+01 -4.3803e+00 9.8649e+00 1.2110e+01 1.2768e+01 1.3502e+01 1.4275e+01 2.2527e+01 -5.9733e+00 -8.0397e+00 -2.5214e+01 1.4945e+00 8.1591e+00 -3.0240e+01 -2.8504e+01 2.5077e+01 -3.4272e+01 4.1661e+00 -2.6207e+01 -2.8316e+01 -2.5430e+01 1.9432e+00 5.4295e+00 -3.5065e+01 -2.9770e+01 -2.9559e+01 -2.9717e+01 -1.8504e+00 3.2423e+00 -7.7619e+00 -2.5978e+01 -2.5567e-01 8.7537e+00 -2.8918e+01 -2.9062e+01 -2.7964e+01 1.9703e+00 7.3155e+00 -3.0315e+01 -2.9851e+01 -2.7108e+01 -6.4737e+00 1.2409e+01 -3.0559e+01 -2.8925e+01 -2.4424e+01 -7.1590e+00 1.4419e+01
4 -9.6633e+00 1.4941e+01 1.1725e+00 4.2465e-01 1.7514e+01 -6.4638e+00 -8.2416e+00 1.7253e+01 -6.1673e+00 -6.8170e+00 1.8622e+01 -3.8212e+00 -6.0197e+00 1.9105e+01 1.0125e+00 -8.3263e+00 1.8367e+01 2.2504e+00 -9.5235e+00 1.8574e+01 2.2933e+00 -7.6137e+00 1.8933e+01 -3.3743e+00 -9.0594e+00 1.7182e+01 3.0421e+00 -9.7451e+00 1.7972e+01 5.0748e+00 -8.3256e+00 1.8556e+01 -7.9158e+00 -7.4822e+00 1.8131e+01 -2.9174e+00 -1.2627e+01 -1.1439e+01 -2.4487e+01 3.3383e+00 1.0882e+01 -3.1549e+01 -2.2533e+01 -2.6954e+01 -8.4021e+00 1.3929e+01 -1.4074e+01 -9.2990e+00 -2.7318e+01 5.3800e+00 9.1492e+00 1.6592e+01 1.9152e+01 6.8947e+00 1.1609e+01 -2.1500e+01 -2.7458e+01 -2.7412e+01 2.3971e+01 -3.4940e+01 2.9316e+00 -3.0616e+01 -2.9360e+01 -2.8550e+01 -3.2372e+00 1.2011e+01 1.1548e+01 1.4408e+01 2.1808e+01 2.2257e+01 -1.1089e+01 1.1836e+01 7.3642e+00 8.8189e+00 1.1928e+01 -5.9315e+00 -2.6191e+01 -2.8377e+01 -2.7933e+01 8.8429e-01 7.9579e+00 -2.8817e+01 -2.9484e+01 -2.7361e+01 -5.3262e+00 1.1602e+01 -3.0299e+01 -2.8595e+01 -2.5075e+01 -5.5417e+00 1.2631e+01
5 -9.6755e+00 1.5124e+01 1.8004e+00 2.5080e+00 1.7393e+01 -5.9751e+00 -8.4773e+00 1.8461e+01 -6.2209e+00 1.1620e+01 1.0998e+01 -3.6326e+00 -7.8644e+00 1.8654e+01 5.0763e+00 -8.2023e+00 1.8102e+01 1.0032e-01 -8.7413e+00 1.7718e+01 2.8523e+00 -9.7140e+00 1.4983e+01 -5.0875e+00 -8.5474e+00 1.8021e+01 5.4922e-01 -9.7333e+00 1.8328e+01 4.7237e+00 -6.7610e+00 1.8212e+01 -8.3173e+00 -8.1683e+00 1.5021e+01 -3.6538e+00 -1.4207e+01 -1.2853e+01 -2.3780e+01 3.3104e+00 1.0447e+01 -3.2439e+01 -2.4308e+01 -2.7389e+01 -3.2992e+00 9.6803e+00 6.5351e+00 8.8714e+00 1.1641e+01 1.3662e+01 2.3992e+01 -1.0970e+01 -2.4754e+01 -4.4839e+00 -5.9377e-01 2.8814e+00 -3.0952e+01 -2.9188e+01 2.4053e+01 -3.4478e+01 3.8310e-01 -2.8144e+01 -2.8326e+01 -2.6335e+01 1.6801e+00 6.9143e+00 -3.3576e+01 -2.6363e+01 -3.1357e+01 -3.0370e+01 -1.8239e+00 1.5233e+01 6.8340e+00 6.5282e+00 1.3158e+01 -9.2525e+00 -2.7354e+01 -2.7564e+01 -2.7699e+01 1.0846e+00 8.2114e+00 -3.1129e+01 -3.0163e+01 -2.5891e+01 -7.7281e+00 1.1794e+01 -3.3863e+01 -2.8430e+01 -3.0755e+01 -2.9697e+01 -5.6709e+00
6 -9.6844e+00 1.4887e+01 1.2753e+00 2.0998e+00 1.7488e+01 -6.1395e+00 -6.0360e+00 1.3437e+01 -5.9259e+00 5.9434e+00 1.6871e+01 -7.2617e+00 -8.0472e+00 1.8637e+01 3.0361e+00 -8.0208e+00 1.8136e+01 2.7500e+00 -9.3150e+00 1.8448e+01 4.6230e+00 -8.2888e+00 1.8941e+01 -3.6627e+00 -9.0523e+00 1.7326e+01 3.2037e+00 -9.7393e+00 1.8233e+01 5.0403e+00 -8.2215e+00 1.8628e+01 -8.3340e+00 -7.4452e+00 1.8169e+01 -3.0925e+00 -1.3708e+01 -1.2579e+01 -2.3971e+01 3.3171e+00 1.0522e+01 -3.1718e+01 -2.2876e+01 -2.4045e+01 -8.4751e+00 1.4062e+01 -5.2902e+00 1.5068e+01 8.4001e+00 1.2386e+01 -1.0462e+01 -1.9107e+01 -2.6292e+01 -7.1401e+00 -1.6825e+00 9.1169e-01 -2.9687e+01 -2.8052e+01 2.4440e+01 -3.4097e+01 -2.3277e-01 -3.0443e+01 -2.9544e+01 -2.7678e+01 7.4144e-02 9.3257e+00 1.5268e+01 1.3813e+01 1.1580e+01 1.1745e+01 6.5444e+00 1.2649e+01 9.6266e+00 1.2571e+01 1.4067e+01 -8.9808e+00 -2.8237e+01 -2.9084e+01 -2.8137e+01 4.0851e-01 8.8948e+00 -3.0120e+01 -2.9927e+01 -2.7361e+01 -4.7662e+00 1.0649e+01 -3.0458e+01 -2.8667e+01 -2.4878e+01 -5.9801e+00 1.2878e+01
7 -6.9535e-01 1.9483e+01 -9.3383e+00 4.8781e+00 1.8821e+01 -6.4504e+00 -8.3302e+00 1.7637e+01 -5.1058e+00 -5.5253e+00 1.8246e+01 -3.9606e+00 -6.8034e+00 1.8755e+01 4.1538e+00 -8.2091e+00 1.8133e+01 6.5243e-01 -9.1745e+00 1.7553e+01 3.5310e+00 -9.3112e+00 1.8208e+01 1.5664e+00 -8.8509e+00 1.7957e+01 1.8992e+00 -9.7497e+00 1.8115e+01 5.4438e+00 -8.0635e+00 1.9149e+01 -6.6612e+00 -8.8375e+00 1.7780e+01 -4.8470e+00 9.6757e+00 9.7645e+00 -2.2259e+01 1.4787e+01 -2.0999e+01 -2.9087e+01 -2.3437e+01 -2.7992e+01 -5.1763e+00 1.2125e+01 -1.6505e+01 -1.0966e+01 -2.6264e+01 5.6157e+00 9.1788e+00 -7.2421e+00 3.1010e+00 5.1729e+00 1.4268e+01 1.4985e+01 -3.1333e+01 -2.9270e+01 2.4147e+01 -3.4605e+01 9.7732e-01 -2.7861e+01 -2.7888e+01 -2.6992e+01 2.0277e+00 6.9171e+00 -3.3122e+01 -3.0691e+01 -2.7373e+01 9.3588e-01 9.2765e+00 -6.5127e-01 -3.5069e+00 -2.5103e+01 -2.4378e+00 1.2897e+01 -3.0501e+01 -2.9994e+01 -2.8582e+01 2.3663e+00 6.0850e+00 -3.1318e+01 -3.0723e+01 -2.5784e+01 -6.9209e+00 8.5859e+00 1.6753e+01 1.5544e+01 -1.3309e+01 1.1916e+01 -1.0803e+01
8 -2.4646e+00 1.9486e+01 -9.3176e+00 -5.3704e+00 1.9078e+01 -6.5013e+00 5.5552e-01 1.7197e+01 -7.0793e+00 8.1298e+00 1.6811e+01 -6.3279e+00 -7.6520e+00 1.8743e+01 4.6052e+00 -8.2172e+00 1.7990e+01 6.3908e-01 -8.7237e+00 1.7288e+01 3.1220e+00 -9.6695e+00 1.5286e+01 -4.3904e+00 -8.7702e+00 1.7961e+01 6.8267e-01 -9.6958e+00 1.8420e+01 4.7540e+00 -8.4056e+00 1.9079e+01 -7.7484e+00 -8.1949e+00 1.8203e+01 3.6482e+00 1.3237e+01 1.4206e+01 -2.8639e+01 7.1396e+00 6.0359e+00 -2.5904e+01 -2.6923e+01 -2.4645e+01 -8.9108e-01 8.9059e+00 7.9940e+00 1.6787e+01 8.5639e+00 1.2514e+01 -9.8028e+00 -2.1535e+01 -2.7423e+01 -8.3011e+00 -3.5573e+00 4.0977e+00 -3.0001e+01 -2.8577e+01 2.4920e+01 -3.4282e+01 1.2706e+00 -2.6782e+01 -2.7632e+01 -2.5757e+01 1.1186e+00 7.0872e+00 -3.4457e+01 -2.7060e+01 -3.1993e+01 -3.1264e+01 -7.0968e-01 1.4854e+01 6.4510e+00 7.4424e+00 1.3697e+01 -9.9823e+00 -3.0455e+01 -2.9530e+01 -2.7622e+01 -2.4433e+00 1.1098e+01 -3.0887e+01 -2.9978e+01 -2.7962e+01 -7.2831e+00 1.0609e+01 1.6319e+01 1.4902e+01 -1.5211e+01 1.6921e+01 -1.5814e+01
9 -9.6589e+00 1.5182e+01 2.2232e+00 2.6077e+00 1.7777e+01 -5.3977e+00 -6.7748e+00 1.4425e+01 -6.1102e+00 -6.6621e+00 1.7181e+01 -5.3725e+00 -8.0758e+00 1.9091e+01 4.0009e+00 -7.7150e+00 1.7325e+01 1.6310e+00 -8.5027e+00 1.7136e+01 4.4482e+00 -9.6001e+00 1.4048e+01 -2.8022e+00 -8.9208e+00 1.7009e+01 -2.5339e-02 -9.7462e+00 1.8102e+01 4.3133e+00 -8.2619e+00 1.8250e+01 -8.2929e+00 -2.5914e+00 1.8724e+01 -6.1444e+00 -1.5781e+01 -1.2435e+01 -2.4251e+01 3.7309e+00 1.0605e+01 -3.1505e+01 -2.3408e+01 -2.6004e+01 -6.0823e+00 1.2855e+01 -1.9276e+01 2.3447e+00 6.3918e+00 1.4520e+01 1.5460e+01 -2.1391e+01 -2.4222e+01 -2.4871e+01 1.1204e+00 5.9409e+00 -2.9579e+01 -2.8475e+01 2.5172e+01 -3.4311e+01 4.3620e+00 -2.6932e+01 -2.8790e+01 -2.5464e+01 1.9469e+00 6.2521e+00 -3.4911e+01 -2.8662e+01 -3.0237e+01 -2.9509e+01 -2.6180e+00 -2.4829e+01 -3.0620e+00 9.2388e+00 1.9380e+01 1.8813e+01 -3.0452e+01 -2.9375e+01 -2.6642e+01 -2.2766e+00 1.1116e+01 -2.8030e+01 -2.8979e+01 -2.6391e+01 -6.9091e+00 1.2468e+01 1.1270e+01 1.6480e+01 1.0223e+01 1.2447e+01 -8.3042e+00
10 -9.7037e+00 1.5283e+01 1.5646e+00 3.0074e+00 1.7367e+01 -6.0380e+00 -7.5163e+00 1.6065e+01 -6.2079e+00 5.8297e+00 1.7434e+01 -5.9201e+00 5.8142e-02 1.8854e+01 7.2442e+00 -7.6102e+00 1.6859e+01 1.4277e+00 -9.3540e+00 1.5357e+01 5.5061e-01 -9.7406e+00 1.5174e+01 -5.2162e+00 -9.5168e+00 1.8651e+01 2.8140e-01 -9.7450e+00 1.8667e+01 6.1441e+00 -8.1304e+00 1.8383e+01 -8.0390e+00 -7.5309e+00 1.8292e+01 -2.6298e+00 -1.4222e+01 -1.2731e+01 -2.3470e+01 2.4922e+00 1.1079e+01 -3.2146e+01 -2.3802e+01 -2.6175e+01 -6.5327e+00 1.1890e+01 -3.3464e+01 -3.2167e+01 -1.6806e+01 -1.7718e+01 1.7781e+01 -3.5321e-01 -1.6444e+00 -2.5020e+01 1.0979e+01 2.5194e+00 -3.2206e+01 -2.8695e+01 2.3184e+01 -3.5023e+01 1.3795e+00 -3.4379e+01 -3.0787e+01 -2.8643e+01 -3.0711e+01 -6.0929e-01 -3.3580e+01 -2.8119e+01 -3.1187e+01 -3.0730e+01 -1.3481e+00 1.5308e+01 9.6173e+00 1.3819e+01 1.4831e+01 -1.1267e+01 9.6747e+00 8.1259e+00 1.2070e+01 -9.3564e+00 -2.1570e+01 -3.1413e+01 -3.0150e+01 -2.6859e+01 -6.6297e+00 1.2749e+01 -3.0614e+01 -2.8841e+01 -2.4484e+01 -7.5809e+00 1.4722e+01
11 -9.6863e+00 1.4430e+01 1.6020e+00 3.2334e+00 1.7436e+01 -5.9085e+00 -6.9649e+00 1.6218e+01 -6.6145e+00 9.2427e+00 1.5118e+01 -4.3729e+00 -8.1308e+00 1.8317e+01 4.2562e+00 -8.3320e+00 1.8156e+01 -1.8079e-01 -9.1740e+00 1.7606e+01 1.0772e+00 -9.7548e+00 1.6128e+01 -4.5739e+00 -7.7483e+00 1.8653e+01 4.8043e+00 -9.7428e+00 1.8335e+01 5.9354e+00 -6.7486e+00 1.8339e+01 -8.0901e+00 -8.3095e+00 1.5257e+01 -3.8422e+00 -1.1915e+01 -1.1381e+01 -2.4100e+01 3.3159e+00 1.0669e+01 -3.2022e+01 -2.3684e+01 -2.5593e+01 -4.0854e+00 9.3349e+00 -3.3304e+01 -3.3969e+01 -1.7442e+01 -1.8732e+01 1.9610e+01 -1.1880e+01 -2.3683e+01 -8.9998e-01 4.0701e-01 1.0423e+00 -3.1958e+01 -2.8780e+01 2.4812e+01 -3.4361e+01 1.2146e+00 -2.7827e+01 -2.8050e+01 -2.7166e+01 6.3682e-01 8.2001e+00 2.9484e+00 5.1294e+00 -1.2515e+00 1.5483e+01 6.7537e+00 1.6466e+01 1.4546e+01 -6.5823e-01 1.0556e+01 -2.6682e+01 -3.0776e+01 -2.9939e+01 -2.8534e+01 2.3136e+00 7.6681e+00 -3.0847e+01 -3.0191e+01 -2.5901e+01 -7.2273e+00 1.1789e+01 -3.3795e+01 -2.9320e+01 -3.1971e+01 -3.1159e+01 -3.8066e+00
12 -9.7310e+00 1.7581e+01 2.7352e+00 2.6856e+00 1.7945e+01 -5.5547e+00 -6.3605e+00 1.4210e+01 -6.4002e+00 -7.7288e+00 1.5692e+01 -3.7352e+00 -6.3395e+00 1.8929e+01 3.6151e+00 -8.0140e+00 1.7678e+01 -1.2781e+00 -9.0731e+00 1.7692e+01 1.4804e+00 -9.7243e+00 1.6250e+01 -4.3517e+00 -9.4228e+00 1.9256e+01 1.8901e+00 -9.7423e+00 1.8196e+01 6.9230e+00 -7.6393e+00 1.8309e+01 -7.9724e+00 3.1139e+00 1.8454e+01 -7.5681e+00 -1.9553e+01 -1.2600e+01 -2.4077e+01 3.9960e+00 1.0673e+01 -2.9485e+01 -2.0862e+01 -2.4786e+01 -6.6173e+00 1.2290e+01 1.2577e+01 2.0670e+01 2.4514e+00 1.2627e+01 1.4133e+01 1.3774e+01 6.6012e+00 2.0338e+01 1.9253e+01 -2.4329e+01 -2.8780e+01 -2.3973e+01 2.6263e+01 -3.1967e+01 -3.0723e+00 -2.8290e+01 -2.8635e+01 -2.5963e+01 -2.1999e+00 1.0521e+01 2.0558e+00 3.7699e+00 -1.8684e+00 1.5776e+01 6.2022e+00 1.3611e+01 1.6623e+01 -2.5739e+01 -4.4245e+00 1.5767e+01 8.5613e+00 7.4477e+00 1.3661e+01 -1.5023e+01 -1.8672e+01 -3.0694e+01 -3.0283e+01 -2.6348e+01 -6.6031e+00 1.2400e+01 1.1850e+01 1.5547e+01 9.1472e+00 1.1311e+01 -1.0826e+00
