frame G1:C1-C2 G1:C3-C4 G1:C1-CC G2:C1-C2 G2:C3-C4 G2:C1-CC C3:C1-C2 C3:C3-C4 C3:C1-CC A4:C1-C2 A4:C3-C4 A4:C1-CC C5:C1-C2 C5:C3-C4 C5:C1-CC G6:C1-C2 G6:C3-C4 G6:C1-CC A7:C1-C2 A7:C3-C4 A7:C1-CC A8:C1-C2 A8:C3-C4 A8:C1-CC G9:C1-C2 G9:C3-C4 G9:C1-CC G10:C1-C2 G10:C3-C4 G10:C1-CC U11:C1-C2 U11:C3-C4 U11:C1-CC G12:C1-C2 G12:C3-C4 G12:C1-CC C13:C1-C2 C13:C3-C4 C13:C1-CC C14:C1-C2 C14:C3-C4 C14:C1-CC G1:C4p-P-plus G1:C3p-P-plus G2:C4p-P G2:C5p-P G2:C5s-P G2:C4p-P-plus G2:C3p-P-plus C3:C4p-P C3:C5p-P C3:C5s-P C3:C4p-P-plus C3:C3p-P-plus A4:C4p-P A4:C5p-P A4:C5s-P A4:C4p-P-plus A4:C3p-P-plus C5:C4p-P C5:C5p-P C5:C5s-P C5:C4p-P-plus C5:C3p-P-plus G6:C4p-P G6:C5p-P G6:C5s-P G6:C4p-P-plus G6:C3p-P-plus A7:C4p-P A7:C5p-P A7:C5s-P A7:C4p-P-plus A7:C3p-P-plus A8:C4p-P A8:C5p-P A8:C5s-P A8:C4p-P-plus A8:C3p-P-plus G9:C4p-P G9:C5p-P G9:C5s-P G9:C4p-P-plus G9:C3p-P-plus G10:C4p-P G10:C5p-P G10:C5s-P G10:C4p-P-plus G10:C3p-P-plus U11:C4p-P U11:C5p-P U11:C5s-P U11:C4p-P-plus U11:C3p-P-plus G12:C4p-P G12:C5p-P G12:C5s-P G12:C4p-P-plus G12:C3p-P-plus C13:C4p-P C13:C5p-P C13:C5s-P C13:C4p-P-plus C13:C3p-P-plus C14:C4p-P C14:C5p-P C14:C5s-P
0 -5.9377e+00 1.2801e+01 -3.4102e+00 -3.0010e+00 8.6399e+00 -7.0837e-01 -6.9201e-01 1.5099e+01 -4.1538e+00 -9.5881e+00 1.2301e+01 6.1052e-01 -7.1124e+00 1.3601e+01 -1.9226e+00 1.2224e+01 -9.4919e+00 7.1186e+00 -7.5505e+00 1.1174e+01 7.4331e+00 1.6144e+01 -9.7547e+00 7.2556e-01 6.7650e-01 1.5195e+01 4.2490e+00 -8.5064e+00 7.5560e+00 -6.7430e+00 -5.9918e+00 1.3519e+01 -1.8285e+00 -5.8730e+00 1.3706e+01 2.0778e+00 -3.6533e+00 1.0935e+01 -1.0118e+00 2.0762e-01 1.3921e+01 -1.8203e+00 -2.9274e+01 -1.1013e+01 -5.3036e+00 -1.4399e+01 1.5608e+01 -6.6100e-01 1.0815e+01 -2.6852e+01 2.1616e+01 -1.6142e+01 -3.2353e+01 -1.7081e+01 -3.4233e+01 -2.7218e+00 1.4885e+01 -1.7914e+01 -2.1622e+01 -3.0922e+01 -1.6272e+01 2.0420e+01 1.4401e+01 5.1244e+00 -2.3166e+00 -3.5405e+01 1.5809e+00 7.9226e+00 -9.8613e+00 1.6371e+01 2.2346e+01 -6.5284e+00 -2.9857e+01 -1.5710e+01 -2.2725e+01 -2.0087e+01 1.0812e+01 -4.4074e+00 -1.6967e+01 -1.8158e+01 -2.6009e+01 2.0562e+01 1.5324e+01 1.8422e+01 -3.9589e+00 9.5385e+00 8.8341e+00 -2.8609e+01 -1.6100e+01 -1.0897e+01 1.1792e+00 -1.1919e+01 -3.5169e+01 -2.1707e+01 -1.7660e+01 8.8673e+00 -3.3526e+01 -3.2246e+01 -1.4008e+01 -1.3784e+01 -1.9607e+01 2.4792e+01 -2.5930e+01 -2.7162e+01 -3.1826e+01 1.4976e+01 -9.1282e+00
1 -5.7199e+00 1.3483e+01 -3.1534e+00 -3.3869e+00 1.1697e+01 -2.4420e+00 -2.8274e+00 1.3341e+01 -3.9214e+00 -9.5127e+00 1.3446e+01 6.5399e-01 -7.0363e+00 1.2185e+01 -2.0123e+00 1.2335e+01 -9.7469e+00 7.3689e+00 -7.9458e+00 1.2632e+01 7.4572e+00 1.5512e+01 -9.7549e+00 2.6063e-01 -2.1302e-01 1.5918e+01 3.8195e+00 -7.4792e+00 1.0786e+01 -6.1454e+00 -6.2256e+00 1.5196e+01 -1.3587e+00 -8.2265e+00 1.3264e+01 2.6529e+00 -1.9711e+00 1.3163e+01 -2.1826e+00 -2.9560e-01 1.4318e+01 -2.6241e+00 -2.8199e+01 -9.8425e+00 -6.1935e+00 -2.1066e+01 1.9063e+01 -1.7384e+01 -1.7444e+00 -2.9209e+01 1.7754e+01 -1.7844e+01 -3.1564e+01 -1.5418e+01 -3.5304e+01 -8.3773e+00 1.9390e+01 -2.3758e+01 -1.9192e+01 -2.6425e+01 -2.5698e+01 2.4316e+01 1.4492e+01 8.3821e+00 -4.6812e+00 -3.3458e+01 -2.9330e+00 5.9803e+00 -1.0040e+01 1.6152e+01 2.3100e+01 -8.9223e+00 -2.8921e+01 -1.5396e+01 -2.1375e+01 -2.0226e+01 9.4772e+00 -3.5490e+00 -1.8208e+01 -1.7450e+01 -2.5638e+01 2.0273e+01 1.5314e+01 7.1686e+00 -3.2672e+01 4.2558e+00 -7.8253e+00 -3.1119e+01 -1.0765e+01 -7.2768e+00 2.1845e+00 -1.5514e+01 -3.4555e+01 -2.2652e+01 -2.6721e+01 1.1586e+01 -1.6857e+01 -1.9991e+01 -9.1917e+00 -2.7639e+01 -1.3954e+00 1.6484e+01 -3.0885e+01 -2.6015e+01 -3.0608e+01 1.2870e+01 -5.6754e+00
2 -6.8149e+00 1.4246e+01 -2.9913e+00 -4.3081e+00 9.8022e+00 -4.2015e+00 -1.7169e+00 1.7006e+01 -4.3493e+00 -9.6377e+00 1.0546e+01 -6.4273e-01 -6.6562e+00 1.1995e+01 -1.6888e+00 1.2349e+01 -9.2841e+00 6.4803e+00 -8.7122e+00 1.2357e+01 6.8613e+00 1.1993e+01 -8.9452e+00 -2.6533e+00 -2.3001e+00 1.6862e+01 5.9791e+00 -8.2042e+00 1.1511e+01 -4.8503e+00 -6.1121e+00 1.3942e+01 -1.2413e+00 -8.6972e+00 1.4476e+01 9.0955e-01 -7.2369e+00 1.4928e+01 -2.2614e+00 4.2450e-02 1.2067e+01 -1.5542e+00 -2.9524e+01 -1.5042e+01 -5.0543e+00 -1.2710e+01 1.3735e+01 -3.0455e+00 1.0232e+01 -2.6018e+01 1.9399e+01 -1.2447e+01 8.0407e+00 1.1706e+01 4.2555e+00 1.7688e+01 1.0773e+01 -1.7317e+01 -1.9083e+01 -2.9434e+01 -2.0551e+01 2.2096e+01 1.6243e+01 6.7311e+00 1.1856e+00 -3.6098e+01 5.2239e+00 4.5748e+00 -5.8019e+00 1.8524e+01 2.0526e+01 -4.8118e+00 6.7115e+00 -1.3170e+01 -1.2576e+01 -8.9199e+00 6.1497e+00 -1.0751e+01 1.3137e+01 1.2245e+01 8.9509e+00 -2.9350e+01 1.3013e+01 6.1084e+00 -3.1762e+01 9.3302e-01 -6.0644e+00 -3.1091e+01 -1.0330e+01 -3.1048e+00 -4.8095e+00 -7.1788e+00 -3.4318e+01 -1.9593e+01 -1.9042e+01 -6.9115e+00 -3.0250e+01 -3.4133e+01 -1.8137e+01 -1.6292e+01 -1.5398e+01 2.3111e+01 -3.4267e+01 -2.7686e+01 -2.2556e+01 4.2483e+00 -9.7231e+00
3 -6.5849e+00 1.4946e+01 -2.5598e+00 -3.5593e+00 8.8242e+00 -2.6215e+00 2.5443e-01 1.4059e+01 -3.9345e+00 -9.5564e+00 1.3912e+01 6.4701e-01 -7.2815e+00 1.3075e+01 -1.9638e+00 1.2681e+01 -9.6086e+00 6.9258e+00 -8.6874e+00 1.2637e+01 7.1350e+00 1.1567e+01 -9.4645e+00 -2.2531e+00 -2.6642e+00 1.6996e+01 7.0870e+00 -8.0451e+00 9.2551e+00 -4.6206e+00 -4.5477e+00 1.2455e+01 -1.6672e+00 -8.1305e+00 1.2155e+01 1.9713e+00 -5.5996e+00 1.3026e+01 -1.0594e+00 -3.5466e-01 1.4138e+01 -2.5518e-01 -2.5351e+01 -8.1916e+00 -1.2197e+00 -1.7494e+01 1.7135e+01 -9.9583e+00 5.3068e+00 -2.2795e+01 1.9328e+01 -1.1393e+01 -3.1890e+01 -1.6178e+01 -3.4120e+01 -4.4032e+00 1.6063e+01 -2.4340e+01 -2.2449e+01 -2.9484e+01 -2.1059e+01 2.2251e+01 1.4155e+01 6.9811e+00 -2.0744e+00 -3.5813e+01 3.2571e+00 5.9215e+00 -7.5235e+00 1.6480e+01 2.1939e+01 -8.7579e+00 3.0748e+00 -1.4804e+01 -1.1904e+01 -7.1321e+00 4.5039e+00 -9.5414e+00 1.2954e+01 1.0257e+01 7.4524e+00 -2.9982e+01 1.3033e+01 6.0544e+00 -2.8209e+01 -6.0309e+00 -1.0216e+00 -2.7886e+01 -1.5005e+01 -1.4811e+01 -3.6417e-01 -4.7848e+00 -3.2440e+01 -1.2979e+01 -1.9953e+01 3.9616e+00 -3.5939e+01 -3.1315e+01 -1.6327e+01 -2.0803e+01 -1.4217e+01 2.2902e+01 -2.6735e+01 -2.6669e+01 -2.7898e+01 3.6417e+00 -2.4584e-01
4 -5.6257e+00 1.5845e+01 -2.4263e+00 -3.5089e+00 1.2287e+01 -1.8931e+00 -1.1681e+00 1.5926e+01 -2.4076e+00 -9.5299e+00 1.2350e+01 6.9676e-01 -6.7149e+00 1.3198e+01 -2.0662e+00 1.1899e+01 -9.5375e+00 7.5450e+00 -7.0598e+00 1.0682e+01 7.3554e+00 1.5991e+01 -9.7403e+00 8.8453e-01 -1.2108e+00 1.5937e+01 5.1852e+00 -8.5432e+00 9.9825e+00 -5.4771e+00 -4.0789e+00 1.1559e+01 -1.5758e+00 -8.6994e+00 1.2205e+01 1.3190e+00 -5.8221e+00 1.2722e+01 -1.8362e+00 7.1341e-01 1.3724e+01 -3.8204e+00 -2.3738e+01 -8.5259e+00 -5.3527e+00 -2.4851e+01 1.9775e+01 -1.7072e+01 8.3907e-01 -2.1927e+01 1.4844e+01 -7.2886e+00 -3.3916e+01 -2.3800e+01 -3.3545e+01 -3.4677e+01 5.6922e+00 -1.8305e+01 -2.2942e+01 -3.1169e+01 -1.4994e+01 1.9309e+01 1.3776e+01 2.1918e+00 -1.4009e+00 -3.4530e+01 -6.4272e-01 9.1576e+00 -5.7613e+00 1.6511e+01 2.0749e+01 -4.3130e+00 -2.9956e+01 -1.5604e+01 -2.4198e+01 -1.9396e+01 1.2415e+01 -7.5470e-01 -2.0283e+01 -1.4019e+01 -2.2061e+01 1.9890e+01 1.6140e+01 1.1349e+01 -2.3910e+01 6.5835e-01 2.1543e+00 -2.8631e+01 -1.1623e+01 -1.2847e+01 -1.6908e+01 1.2793e+01 -3.5264e+01 -1.8264e+01 -2.6733e+01 -8.6046e+00 -3.0016e+01 -2.8773e+01 -1.4224e+01 -2.2362e+01 -1.5632e+01 2.3623e+01 -2.3446e+01 -2.3687e+01 -3.0593e+01 1.3144e+01 -5.9180e+00
5 -6.3115e+00 1.3564e+01 -3.9781e+00 -3.7606e+00 9.6156e+00 -3.2607e+00 -7.7639e-01 1.5226e+01 -4.8907e+00 -9.5214e+00 1.2615e+01 5.4914e-02 -6.8132e+00 1.2811e+01 -2.1165e+00 1.3220e+01 -9.5810e+00 6.5868e+00 -7.4287e+00 1.0140e+01 6.2967e+00 1.2961e+01 -8.5320e+00 -1.5537e+00 -2.9533e+00 1.6307e+01 6.6155e+00 -8.6008e+00 1.0302e+01 -5.1447e+00 -3.3967e+00 1.1752e+01 -1.1490e+00 -8.3268e+00 1.1592e+01 1.0827e+00 -3.8947e+00 1.0547e+01 -1.7610e+00 2.3603e-01 1.5105e+01 -2.4840e+00 -2.9494e+01 -1.1380e+01 -3.6649e+00 -1.3575e+01 1.5284e+01 -6.1172e+00 8.0615e+00 -2.5411e+01 2.0537e+01 -1.3917e+01 -3.1049e+01 -1.6096e+01 -3.3005e+01 -2.5448e+00 1.4214e+01 -2.0012e+01 -2.2353e+01 -3.0755e+01 -1.6251e+01 1.9842e+01 1.6479e+01 8.6939e+00 5.6385e+00 -3.5843e+01 4.1129e+00 4.9678e+00 -5.2603e+00 2.1520e+01 2.0723e+01 -6.4778e+00 -2.8313e+01 -2.1923e+01 -3.1086e+01 -2.2061e+01 1.1439e+01 -8.0994e+00 1.4001e+01 9.0231e+00 7.4771e+00 -3.2205e+01 1.4229e+01 1.1896e+01 -1.7786e+01 7.9238e-01 6.2493e+00 -2.8436e+01 -1.6572e+01 -1.2655e+01 -1.2605e+01 7.6990e+00 -3.4047e+01 -2.6403e+01 -3.1941e+01 -3.0069e+01 -8.3818e+00 -3.4714e+01 -1.7140e+01 -1.7037e+01 -1.5243e+01 2.3299e+01 -2.4906e+01 -2.7875e+01 -3.2379e+01 1.4602e+01 -1.4947e+01
6 -5.6060e+00 1.4858e+01 -3.1299e+00 -3.6317e+00 1.2504e+01 -3.1665e+00 -1.5038e+00 1.2490e+01 -3.1373e+00 -9.5573e+00 1.3672e+01 5.1899e-01 -6.4413e+00 1.1178e+01 -1.8917e+00 1.2558e+01 -9.4639e+00 6.8552e+00 -6.9611e+00 1.0171e+01 7.0387e+00 1.7032e+01 -9.7404e+00 1.0007e+00 -9.7898e-01 1.5911e+01 6.1250e+00 -7.2005e+00 1.1168e+01 -5.6168e+00 -4.2440e+00 1.2794e+01 -1.3779e+00 -7.8449e+00 1.1417e+01 2.1161e+00 -3.7521e+00 1.4988e+01 -1.6586e+00 -4.7073e-02 1.3174e+01 -2.8034e+00 -2.3456e+01 -5.8520e+00 -9.6834e-01 -2.5320e+01 2.1919e+01 -2.7033e+01 -5.6563e+00 -2.2944e+01 1.6715e+01 -8.4085e+00 -3.4028e+01 -1.7841e+01 -3.0230e+01 -2.3502e+01 2.0285e+01 -2.6021e+01 -2.1880e+01 -2.7833e+01 -2.4547e+01 2.3329e+01 1.5321e+01 6.0327e+00 1.7157e+00 -3.6074e+01 4.5759e+00 6.4926e+00 -7.2285e+00 1.9604e+01 2.1801e+01 -5.8032e+00 -2.9662e+01 -1.6543e+01 -2.3888e+01 -1.9228e+01 1.1783e+01 -3.4151e+01 5.9750e+00 5.3268e+00 -2.1486e+01 1.4760e+01 -2.4909e+01 -2.7891e+01 -1.8754e+01 -1.7707e+01 7.2263e+00 -2.9018e+01 -1.2553e+01 -1.4829e+01 -1.1319e+01 8.6986e+00 -3.4882e+01 -1.9099e+01 -2.6400e+01 1.5061e+00 -3.4289e+01 -2.2880e+01 -8.9364e+00 -2.3689e+01 -5.4022e+00 1.8855e+01 -3.2189e+01 -2.3020e+01 -2.3833e+01 8.1042e+00 6.6903e+00
7 -6.3883e+00 1.4723e+01 -1.9192e+00 -2.3965e+00 8.4286e+00 -9.8050e-01 6.8037e-02 1.5347e+01 -4.2331e+00 -9.6246e+00 1.2333e+01 3.4062e-01 -6.5915e+00 1.3006e+01 -1.9277e+00 1.2437e+01 -9.5368e+00 7.0323e+00 -7.3370e+00 1.1312e+01 6.3964e+00 1.6201e+01 -9.6969e+00 9.2681e-01 -1.9840e+00 1.6784e+01 3.0771e+00 -7.8655e+00 1.0551e+01 -6.3960e+00 -2.0700e+00 1.3129e+01 -1.6917e+00 -6.4177e+00 1.1710e+01 2.8844e+00 -1.1581e+00 1.4647e+01 -1.2891e+00 6.3236e-01 1.3642e+01 -1.8284e+00 -2.7255e+01 -1.0132e+01 -3.6321e+00 -1.6949e+01 1.6505e+01 -3.0099e+00 1.1131e+01 -2.7567e+01 2.2187e+01 -1.7983e+01 -3.2397e+01 -1.7099e+01 -3.4774e+01 -8.1047e+00 1.9308e+01 -1.6803e+01 -2.7024e+01 -2.8378e+01 -8.5394e+00 1.2706e+01 6.2409e+00 1.7112e+00 2.1154e+01 -4.5948e+00 -3.2714e+01 4.0728e+00 -3.2364e+00 2.0350e+01 2.0273e+01 -4.4849e+00 -2.8584e+01 -1.5018e+01 -2.4065e+01 -1.9389e+01 1.2529e+01 -5.8566e+00 -1.8169e+01 -1.7542e+01 -2.4453e+01 2.1291e+01 -7.9721e+00 -2.1369e+01 -2.4266e+01 -2.1391e+01 2.1714e+01 -2.6865e+01 -1.3810e+01 -1.2856e+01 -1.7894e+00 -4.5964e+00 -3.5123e+01 -2.0561e+01 -2.9360e+01 1.0315e+01 -2.8299e+01 -2.8456e+01 -1.3515e+01 -2.2029e+01 -7.0876e+00 1.9556e+01 -3.2782e+01 -2.6773e+01 -2.9983e+01 1.3446e+01 -6.9197e+00
8 -6.0370e+00 1.4073e+01 -2.9525e+00 -2.6213e+00 9.5377e+00 -3.0036e+00 6.9504e-01 1.5005e+01 -4.0541e+00 -9.7123e+00 1.2542e+01 -6.6735e-01 -5.1240e+00 8.8530e+00 -2.4520e+00 1.4896e+01 -9.7284e+00 6.6100e+00 -7.5477e+00 9.6769e+00 6.2405e+00 1.6591e+01 -9.7541e+00 5.9734e-01 -7.1760e-01 1.5451e+01 4.2512e+00 -7.3590e+00 8.7276e+00 -6.6091e+00 -1.3306e+00 1.3482e+01 -1.3306e+00 -8.6573e+00 1.2354e+01 1.8583e+00 -6.1975e+00 1.4550e+01 -1.7638e+00 -2.8505e+00 1.2877e+01 -2.0902e+00 -2.9469e+01 -1.3788e+01 -5.6344e+00 -1.1553e+01 1.4993e+01 -4.2896e+00 1.0115e+01 -2.6427e+01 2.2204e+01 -1.6635e+01 1.1679e+01 -9.7914e-01 8.9510e+00 1.3247e+01 -1.3747e+01 -2.3299e+01 -2.2325e+01 -2.8316e+01 -2.1356e+01 2.2234e+01 1.5127e+01 7.6400e+00 2.0205e+01 -1.9834e+01 -1.9976e+01 8.2187e+00 -1.4182e+01 1.8352e+01 1.4591e+01 -1.7230e+01 -2.9463e+01 -1.7581e+01 -2.5244e+01 -1.7834e+01 1.2987e+01 -3.0660e+00 -1.8412e+01 -1.6106e+01 -2.4080e+01 2.0316e+01 1.6111e+01 1.0067e+01 -2.3654e+01 5.1006e+00 9.4495e-02 -2.6655e+01 -1.6486e+01 -1.4795e+01 -1.6045e+00 -4.0261e+00 -3.4154e+01 -1.8492e+01 -3.1499e+01 -1.4026e+01 -2.4766e+01 -3.4336e+01 -1.7499e+01 -1.8932e+01 -1.1863e+01 2.1724e+01 -3.3978e+01 -2.5225e+01 -2.6490e+01 4.0292e+00 5.6330e+00
9 -5.5668e+00 1.2837e+01 -4.7185e+00 -3.7788e+00 1.0009e+01 -4.3060e+00 6.8883e-01 1.3952e+01 -4.5816e+00 -9.6547e+00 1.2463e+01 -3.6973e-01 -6.1138e+00 1.0134e+01 -1.9008e+00 1.1391e+01 -9.1289e+00 6.7139e+00 -8.1374e+00 1.1795e+01 7.8273e+00 1.1705e+01 -9.0928e+00 -1.2793e+00 -2.6561e+00 1.7670e+01 5.4206e+00 -8.7202e+00 9.4849e+00 -5.2339e+00 -4.5478e+00 1.3717e+01 -1.4109e+00 -7.6864e+00 1.6432e+01 1.8546e+00 -4.3795e+00 1.4182e+01 -3.4466e+00 -2.5097e+00 1.3003e+01 -3.7338e+00 -3.0240e+01 -1.3110e+01 -5.6322e+00 -1.2067e+01 1.4140e+01 -9.2217e+00 6.1884e+00 -2.5169e+01 2.0919e+01 -1.4431e+01 9.6337e+00 2.3939e+00 5.5211e+00 1.3317e+01 6.1481e+00 -2.5800e+01 -2.1142e+01 -2.6666e+01 -2.6721e+01 2.4094e+01 1.6990e+01 8.6317e+00 8.0747e+00 -3.4784e+01 2.9952e-01 9.0074e+00 -8.5455e+00 1.4947e+01 2.0538e+01 -3.3875e+00 2.9301e+00 -1.5830e+01 -1.3852e+01 -8.3344e+00 4.9056e+00 -9.7419e+00 1.3642e+01 1.4154e+01 5.3964e+00 -3.0221e+01 1.3574e+01 1.0061e+01 -2.4880e+01 -6.4793e-01 1.7489e+00 -2.7045e+01 -1.8500e+01 -1.3117e+01 -8.4070e-01 -6.6557e+00 -3.5535e+01 -2.3842e+01 -2.0288e+01 8.5161e+00 -3.2428e+01 -2.9707e+01 -1.5680e+01 -1.9844e+01 -4.4566e+00 1.7278e+01 -3.4723e+01 -2.5443e+01 -2.7168e+01 9.5556e+00 -2.4177e+00
10 -6.4802e+00 1.4260e+01 -1.2374e-01 -3.0649e+00 8.8785e+00 9.9295e-01 1.2122e+00 1.4030e+01 -4.1760e+00 -9.5465e+00 1.4071e+01 5.1465e-01 -6.8480e+00 1.1854e+01 -1.9357e+00 1.4035e+01 -9.7174e+00 6.7608e+00 -8.2960e+00 1.0623e+01 7.5693e+00 1.6584e+01 -9.6942e+00 1.8811e+00 9.1194e-01 1.5341e+01 3.3398e+00 -8.7973e+00 1.0853e+01 -6.8167e+00 -4.6038e+00 1.2675e+01 -1.4093e+00 -5.5007e+00 1.4123e+01 2.3922e+00 -5.3283e+00 1.1729e+01 -6.6758e-01 -1.8659e+00 1.5861e+01 1.4266e+00 -2.8967e+01 -1.2261e+01 -6.5783e+00 -1.3883e+01 1.4699e+01 -4.4621e+00 9.6616e+00 -2.2275e+01 1.9261e+01 -1.1460e+01 -3.3185e+01 -1.8025e+01 -3.3148e+01 -6.6042e+00 1.5874e+01 -2.4763e+01 -2.1824e+01 -2.9342e+01 -2.2281e+01 2.2442e+01 1.4378e+01 6.7703e+00 6.0186e-01 -3.5760e+01 2.7018e+00 8.1755e+00 -1.5427e+01 1.6028e+01 1.8877e+01 -1.5946e+01 -2.7983e+01 -1.8569e+01 -2.4462e+01 -2.1965e+01 9.2568e+00 -1.0050e+01 -1.5419e+01 -2.1519e+01 -2.5418e+01 2.1086e+01 1.6813e+01 1.5405e+01 -1.6714e+01 4.1361e+00 6.2554e+00 -3.0001e+01 -1.4593e+01 -7.0859e+00 -4.6259e+00 -5.8172e+00 -3.5203e+01 -2.5783e+01 -2.6332e+01 8.0294e+00 -3.1764e+01 -2.9284e+01 -1.0999e+01 -1.1940e+01 -2.1414e+01 2.5347e+01 -2.2623e+01 -3.1329e+01 -1.6967e+01 8.4686e+00 -1.6272e+01
11 -5.7970e+00 1.4289e+01 -2.0025e+00 -3.9334e+00 1.0604e+01 -3.3236e+00 -1.8651e-01 1.4790e+01 -4.8600e+00 -9.5988e+00 1.4678e+01 5.2683e-01 -6.4386e+00 1.1520e+01 -2.7107e+00 1.2075e+01 -9.5214e+00 7.0941e+00 -6.7133e+00 1.0985e+01 6.2605e+00 1.2807e+01 -8.5167e+00 -1.8224e+00 -1.3518e+00 1.5929e+01 5.4686e+00 -8.2272e+00 8.5215e+00 -5.1198e+00 -4.5479e+00 1.4026e+01 -1.4369e+00 -7.8029e+00 1.3267e+01 3.0662e+00 -3.8342e+00 1.5020e+01 -2.4576e+00 -3.8101e+00 1.4252e+01 -1.7998e+00 -3.0069e+01 -1.3982e+01 -7.1727e+00 -9.7394e+00 1.2652e+01 -1.4510e+01 2.5057e+00 -2.1080e+01 1.7292e+01 -8.1906e+00 -3.0792e+01 -1.5101e+01 -3.3331e+01 -6.0358e+00 1.7368e+01 -2.5379e+01 -2.3438e+01 -2.9470e+01 -2.0273e+01 2.1743e+01 1.3574e+01 7.0939e+00 1.9181e+01 -1.5152e+01 -2.4439e+01 5.0486e+00 -3.6799e+00 2.0038e+01 2.0505e+01 -4.0131e+00 -2.9651e+01 -1.5807e+01 -2.5991e+01 -1.9884e+01 1.1705e+01 -9.6700e+00 1.4102e+01 1.4201e+01 7.6475e+00 -3.0691e+01 1.6228e+01 1.2973e+01 -1.6605e+01 4.1420e+00 5.7503e+00 -3.0753e+01 -1.8096e+01 -1.0236e+01 1.1105e+00 -1.2977e+01 -3.5096e+01 -2.2223e+01 -2.8057e+01 1.1570e+01 -2.5537e+01 -2.5017e+01 -1.2565e+01 -2.6064e+01 -3.7609e+00 1.7889e+01 -3.4751e+01 -2.5566e+01 -2.7896e+01 8.7087e+00 -8.7634e+00
12 -6.2956e+00 1.4435e+01 -3.0877e+00 -2.5185e+00 9.4145e+00 -3.8316e+00 -7.9229e-01 1.5192e+01 -4.9847e+00 -9.5310e+00 1.4241e+01 8.5182e-02 -7.1416e+00 1.3170e+01 -1.9745e+00 1.2703e+01 -9.7342e+00 6.8411e+00 -8.1869e+00 1.1028e+01 7.7687e+00 1.2587e+01 -8.5314e+00 -6.9125e-01 -1.5512e+00 1.6934e+01 6.0202e+00 -7.5278e+00 6.6957e+00 -4.7547e+00 -5.0619e+00 1.5009e+01 -1.4845e+00 -8.0408e+00 1.4888e+01 2.5752e+00 -5.1812e+00 1.3513e+01 -2.8159e+00 -3.0083e-01 1.2265e+01 -1.4272e+00 -2.9388e+01 -1.4100e+01 -5.0061e+00 -1.2445e+01 1.4446e+01 -1.2122e+00 1.1238e+01 -2.9960e+01 2.1873e+01 -2.0833e+01 -3.2098e+01 -1.6684e+01 -3.5458e+01 -1.0640e+01 2.0771e+01 -2.3746e+01 -2.2334e+01 -3.0457e+01 -2.0065e+01 2.1475e+01 1.4164e+01 7.5177e+00 -1.9307e+00 -3.2683e+01 -4.2218e+00 7.9774e+00 -1.6723e+01 1.5213e+01 2.2626e+01 -1.2172e+01 -2.8499e+01 -1.4655e+01 -2.3740e+01 -2.2257e+01 6.8561e+00 -8.4792e+00 1.4649e+01 1.2450e+01 4.9857e+00 -3.1554e+01 -2.2995e+01 -2.6784e+01 -2.3176e+01 -2.2178e+01 4.2365e+00 -3.0797e+01 -1.5666e+01 -8.3078e+00 3.3943e+00 -1.7332e+01 -3.3735e+01 -2.1445e+01 -2.8700e+01 -8.6610e+00 1.8825e+01 -3.3158e+01 -1.7774e+01 -2.0574e+01 -6.4864e+00 1.8757e+01 -3.4273e+01 -2.8675e+01 -2.5078e+01 1.0611e+01 -1.9667e+01
13 -6.4135e+00 1.4750e+01 -1.3441e+00 -2.3332e+00 8.6314e+00 -2.2841e+00 1.1572e+00 1.4031e+01 -4.3719e+00 -9.7070e+00 1.1018e+01 -1.6889e-01 -6.1884e+00 1.1448e+01 -2.0657e+00 1.2472e+01 -9.7400e+00 7.0230e+00 -8.8802e+00 1.1716e+01 8.3342e+00 1.6087e+01 -9.7081e+00 6.3454e-01 -1.9778e-01 1.5390e+01 4.0808e+00 -8.4241e+00 9.2885e+00 -6.4723e+00 -5.3047e+00 1.4367e+01 -2.5134e+00 -4.1255e+00 1.0197e+01 2.7900e+00 2.8414e-01 1.4256e+01 -8.5411e-01 9.5299e-01 1.2917e+01 -1.5914e+00 -2.7649e+01 -1.0728e+01 -2.2740e+00 -1.3843e+01 1.6636e+01 -1.1390e+01 4.9512e+00 -2.4777e+01 2.0944e+01 -1.3788e+01 -4.1466e-01 -1.1203e+01 2.1062e+00 7.5746e+00 6.7797e+00 -1.8982e+01 -2.1416e+01 -3.0424e+01 -1.9204e+01 2.1395e+01 1.4849e+01 6.2777e+00 -5.0795e-02 -3.3429e+01 -2.8831e+00 8.3047e+00 -1.3339e+01 1.4152e+01 2.1789e+01 -1.2175e+01 9.0372e+00 -1.7076e+01 -1.3835e+01 -1.0955e+01 8.2183e+00 -1.2191e+00 -1.9244e+01 -1.4989e+01 -2.3934e+01 2.0157e+01 1.6578e+01 1.2438e+01 -2.0589e+01 6.4888e-01 4.7037e+00 -2.0274e+01 -1.2097e+01 -1.8522e+01 3.3155e+00 -8.0446e+00 -3.3402e+01 -1.8582e+01 -2.4783e+01 -1.2618e+01 1.9421e+01 -2.0642e+01 -1.2187e+01 -2.6591e+01 -3.9928e+00 1.8264e+01 -3.3913e+01 -2.4913e+01 -2.9811e+01 1.2243e+01 -4.1204e+00
14 -7.4262e+00 1.5657e+01 -1.9474e+00 -1.3965e+00 1.0612e+01 -2.5735e+00 -7.0811e-01 1.5769e+01 -2.2875e+00 -9.6261e+00 1.2442e+01 -3.7597e-01 -6.4117e+00 1.1817e+01 -1.7865e+00 1.4061e+01 -9.7055e+00 6.7544e+00 -6.4943e+00 1.3558e+01 6.4863e+00 1.2720e+01 -8.9170e+00 -1.4659e+00 -2.6685e+00 1.6204e+01 5.9904e+00 -8.2202e+00 1.0797e+01 -5.0773e+00 -2.4514e+00 1.2175e+01 -1.4587e+00 -7.6713e+00 8.5308e+00 2.3609e+00 1.4740e-01 1.2726e+01 -1.7285e+00 -9.4726e-03 1.4896e+01 -9.9199e-01 -2.5605e+01 -1.1242e+01 -3.4590e+00 -2.3117e+01 1.9989e+01 -2.4016e+01 -2.9464e+00 -2.4035e+01 1.6456e+01 -8.4024e+00 -3.1699e+01 -1.8255e+01 -3.0887e+01 -3.1489e+01 2.8391e+00 -1.9381e+01 -2.1739e+01 -3.1039e+01 -1.7818e+01 2.1038e+01 1.6088e+01 7.6162e+00 1.4950e+01 -2.7307e+01 -1.1286e+01 2.3375e+01 6.8432e+00 -7.4644e+00 -1.2942e+01 5.0649e+00 -2.9092e+01 -1.4806e+01 -2.3915e+01 -2.0913e+01 1.0013e+01 -8.2369e+00 1.3832e+01 1.1410e+01 6.1607e+00 -3.2575e+01 1.4076e+01 8.8686e+00 -2.5359e+01 -1.1707e-01 1.5843e+00 -2.8949e+01 -1.6453e+01 -1.2235e+01 -4.1447e+00 -2.3019e+00 -3.2593e+01 -1.2904e+01 -2.7489e+01 -1.5515e+01 -2.4464e+01 -1.7477e+01 -6.4690e+00 -2.4455e+01 -3.0514e+00 1.7807e+01 -3.2398e+01 -2.6176e+01 -2.9447e+01 1.1807e+01 -1.1516e+01
15 -7.1438e+00 1.4289e+01 -2.1946e+00 -5.1789e+00 1.3118e+01 -3.6461e+00 -2.0970e+00 1.3487e+01 -4.3080e+00 -9.6003e+00 1.2582e+01 1.0749e+00 -7.2735e+00 1.3137e+01 -2.1332e+00 1.2065e+01 -9.6400e+00 7.1717e+00 -7.1133e+00 1.1656e+01 5.1830e+00 1.5865e+01 -9.7544e+00 4.2205e-02 -2.8060e-01 1.6851e+01 4.4523e+00 -8.2300e+00 1.0870e+01 -5.0677e+00 -6.8024e+00 1.5161e+01 -2.2752e+00 -8.5009e+00 1.4049e+01 1.5213e+00 -6.5213e+00 1.3718e+01 -1.8209e+00 -3.8938e+00 1.3912e+01 -2.8638e+00 -2.8521e+01 -1.2913e+01 -7.1817e+00 -1.8568e+01 1.7629e+01 -2.5219e+01 -4.4488e+00 -1.4943e+01 7.8308e+00 2.2374e+00 -2.8457e+01 -1.4140e+01 -3.3721e+01 1.3654e+00 1.0608e+01 -1.8858e+01 -2.2293e+01 -3.0592e+01 -1.6334e+01 2.0402e+01 1.4406e+01 6.4782e+00 -7.2458e-01 -3.4720e+01 -3.0539e-01 -1.3486e+01 3.3471e+00 2.5492e+01 1.5394e+01 1.0028e+00 -2.9495e+01 -1.7117e+01 -2.4955e+01 -1.9197e+01 1.2817e+01 -3.3388e+01 5.5596e+00 6.3310e+00 -2.1161e+01 1.5958e+01 -1.1431e+01 -2.3789e+01 -2.8465e+01 -1.7160e+01 1.9884e+01 -2.7203e+01 -1.3667e+01 -1.6537e+01 3.2134e+00 -1.0786e+01 -3.3188e+01 -1.9517e+01 -2.0069e+01 1.0106e+01 -2.8901e+01 -3.3704e+01 -1.7157e+01 -1.8063e+01 -2.2182e+01 2.5332e+01 -3.1120e+01 -2.5049e+01 -2.9787e+01 1.1987e+01 -1.5810e+00
16 -7.7109e+00 1.3741e+01 3.8549e+00 -3.0283e+00 8.3741e+00 1.6008e+00 -5.8768e-03 1.4499e+01 -3.8290e+00 -9.5881e+00 1.4245e+01 9.3274e-01 -7.2896e+00 1.2331e+01 -1.9865e+00 1.0703e+01 -9.5672e+00 7.8652e+00 -6.4395e+00 1.2338e+01 6.0083e+00 1.6514e+01 -9.7521e+00 8.8178e-01 -1.2705e-01 1.6321e+01 5.6977e+00 -7.5571e+00 1.1038e+01 -5.3750e+00 -4.4398e+00 1.2657e+01 -1.8403e+00 -7.2019e+00 1.4947e+01 1.9483e+00 -5.7054e+00 1.3111e+01 -1.3398e+00 -3.6541e+00 1.4271e+01 5.7934e-02 -2.9898e+01 -1.5610e+01 -8.7500e+00 -9.2810e+00 1.2382e+01 -1.1704e+01 5.8282e+00 -2.4083e+01 1.9877e+01 -1.2060e+01 -3.2541e+01 -1.7331e+01 -3.3651e+01 -8.3196e-01 1.2468e+01 -2.6042e+01 -2.0892e+01 -2.7442e+01 -2.5553e+01 2.4017e+01 1.4554e+01 7.3551e+00 -3.3874e+00 -3.3689e+01 -2.7262e+00 8.0774e+00 2.1069e+00 1.7813e+01 1.5887e+01 1.5388e+00 -2.9097e+01 -1.5679e+01 -2.3392e+01 -1.9708e+01 1.2335e+01 -3.2899e+01 5.4183e+00 5.3504e+00 -2.2302e+01 1.5387e+01 -2.2532e+01 -2.8548e+01 -2.3687e+01 -2.2906e+01 9.0199e+00 -3.1285e+01 -1.2226e+01 -6.4284e+00 -1.7847e+00 -9.3821e+00 -3.5745e+01 -2.3259e+01 -2.2907e+01 8.5583e+00 -3.2827e+01 -3.3253e+01 -1.7300e+01 -1.5497e+01 -1.5920e+01 2.3294e+01 -3.4900e+01 -2.6054e+01 -1.9985e+01 9.5674e+00 -2.3404e+01
17 -6.9987e+00 1.4947e+01 -1.3988e+00 -3.3882e+00 9.1722e+00 -1.9125e+00 8.9061e-01 1.3785e+01 -3.3449e+00 -9.5506e+00 1.3845e+01 1.0983e+00 -6.9729e+00 1.2794e+01 -1.7608e+00 1.2534e+01 -9.7513e+00 7.1930e+00 -8.1936e+00 1.4667e+01 7.4932e+00 1.1116e+01 -8.5715e+00 -1.8758e+00 -3.3665e+00 1.6257e+01 6.9786e+00 -7.9642e+00 6.7314e+00 -5.5993e+00 -5.0791e+00 1.3534e+01 -1.4046e+00 -8.1524e+00 1.3312e+01 2.6044e+00 -6.1246e+00 1.3251e+01 -2.2224e+00 5.2942e-01 1.3345e+01 -3.2397e+00 -2.7777e+01 -1.2337e+01 -4.3277e+00 -1.4007e+01 1.5668e+01 -1.2574e+01 3.6768e+00 -2.2967e+01 1.9065e+01 -1.0812e+01 -3.3423e+01 -1.7467e+01 -3.2796e+01 -1.2957e+01 1.9429e+01 -2.6345e+01 -2.1037e+01 -2.8936e+01 -2.4201e+01 2.3571e+01 1.2110e+00 -7.1300e+00 1.7754e+01 4.0100e+00 -3.5875e+01 2.2628e+01 5.8285e+00 -1.3486e+01 -1.3841e+01 6.9713e+00 -7.2904e-01 -1.9711e+01 -1.3420e+01 -1.0731e+01 8.0160e+00 -1.1579e+01 1.3599e+01 1.1635e+01 8.0778e+00 -2.9299e+01 -2.2836e+01 -2.7130e+01 -2.3739e+01 -2.3306e+01 3.4032e+00 -2.7548e+01 -1.8977e+01 -1.1732e+01 2.5920e+00 -1.4110e+01 -3.5393e+01 -2.1999e+01 -2.4502e+01 1.0424e+01 -2.9025e+01 -3.4080e+01 -1.7173e+01 -1.7553e+01 -1.2136e+01 2.1440e+01 -2.8840e+01 -2.8197e+01 -2.9906e+01 1.2107e+01 -1.0625e+01
18 -5.9317e+00 1.3902e+01 -2.5688e+00 -3.7079e+00 1.1429e+01 -2.7317e+00 1.2336e+00 1.4144e+01 -4.2359e+00 -9.6485e+00 1.2984e+01 3.5549e-01 -6.5579e+00 1.0945e+01 -1.7257e+00 1.1902e+01 -9.6184e+00 7.1146e+00 -7.0650e+00 1.1491e+01 5.9392e+00 1.1639e+01 -8.0244e+00 -2.7261e+00 1.0438e+00 1.5801e+01 4.6889e+00 -7.0552e+00 1.3006e+01 -5.3003e+00 -5.9772e+00 1.4845e+01 -1.5588e+00 -8.2639e+00 1.2064e+01 1.5184e+00 -5.9868e+00 1.2777e+01 -1.5293e+00 3.8729e-01 1.4554e+01 -1.4652e+00 -2.7740e+01 -1.0565e+01 -6.1985e+00 -1.9780e+01 1.7855e+01 -1.7696e+01 1.0223e+00 -1.9903e+01 1.5243e+01 -6.3231e+00 -3.2570e+01 -1.6865e+01 -3.4206e+01 -2.1939e+00 1.3374e+01 -2.5590e+01 -1.9831e+01 -2.5588e+01 -2.7564e+01 2.4357e+01 1.5586e+01 1.0803e+01 1.8546e+01 -1.4310e+01 -2.4979e+01 -2.7764e+00 -3.6120e+00 2.2216e+01 1.9655e+01 -2.6709e+00 -2.8718e+01 -1.6846e+01 -2.6935e+01 -2.1865e+01 1.0751e+01 -1.0600e+01 1.4369e+01 1.6835e+01 5.9965e+00 -2.9205e+01 -2.6342e+01 -2.9107e+01 -1.3342e+01 -1.3526e+01 4.6875e+00 -2.9527e+01 -1.1498e+01 -7.5013e+00 5.8609e-01 -1.3102e+01 -3.3139e+01 -1.8918e+01 -2.3760e+01 7.5991e-01 -3.5046e+01 -3.3102e+01 -1.7630e+01 -2.2541e+01 -1.7757e+01 2.4237e+01 -2.3676e+01 -2.6691e+01 -2.9344e+01 1.2156e+01 -1.5259e+01
19 -8.2951e+00 1.5923e+01 -1.5794e+00 -3.6708e+00 1.2283e+01 -4.3104e+00 -2.1707e+00 1.4988e+01 -4.2587e+00 -9.6166e+00 1.2168e+01 1.2550e+00 -7.1076e+00 1.4357e+01 -1.6411e+00 1.4119e+01 -9.7260e+00 6.3923e+00 -5.6198e+00 1.3464e+01 6.3927e+00 1.2101e+01 -8.5370e+00 -1.1107e+00 -9.2190e-01 1.5671e+01 6.1613e+00 -7.6453e+00 1.1601e+01 -5.6714e+00 -3.1684e+00 1.1493e+01 -1.0540e+00 -7.5453e+00 1.2845e+01 7.3257e-01 -1.9902e-01 1.3112e+01 -2.8115e+00 4.0886e-01 1.4783e+01 -1.6979e+00 -2.8728e+01 -1.6590e+01 -7.7625e+00 -2.0407e+01 1.6122e+01 -2.3909e+01 -3.3088e+00 -2.2151e+01 1.6347e+01 -7.2170e+00 -3.1007e+01 -1.5625e+01 -3.4631e+01 -5.8021e+00 1.7091e+01 -1.7120e+01 -2.2124e+01 -3.0987e+01 -1.5172e+01 1.9211e+01 1.3661e+01 5.7144e+00 -5.2825e-01 -3.5537e+01 1.9760e+00 2.3792e+01 6.9600e+00 -5.9885e+00 -1.3218e+01 4.9055e+00 -3.0111e+01 -1.6961e+01 -2.6885e+01 -2.1761e+01 1.1122e+01 -9.7204e+00 1.4511e+01 1.1625e+01 6.0825e+00 -3.2303e+01 -2.4904e+01 -2.7722e+01 -1.7436e+01 -1.6312e+01 9.2466e+00 -3.0726e+01 -1.5547e+01 -1.1501e+01 -7.0064e+00 3.3232e+00 -2.7773e+01 -2.8347e+01 -3.1481e+01 -3.6054e+01 6.2975e+00 -2.6334e+01 -1.2134e+01 -1.9399e+01 -8.9080e+00 2.0527e+01 -3.4264e+01 -2.5188e+01 -2.8879e+01 1.0887e+01 -1.1228e+01
