frame G1:C1-C2 G1:C3-C4 G1:C1-CC G2:C1-C2 G2:C3-C4 G2:C1-CC C3:C1-C2 C3:C3-C4 C3:C1-CC A4:C1-C2 A4:C3-C4 A4:C1-CC C5:C1-C2 C5:C3-C4 C5:C1-CC G6:C1-C2 G6:C3-C4 G6:C1-CC A7:C1-C2 A7:C3-C4 A7:C1-CC A8:C1-C2 A8:C3-C4 A8:C1-CC G9:C1-C2 G9:C3-C4 G9:C1-CC G10:C1-C2 G10:C3-C4 G10:C1-CC U11:C1-C2 U11:C3-C4 U11:C1-CC G12:C1-C2 G12:C3-C4 G12:C1-CC C13:C1-C2 C13:C3-C4 C13:C1-CC C14:C1-C2 C14:C3-C4 C14:C1-CC G1:C4p-P-plus G1:C3p-P-plus G2:C4p-P G2:C5p-P G2:C5s-P G2:C4p-P-plus G2:C3p-P-plus C3:C4p-P C3:C5p-P C3:C5s-P C3:C4p-P-plus C3:C3p-P-plus A4:C4p-P A4:C5p-P A4:C5s-P A4:C4p-P-plus A4:C3p-P-plus C5:C4p-P C5:C5p-P C5:C5s-P C5:C4p-P-plus C5:C3p-P-plus G6:C4p-P G6:C5p-P G6:C5s-P G6:C4p-P-plus G6:C3p-P-plus A7:C4p-P A7:C5p-P A7:C5s-P A7:C4p-P-plus A7:C3p-P-plus A8:C4p-P A8:C5p-P A8:C5s-P A8:C4p-P-plus A8:C3p-P-plus G9:C4p-P G9:C5p-P G9:C5s-P G9:C4p-P-plus G9:C3p-P-plus G10:C4p-P G10:C5p-P G10:C5s-P G10:C4p-P-plus G10:C3p-P-plus U11:C4p-P U11:C5p-P U11:C5s-P U11:C4p-P-plus U11:C3p-P-plus G12:C4p-P G12:C5p-P G12:C5s-P G12:C4p-P-plus G12:C3p-P-plus C13:C4p-P C13:C5p-P C13:C5s-P C13:C4p-P-plus C13:C3p-P-plus C14:C4p-P C14:C5p-P C14:C5s-P
0 -5.9377e+00 1.2801e+01 -3.4102e+00 -3.0010e+00 8.6399e+00 -7.0837e-01 -6.9201e-01 1.5099e+01 -4.1538e+00 -9.5881e+00 1.2301e+01 6.1052e-01 -7.1124e+00 1.3601e+01 -1.9226e+00 1.2224e+01 -9.4919e+00 7.1186e+00 -7.5505e+00 1.1174e+01 7.4331e+00 1.6144e+01 -9.7547e+00 7.2556e-01 6.7650e-01 1.5195e+01 4.2490e+00 -8.5064e+00 7.5560e+00 -6.7430e+00 -5.9918e+00 1.3519e+01 -1.8285e+00 -5.8730e+00 1.3706e+01 2.0778e+00 -3.6533e+00 1.0935e+01 -1.0118e+00 2.0762e-01 1.3921e+01 -1.8203e+00 -1.8496e+01 -6.9584e+00 -3.3510e+00 -9.0980e+00 9.8619e+00 -4.1764e-01 6.8331e+00 -1.6966e+01 1.3658e+01 -1.0199e+01 -2.0442e+01 -1.0792e+01 -2.1630e+01 -1.7197e+00 9.4048e+00 -1.1319e+01 -1.3662e+01 -1.9537e+01 -1.0281e+01 1.2902e+01 9.0991e+00 3.2378e+00 -1.4637e+00 -2.2370e+01 9.9887e-01 5.0058e+00 -6.2308e+00 1.0344e+01 1.4119e+01 -4.1249e+00 -1.8865e+01 -9.9260e+00 -1.4358e+01 -1.2692e+01 6.8313e+00 -2.7848e+00 -1.0720e+01 -1.1473e+01 -1.6433e+01 1.2992e+01 9.6821e+00 1.1640e+01 -2.5014e+00 6.0268e+00 5.5817e+00 -1.8076e+01 -1.0173e+01 -6.8854e+00 7.4504e-01 -7.5310e+00 -2.2221e+01 -1.3715e+01 -1.1158e+01 5.6027e+00 -2.1183e+01 -2.0374e+01 -8.8507e+00 -8.7092e+00 -1.2389e+01 1.5665e+01 -1.6384e+01 -1.7162e+01 -2.0109e+01 9.4626e+00 -5.7675e+00
1 -5.7199e+00 1.3483e+01 -3.1534e+00 -3.3869e+00 1.1697e+01 -2.4420e+00 -2.8274e+00 1.3341e+01 -3.9214e+00 -9.5127e+00 1.3446e+01 6.5399e-01 -7.0363e+00 1.2185e+01 -2.0123e+00 1.2335e+01 -9.7469e+00 7.3689e+00 -7.9458e+00 1.2632e+01 7.4572e+00 1.5512e+01 -9.7549e+00 2.6063e-01 -2.1302e-01 1.5918e+01 3.8195e+00 -7.4792e+00 1.0786e+01 -6.1454e+00 -6.2256e+00 1.5196e+01 -1.3587e+00 -8.2265e+00 1.3264e+01 2.6529e+00 -1.9711e+00 1.3163e+01 -2.1826e+00 -2.9560e-01 1.4318e+01 -2.6241e+00 -1.7817e+01 -6.2189e+00 -3.9133e+00 -1.3310e+01 1.2045e+01 -1.0984e+01 -1.1022e+00 -1.8455e+01 1.1218e+01 -1.1274e+01 -1.9943e+01 -9.7417e+00 -2.2306e+01 -5.2931e+00 1.2251e+01 -1.5011e+01 -1.2126e+01 -1.6696e+01 -1.6237e+01 1.5364e+01 9.1564e+00 5.2962e+00 -2.9577e+00 -2.1140e+01 -1.8532e+00 3.7786e+00 -6.3433e+00 1.0206e+01 1.4595e+01 -5.6375e+00 -1.8274e+01 -9.7281e+00 -1.3505e+01 -1.2780e+01 5.9881e+00 -2.2424e+00 -1.1504e+01 -1.1026e+01 -1.6199e+01 1.2809e+01 9.6759e+00 4.5294e+00 -2.0643e+01 2.6890e+00 -4.9443e+00 -1.9662e+01 -6.8017e+00 -4.5978e+00 1.3803e+00 -9.8023e+00 -2.1833e+01 -1.4312e+01 -1.6883e+01 7.3207e+00 -1.0651e+01 -1.2631e+01 -5.8077e+00 -1.7463e+01 -8.8167e-01 1.0415e+01 -1.9514e+01 -1.6437e+01 -1.9339e+01 8.1320e+00 -3.5859e+00
2 -6.8149e+00 1.4246e+01 -2.9913e+00 -4.3081e+00 9.8022e+00 -4.2015e+00 -1.7169e+00 1.7006e+01 -4.3493e+00 -9.6377e+00 1.0546e+01 -6.4273e-01 -6.6562e+00 1.1995e+01 -1.6888e+00 1.2349e+01 -9.2841e+00 6.4803e+00 -8.7122e+00 1.2357e+01 6.8613e+00 1.1993e+01 -8.9452e+00 -2.6533e+00 -2.3001e+00 1.6862e+01 5.9791e+00 -8.2042e+00 1.1511e+01 -4.8503e+00 -6.1121e+00 1.3942e+01 -1.2413e+00 -8.6972e+00 1.4476e+01 9.0955e-01 -7.2369e+00 1.4928e+01 -2.2614e+00 4.2450e-02 1.2067e+01 -1.5542e+00 -1.8654e+01 -9.5042e+00 -3.1935e+00 -8.0305e+00 8.6784e+00 -1.9243e+00 6.4648e+00 -1.6439e+01 1.2257e+01 -7.8646e+00 5.0804e+00 7.3962e+00 2.6888e+00 1.1176e+01 6.8068e+00 -1.0942e+01 -1.2057e+01 -1.8597e+01 -1.2985e+01 1.3961e+01 1.0263e+01 4.2530e+00 7.4912e-01 -2.2808e+01 3.3007e+00 2.8906e+00 -3.6659e+00 1.1704e+01 1.2969e+01 -3.0403e+00 4.2406e+00 -8.3214e+00 -7.9457e+00 -5.6359e+00 3.8856e+00 -6.7926e+00 8.3005e+00 7.7369e+00 5.6555e+00 -1.8545e+01 8.2223e+00 3.8595e+00 -2.0068e+01 5.8952e-01 -3.8317e+00 -1.9645e+01 -6.5271e+00 -1.9617e+00 -3.0388e+00 -4.5358e+00 -2.1684e+01 -1.2380e+01 -1.2032e+01 -4.3670e+00 -1.9113e+01 -2.1567e+01 -1.1460e+01 -1.0294e+01 -9.7291e+00 1.4602e+01 -2.1651e+01 -1.7493e+01 -1.4252e+01 2.6843e+00 -6.1434e+00
3 -6.5849e+00 1.4946e+01 -2.5598e+00 -3.5593e+00 8.8242e+00 -2.6215e+00 2.5443e-01 1.4059e+01 -3.9345e+00 -9.5564e+00 1.3912e+01 6.4701e-01 -7.2815e+00 1.3075e+01 -1.9638e+00 1.2681e+01 -9.6086e+00 6.9258e+00 -8.6874e+00 1.2637e+01 7.1350e+00 1.1567e+01 -9.4645e+00 -2.2531e+00 -2.6642e+00 1.6996e+01 7.0870e+00 -8.0451e+00 9.2551e+00 -4.6206e+00 -4.5477e+00 1.2455e+01 -1.6672e+00 -8.1305e+00 1.2155e+01 1.9713e+00 -5.5996e+00 1.3026e+01 -1.0594e+00 -3.5466e-01 1.4138e+01 -2.5518e-01 -1.6018e+01 -5.1757e+00 -7.7064e-01 -1.1053e+01 1.0827e+01 -6.2921e+00 3.3530e+00 -1.4403e+01 1.2212e+01 -7.1984e+00 -2.0149e+01 -1.0222e+01 -2.1558e+01 -2.7821e+00 1.0149e+01 -1.5379e+01 -1.4184e+01 -1.8629e+01 -1.3306e+01 1.4059e+01 8.9439e+00 4.4109e+00 -1.3107e+00 -2.2628e+01 2.0579e+00 3.7414e+00 -4.7536e+00 1.0413e+01 1.3862e+01 -5.5336e+00 1.9428e+00 -9.3536e+00 -7.5217e+00 -4.5063e+00 2.8458e+00 -6.0286e+00 8.1849e+00 6.4808e+00 4.7087e+00 -1.8943e+01 8.2348e+00 3.8254e+00 -1.7823e+01 -3.8106e+00 -6.4551e-01 -1.7620e+01 -9.4810e+00 -9.3580e+00 -2.3010e-01 -3.0232e+00 -2.0497e+01 -8.2004e+00 -1.2607e+01 2.5031e+00 -2.2707e+01 -1.9786e+01 -1.0316e+01 -1.3144e+01 -8.9829e+00 1.4470e+01 -1.6892e+01 -1.6850e+01 -1.7627e+01 2.3009e+00 -1.5533e-01
4 -5.6257e+00 1.5845e+01 -2.4263e+00 -3.5089e+00 1.2287e+01 -1.8931e+00 -1.1681e+00 1.5926e+01 -2.4076e+00 -9.5299e+00 1.2350e+01 6.9676e-01 -6.7149e+00 1.3198e+01 -2.0662e+00 1.1899e+01 -9.5375e+00 7.5450e+00 -7.0598e+00 1.0682e+01 7.3554e+00 1.5991e+01 -9.7403e+00 8.8453e-01 -1.2108e+00 1.5937e+01 5.1852e+00 -8.5432e+00 9.9825e+00 -5.4771e+00 -4.0789e+00 1.1559e+01 -1.5758e+00 -8.6994e+00 1.2205e+01 1.3190e+00 -5.8221e+00 1.2722e+01 -1.8362e+00 7.1341e-01 1.3724e+01 -3.8204e+00 -1.4998e+01 -5.3870e+00 -3.3820e+00 -1.5702e+01 1.2494e+01 -1.0787e+01 5.3016e-01 -1.3854e+01 9.3790e+00 -4.6052e+00 -2.1429e+01 -1.5038e+01 -2.1195e+01 -2.1910e+01 3.5966e+00 -1.1566e+01 -1.4495e+01 -1.9694e+01 -9.4737e+00 1.2200e+01 8.7042e+00 1.3849e+00 -8.8513e-01 -2.1817e+01 -4.0610e-01 5.7861e+00 -3.6402e+00 1.0432e+01 1.3110e+01 -2.7251e+00 -1.8927e+01 -9.8591e+00 -1.5289e+01 -1.2255e+01 7.8444e+00 -4.7685e-01 -1.2815e+01 -8.8578e+00 -1.3939e+01 1.2568e+01 1.0198e+01 7.1706e+00 -1.5107e+01 4.1597e-01 1.3612e+00 -1.8090e+01 -7.3441e+00 -8.1175e+00 -1.0683e+01 8.0833e+00 -2.2281e+01 -1.1540e+01 -1.6891e+01 -5.4367e+00 -1.8965e+01 -1.8180e+01 -8.9876e+00 -1.4129e+01 -9.8771e+00 1.4926e+01 -1.4814e+01 -1.4966e+01 -1.9330e+01 8.3052e+00 -3.7392e+00
5 -6.3115e+00 1.3564e+01 -3.9781e+00 -3.7606e+00 9.6156e+00 -3.2607e+00 -7.7639e-01 1.5226e+01 -4.8907e+00 -9.5214e+00 1.2615e+01 5.4914e-02 -6.8132e+00 1.2811e+01 -2.1165e+00 1.3220e+01 -9.5810e+00 6.5868e+00 -7.4287e+00 1.0140e+01 6.2967e+00 1.2961e+01 -8.5320e+00 -1.5537e+00 -2.9533e+00 1.6307e+01 6.6155e+00 -8.6008e+00 1.0302e+01 -5.1447e+00 -3.3967e+00 1.1752e+01 -1.1490e+00 -8.3268e+00 1.1592e+01 1.0827e+00 -3.8947e+00 1.0547e+01 -1.7610e+00 2.3603e-01 1.5105e+01 -2.4840e+00 -1.8635e+01 -7.1902e+00 -2.3156e+00 -8.5775e+00 9.6569e+00 -3.8651e+00 5.0935e+00 -1.6055e+01 1.2976e+01 -8.7930e+00 -1.9618e+01 -1.0170e+01 -2.0854e+01 -1.6079e+00 8.9808e+00 -1.2644e+01 -1.4124e+01 -1.9432e+01 -1.0268e+01 1.2537e+01 1.0412e+01 5.4932e+00 3.5626e+00 -2.2647e+01 2.5987e+00 3.1388e+00 -3.3237e+00 1.3597e+01 1.3094e+01 -4.0929e+00 -1.7889e+01 -1.3852e+01 -1.9642e+01 -1.3939e+01 7.2275e+00 -5.1175e+00 8.8464e+00 5.7012e+00 4.7243e+00 -2.0348e+01 8.9904e+00 7.5165e+00 -1.1238e+01 5.0065e-01 3.9486e+00 -1.7967e+01 -1.0471e+01 -7.9958e+00 -7.9645e+00 4.8645e+00 -2.1512e+01 -1.6683e+01 -2.0181e+01 -1.8999e+01 -5.2960e+00 -2.1934e+01 -1.0830e+01 -1.0765e+01 -9.6313e+00 1.4721e+01 -1.5736e+01 -1.7612e+01 -2.0458e+01 9.2261e+00 -9.4441e+00
6 -5.6060e+00 1.4858e+01 -3.1299e+00 -3.6317e+00 1.2504e+01 -3.1665e+00 -1.5038e+00 1.2490e+01 -3.1373e+00 -9.5573e+00 1.3672e+01 5.1899e-01 -6.4413e+00 1.1178e+01 -1.8917e+00 1.2558e+01 -9.4639e+00 6.8552e+00 -6.9611e+00 1.0171e+01 7.0387e+00 1.7032e+01 -9.7404e+00 1.0007e+00 -9.7898e-01 1.5911e+01 6.1250e+00 -7.2005e+00 1.1168e+01 -5.6168e+00 -4.2440e+00 1.2794e+01 -1.3779e+00 -7.8449e+00 1.1417e+01 2.1161e+00 -3.7521e+00 1.4988e+01 -1.6586e+00 -4.7073e-02 1.3174e+01 -2.8034e+00 -1.4820e+01 -3.6975e+00 -6.1184e-01 -1.5998e+01 1.3849e+01 -1.7080e+01 -3.5739e+00 -1.4497e+01 1.0561e+01 -5.3128e+00 -2.1500e+01 -1.1273e+01 -1.9100e+01 -1.4850e+01 1.2817e+01 -1.6441e+01 -1.3825e+01 -1.7586e+01 -1.5510e+01 1.4740e+01 9.6801e+00 3.8117e+00 1.0840e+00 -2.2793e+01 2.8913e+00 4.1023e+00 -4.5673e+00 1.2386e+01 1.3775e+01 -3.6667e+00 -1.8741e+01 -1.0452e+01 -1.5094e+01 -1.2149e+01 7.4450e+00 -2.1578e+01 3.7752e+00 3.3657e+00 -1.3576e+01 9.3257e+00 -1.5738e+01 -1.7622e+01 -1.1850e+01 -1.1188e+01 4.5658e+00 -1.8335e+01 -7.9316e+00 -9.3692e+00 -7.1519e+00 5.4961e+00 -2.2040e+01 -1.2068e+01 -1.6680e+01 9.5161e-01 -2.1665e+01 -1.4456e+01 -5.6464e+00 -1.4967e+01 -3.4133e+00 1.1913e+01 -2.0338e+01 -1.4545e+01 -1.5059e+01 5.1205e+00 4.2272e+00
7 -6.3883e+00 1.4723e+01 -1.9192e+00 -2.3965e+00 8.4286e+00 -9.8050e-01 6.8037e-02 1.5347e+01 -4.2331e+00 -9.6246e+00 1.2333e+01 3.4062e-01 -6.5915e+00 1.3006e+01 -1.9277e+00 1.2437e+01 -9.5368e+00 7.0323e+00 -7.3370e+00 1.1312e+01 6.3964e+00 1.6201e+01 -9.6969e+00 9.2681e-01 -1.9840e+00 1.6784e+01 3.0771e+00 -7.8655e+00 1.0551e+01 -6.3960e+00 -2.0700e+00 1.3129e+01 -1.6917e+00 -6.4177e+00 1.1710e+01 2.8844e+00 -1.1581e+00 1.4647e+01 -1.2891e+00 6.3236e-01 1.3642e+01 -1.8284e+00 -1.7221e+01 -6.4015e+00 -2.2949e+00 -1.0709e+01 1.0428e+01 -1.9018e+00 7.0332e+00 -1.7418e+01 1.4018e+01 -1.1362e+01 -2.0470e+01 -1.0804e+01 -2.1972e+01 -5.1209e+00 1.2200e+01 -1.0617e+01 -1.7075e+01 -1.7931e+01 -5.3955e+00 8.0279e+00 3.9432e+00 1.0812e+00 1.3366e+01 -2.9032e+00 -2.0670e+01 2.5734e+00 -2.0449e+00 1.2858e+01 1.2809e+01 -2.8338e+00 -1.8061e+01 -9.4893e+00 -1.5205e+01 -1.2251e+01 7.9162e+00 -3.7004e+00 -1.1480e+01 -1.1084e+01 -1.5450e+01 1.3453e+01 -5.0371e+00 -1.3502e+01 -1.5332e+01 -1.3516e+01 1.3720e+01 -1.6975e+01 -8.7256e+00 -8.1230e+00 -1.1306e+00 -2.9042e+00 -2.2192e+01 -1.2991e+01 -1.8551e+01 6.5171e+00 -1.7880e+01 -1.7980e+01 -8.5393e+00 -1.3919e+01 -4.4782e+00 1.2356e+01 -2.0713e+01 -1.6916e+01 -1.8944e+01 8.4955e+00 -4.3721e+00
8 -6.0370e+00 1.4073e+01 -2.9525e+00 -2.6213e+00 9.5377e+00 -3.0036e+00 6.9504e-01 1.5005e+01 -4.0541e+00 -9.7123e+00 1.2542e+01 -6.6735e-01 -5.1240e+00 8.8530e+00 -2.4520e+00 1.4896e+01 -9.7284e+00 6.6100e+00 -7.5477e+00 9.6769e+00 6.2405e+00 1.6591e+01 -9.7541e+00 5.9734e-01 -7.1760e-01 1.5451e+01 4.2512e+00 -7.3590e+00 8.7276e+00 -6.6091e+00 -1.3306e+00 1.3482e+01 -1.3306e+00 -8.6573e+00 1.2354e+01 1.8583e+00 -6.1975e+00 1.4550e+01 -1.7638e+00 -2.8505e+00 1.2877e+01 -2.0902e+00 -1.8620e+01 -8.7119e+00 -3.5600e+00 -7.2998e+00 9.4730e+00 -2.7103e+00 6.3909e+00 -1.6698e+01 1.4029e+01 -1.0510e+01 7.3793e+00 -6.1866e-01 5.6556e+00 8.3699e+00 -8.6860e+00 -1.4721e+01 -1.4106e+01 -1.7891e+01 -1.3494e+01 1.4048e+01 9.5577e+00 4.8272e+00 1.2766e+01 -1.2532e+01 -1.2622e+01 5.1929e+00 -8.9608e+00 1.1595e+01 9.2192e+00 -1.0886e+01 -1.8616e+01 -1.1108e+01 -1.5950e+01 -1.1268e+01 8.2058e+00 -1.9372e+00 -1.1634e+01 -1.0176e+01 -1.5215e+01 1.2836e+01 1.0179e+01 6.3609e+00 -1.4945e+01 3.2228e+00 5.9706e-02 -1.6842e+01 -1.0416e+01 -9.3480e+00 -1.0138e+00 -2.5438e+00 -2.1580e+01 -1.1684e+01 -1.9902e+01 -8.8623e+00 -1.5648e+01 -2.1695e+01 -1.1057e+01 -1.1962e+01 -7.4955e+00 1.3726e+01 -2.1469e+01 -1.5938e+01 -1.6738e+01 2.5458e+00 3.5591e+00
9 -5.5668e+00 1.2837e+01 -4.7185e+00 -3.7788e+00 1.0009e+01 -4.3060e+00 6.8883e-01 1.3952e+01 -4.5816e+00 -9.6547e+00 1.2463e+01 -3.6973e-01 -6.1138e+00 1.0134e+01 -1.9008e+00 1.1391e+01 -9.1289e+00 6.7139e+00 -8.1374e+00 1.1795e+01 7.8273e+00 1.1705e+01 -9.0928e+00 -1.2793e+00 -2.6561e+00 1.7670e+01 5.4206e+00 -8.7202e+00 9.4849e+00 -5.2339e+00 -4.5478e+00 1.3717e+01 -1.4109e+00 -7.6864e+00 1.6432e+01 1.8546e+00 -4.3795e+00 1.4182e+01 -3.4466e+00 -2.5097e+00 1.3003e+01 -3.7338e+00 -1.9107e+01 -8.2836e+00 -3.5587e+00 -7.6242e+00 8.9345e+00 -5.8266e+00 3.9101e+00 -1.5903e+01 1.3217e+01 -9.1179e+00 6.0870e+00 1.5126e+00 3.4884e+00 8.4140e+00 3.8846e+00 -1.6302e+01 -1.3358e+01 -1.6849e+01 -1.6883e+01 1.5224e+01 1.0735e+01 5.4538e+00 5.1019e+00 -2.1978e+01 1.8925e-01 5.6913e+00 -5.3994e+00 9.4443e+00 1.2977e+01 -2.1404e+00 1.8514e+00 -1.0002e+01 -8.7523e+00 -5.2660e+00 3.0995e+00 -6.1553e+00 8.6196e+00 8.9429e+00 3.4097e+00 -1.9095e+01 8.5765e+00 6.3571e+00 -1.5720e+01 -4.0939e-01 1.1050e+00 -1.7088e+01 -1.1689e+01 -8.2878e+00 -5.3119e-01 -4.2053e+00 -2.2453e+01 -1.5064e+01 -1.2819e+01 5.3808e+00 -2.0489e+01 -1.8770e+01 -9.9075e+00 -1.2538e+01 -2.8158e+00 1.0917e+01 -2.1940e+01 -1.6076e+01 -1.7166e+01 6.0376e+00 -1.5276e+00
10 -6.4802e+00 1.4260e+01 -1.2374e-01 -3.0649e+00 8.8785e+00 9.9295e-01 1.2122e+00 1.4030e+01 -4.1760e+00 -9.5465e+00 1.4071e+01 5.1465e-01 -6.8480e+00 1.1854e+01 -1.9357e+00 1.4035e+01 -9.7174e+00 6.7608e+00 -8.2960e+00 1.0623e+01 7.5693e+00 1.6584e+01 -9.6942e+00 1.8811e+00 9.1194e-01 1.5341e+01 3.3398e+00 -8.7973e+00 1.0853e+01 -6.8167e+00 -4.6038e+00 1.2675e+01 -1.4093e+00 -5.5007e+00 1.4123e+01 2.3922e+00 -5.3283e+00 1.1729e+01 -6.6758e-01 -1.8659e+00 1.5861e+01 1.4266e+00 -1.8302e+01 -7.7470e+00 -4.1564e+00 -8.7721e+00 9.2876e+00 -2.8193e+00 6.1046e+00 -1.4074e+01 1.2170e+01 -7.2407e+00 -2.0968e+01 -1.1389e+01 -2.0944e+01 -4.1728e+00 1.0030e+01 -1.5646e+01 -1.3789e+01 -1.8539e+01 -1.4078e+01 1.4180e+01 9.0846e+00 4.2777e+00 3.8028e-01 -2.2595e+01 1.7071e+00 5.1656e+00 -9.7474e+00 1.0127e+01 1.1927e+01 -1.0076e+01 -1.7680e+01 -1.1732e+01 -1.5456e+01 -1.3879e+01 5.8488e+00 -6.3502e+00 -9.7423e+00 -1.3596e+01 -1.6060e+01 1.3323e+01 1.0623e+01 9.7335e+00 -1.0561e+01 2.6134e+00 3.9524e+00 -1.8956e+01 -9.2206e+00 -4.4771e+00 -2.9228e+00 -3.6755e+00 -2.2242e+01 -1.6291e+01 -1.6638e+01 5.0733e+00 -2.0070e+01 -1.8503e+01 -6.9496e+00 -7.5444e+00 -1.3530e+01 1.6015e+01 -1.4294e+01 -1.9795e+01 -1.0720e+01 5.3508e+00 -1.0281e+01
11 -5.7970e+00 1.4289e+01 -2.0025e+00 -3.9334e+00 1.0604e+01 -3.3236e+00 -1.8651e-01 1.4790e+01 -4.8600e+00 -9.5988e+00 1.4678e+01 5.2683e-01 -6.4386e+00 1.1520e+01 -2.7107e+00 1.2075e+01 -9.5214e+00 7.0941e+00 -6.7133e+00 1.0985e+01 6.2605e+00 1.2807e+01 -8.5167e+00 -1.8224e+00 -1.3518e+00 1.5929e+01 5.4686e+00 -8.2272e+00 8.5215e+00 -5.1198e+00 -4.5479e+00 1.4026e+01 -1.4369e+00 -7.8029e+00 1.3267e+01 3.0662e+00 -3.8342e+00 1.5020e+01 -2.4576e+00 -3.8101e+00 1.4252e+01 -1.7998e+00 -1.8999e+01 -8.8343e+00 -4.5320e+00 -6.1537e+00 7.9938e+00 -9.1681e+00 1.5832e+00 -1.3319e+01 1.0925e+01 -5.1751e+00 -1.9455e+01 -9.5413e+00 -2.1060e+01 -3.8136e+00 1.0974e+01 -1.6036e+01 -1.4809e+01 -1.8621e+01 -1.2809e+01 1.3738e+01 8.5763e+00 4.4822e+00 1.2119e+01 -9.5737e+00 -1.5441e+01 3.1899e+00 -2.3251e+00 1.2661e+01 1.2956e+01 -2.5356e+00 -1.8735e+01 -9.9875e+00 -1.6422e+01 -1.2564e+01 7.3956e+00 -6.1099e+00 8.9104e+00 8.9725e+00 4.8320e+00 -1.9392e+01 1.0254e+01 8.1969e+00 -1.0492e+01 2.6171e+00 3.6333e+00 -1.9431e+01 -1.1434e+01 -6.4672e+00 7.0163e-01 -8.1993e+00 -2.2175e+01 -1.4041e+01 -1.7728e+01 7.3102e+00 -1.6135e+01 -1.5807e+01 -7.9388e+00 -1.6468e+01 -2.3763e+00 1.1303e+01 -2.1957e+01 -1.6153e+01 -1.7626e+01 5.5025e+00 -5.5370e+00
12 -6.2956e+00 1.4435e+01 -3.0877e+00 -2.5185e+00 9.4145e+00 -3.8316e+00 -7.9229e-01 1.5192e+01 -4.9847e+00 -9.5310e+00 1.4241e+01 8.5182e-02 -7.1416e+00 1.3170e+01 -1.9745e+00 1.2703e+01 -9.7342e+00 6.8411e+00 -8.1869e+00 1.1028e+01 7.7687e+00 1.2587e+01 -8.5314e+00 -6.9125e-01 -1.5512e+00 1.6934e+01 6.0202e+00 -7.5278e+00 6.6957e+00 -4.7547e+00 -5.0619e+00 1.5009e+01 -1.4845e+00 -8.0408e+00 1.4888e+01 2.5752e+00 -5.1812e+00 1.3513e+01 -2.8159e+00 -3.0083e-01 1.2265e+01 -1.4272e+00 -1.8569e+01 -8.9087e+00 -3.1630e+00 -7.8634e+00 9.1276e+00 -7.6589e-01 7.1009e+00 -1.8930e+01 1.3820e+01 -1.3163e+01 -2.0280e+01 -1.0542e+01 -2.2404e+01 -6.7225e+00 1.3124e+01 -1.5004e+01 -1.4112e+01 -1.9244e+01 -1.2678e+01 1.3569e+01 8.9496e+00 4.7500e+00 -1.2199e+00 -2.0651e+01 -2.6675e+00 5.0404e+00 -1.0566e+01 9.6118e+00 1.4296e+01 -7.6908e+00 -1.8007e+01 -9.2595e+00 -1.5000e+01 -1.4063e+01 4.3320e+00 -5.3575e+00 9.2556e+00 7.8664e+00 3.1502e+00 -1.9937e+01 -1.4529e+01 -1.6923e+01 -1.4643e+01 -1.4013e+01 2.6768e+00 -1.9459e+01 -9.8984e+00 -5.2492e+00 2.1446e+00 -1.0951e+01 -2.1315e+01 -1.3550e+01 -1.8134e+01 -5.4724e+00 1.1894e+01 -2.0950e+01 -1.1230e+01 -1.3000e+01 -4.0984e+00 1.1852e+01 -2.1655e+01 -1.8118e+01 -1.5846e+01 6.7046e+00 -1.2426e+01
13 -6.4135e+00 1.4750e+01 -1.3441e+00 -2.3332e+00 8.6314e+00 -2.2841e+00 1.1572e+00 1.4031e+01 -4.3719e+00 -9.7070e+00 1.1018e+01 -1.6889e-01 -6.1884e+00 1.1448e+01 -2.0657e+00 1.2472e+01 -9.7400e+00 7.0230e+00 -8.8802e+00 1.1716e+01 8.3342e+00 1.6087e+01 -9.7081e+00 6.3454e-01 -1.9778e-01 1.5390e+01 4.0808e+00 -8.4241e+00 9.2885e+00 -6.4723e+00 -5.3047e+00 1.4367e+01 -2.5134e+00 -4.1255e+00 1.0197e+01 2.7900e+00 2.8414e-01 1.4256e+01 -8.5411e-01 9.5299e-01 1.2917e+01 -1.5914e+00 -1.7470e+01 -6.7783e+00 -1.4368e+00 -8.7467e+00 1.0511e+01 -7.1967e+00 3.1284e+00 -1.5655e+01 1.3233e+01 -8.7119e+00 -2.6200e-01 -7.0784e+00 1.3308e+00 4.7859e+00 4.2837e+00 -1.1993e+01 -1.3531e+01 -1.9223e+01 -1.2134e+01 1.3518e+01 9.3823e+00 3.9665e+00 -3.2094e-02 -2.1122e+01 -1.8216e+00 5.2472e+00 -8.4279e+00 8.9418e+00 1.3767e+01 -7.6924e+00 5.7101e+00 -1.0789e+01 -8.7413e+00 -6.9216e+00 5.1926e+00 -7.7025e-01 -1.2159e+01 -9.4705e+00 -1.5123e+01 1.2736e+01 1.0474e+01 7.8586e+00 -1.3009e+01 4.0998e-01 2.9720e+00 -1.2810e+01 -7.6436e+00 -1.1703e+01 2.0949e+00 -5.0829e+00 -2.1105e+01 -1.1741e+01 -1.5659e+01 -7.9727e+00 1.2271e+01 -1.3042e+01 -7.7003e+00 -1.6801e+01 -2.5228e+00 1.1540e+01 -2.1427e+01 -1.5741e+01 -1.8835e+01 7.7357e+00 -2.6034e+00
14 -7.4262e+00 1.5657e+01 -1.9474e+00 -1.3965e+00 1.0612e+01 -2.5735e+00 -7.0811e-01 1.5769e+01 -2.2875e+00 -9.6261e+00 1.2442e+01 -3.7597e-01 -6.4117e+00 1.1817e+01 -1.7865e+00 1.4061e+01 -9.7055e+00 6.7544e+00 -6.4943e+00 1.3558e+01 6.4863e+00 1.2720e+01 -8.9170e+00 -1.4659e+00 -2.6685e+00 1.6204e+01 5.9904e+00 -8.2202e+00 1.0797e+01 -5.0773e+00 -2.4514e+00 1.2175e+01 -1.4587e+00 -7.6713e+00 8.5308e+00 2.3609e+00 1.4740e-01 1.2726e+01 -1.7285e+00 -9.4726e-03 1.4896e+01 -9.9199e-01 -1.6178e+01 -7.1031e+00 -2.1855e+00 -1.4606e+01 1.2630e+01 -1.5174e+01 -1.8617e+00 -1.5186e+01 1.0398e+01 -5.3090e+00 -2.0028e+01 -1.1534e+01 -1.9515e+01 -1.9896e+01 1.7939e+00 -1.2245e+01 -1.3736e+01 -1.9612e+01 -1.1258e+01 1.3292e+01 1.0165e+01 4.8122e+00 9.4459e+00 -1.7253e+01 -7.1310e+00 1.4769e+01 4.3238e+00 -4.7163e+00 -8.1775e+00 3.2002e+00 -1.8382e+01 -9.3551e+00 -1.5110e+01 -1.3214e+01 6.3265e+00 -5.2044e+00 8.7398e+00 7.2094e+00 3.8926e+00 -2.0582e+01 8.8941e+00 5.6035e+00 -1.6023e+01 -7.3971e-02 1.0010e+00 -1.8291e+01 -1.0395e+01 -7.7304e+00 -2.6188e+00 -1.4544e+00 -2.0594e+01 -8.1530e+00 -1.7369e+01 -9.8032e+00 -1.5458e+01 -1.1042e+01 -4.0873e+00 -1.5451e+01 -1.9280e+00 1.1251e+01 -2.0470e+01 -1.6539e+01 -1.8606e+01 7.4603e+00 -7.2762e+00
15 -7.1438e+00 1.4289e+01 -2.1946e+00 -5.1789e+00 1.3118e+01 -3.6461e+00 -2.0970e+00 1.3487e+01 -4.3080e+00 -9.6003e+00 1.2582e+01 1.0749e+00 -7.2735e+00 1.3137e+01 -2.1332e+00 1.2065e+01 -9.6400e+00 7.1717e+00 -7.1133e+00 1.1656e+01 5.1830e+00 1.5865e+01 -9.7544e+00 4.2205e-02 -2.8060e-01 1.6851e+01 4.4523e+00 -8.2300e+00 1.0870e+01 -5.0677e+00 -6.8024e+00 1.5161e+01 -2.2752e+00 -8.5009e+00 1.4049e+01 1.5213e+00 -6.5213e+00 1.3718e+01 -1.8209e+00 -3.8938e+00 1.3912e+01 -2.8638e+00 -1.8021e+01 -8.1591e+00 -4.5377e+00 -1.1732e+01 1.1138e+01 -1.5935e+01 -2.8109e+00 -9.4416e+00 4.9478e+00 1.4137e+00 -1.7980e+01 -8.9340e+00 -2.1306e+01 8.6271e-01 6.7025e+00 -1.1915e+01 -1.4086e+01 -1.9329e+01 -1.0321e+01 1.2891e+01 9.1024e+00 4.0932e+00 -4.5782e-01 -2.1938e+01 -1.9296e-01 -8.5213e+00 2.1148e+00 1.6107e+01 9.7263e+00 6.3359e-01 -1.8636e+01 -1.0815e+01 -1.5768e+01 -1.2129e+01 8.0983e+00 -2.1096e+01 3.5128e+00 4.0001e+00 -1.3370e+01 1.0083e+01 -7.2223e+00 -1.5031e+01 -1.7986e+01 -1.0842e+01 1.2564e+01 -1.7188e+01 -8.6350e+00 -1.0448e+01 2.0304e+00 -6.8152e+00 -2.0969e+01 -1.2332e+01 -1.2680e+01 6.3856e+00 -1.8261e+01 -2.1296e+01 -1.0840e+01 -1.1413e+01 -1.4016e+01 1.6006e+01 -1.9663e+01 -1.5827e+01 -1.8821e+01 7.5740e+00 -9.9897e-01
16 -7.7109e+00 1.3741e+01 3.8549e+00 -3.0283e+00 8.3741e+00 1.6008e+00 -5.8768e-03 1.4499e+01 -3.8290e+00 -9.5881e+00 1.4245e+01 9.3274e-01 -7.2896e+00 1.2331e+01 -1.9865e+00 1.0703e+01 -9.5672e+00 7.8652e+00 -6.4395e+00 1.2338e+01 6.0083e+00 1.6514e+01 -9.7521e+00 8.8178e-01 -1.2705e-01 1.6321e+01 5.6977e+00 -7.5571e+00 1.1038e+01 -5.3750e+00 -4.4398e+00 1.2657e+01 -1.8403e+00 -7.2019e+00 1.4947e+01 1.9483e+00 -5.7054e+00 1.3111e+01 -1.3398e+00 -3.6541e+00 1.4271e+01 5.7934e-02 -1.8891e+01 -9.8629e+00 -5.5286e+00 -5.8641e+00 7.8232e+00 -7.3949e+00 3.6825e+00 -1.5217e+01 1.2559e+01 -7.6199e+00 -2.0561e+01 -1.0950e+01 -2.1262e+01 -5.2567e-01 7.8781e+00 -1.6455e+01 -1.3200e+01 -1.7339e+01 -1.6146e+01 1.5175e+01 9.1959e+00 4.6472e+00 -2.1403e+00 -2.1286e+01 -1.7225e+00 5.1036e+00 1.3312e+00 1.1255e+01 1.0038e+01 9.7229e-01 -1.8384e+01 -9.9066e+00 -1.4780e+01 -1.2452e+01 7.7939e+00 -2.0787e+01 3.4235e+00 3.3806e+00 -1.4091e+01 9.7222e+00 -1.4236e+01 -1.8037e+01 -1.4966e+01 -1.4473e+01 5.6991e+00 -1.9767e+01 -7.7249e+00 -4.0617e+00 -1.1276e+00 -5.9280e+00 -2.2585e+01 -1.4696e+01 -1.4474e+01 5.4075e+00 -2.0742e+01 -2.1011e+01 -1.0931e+01 -9.7916e+00 -1.0059e+01 1.4718e+01 -2.2051e+01 -1.6462e+01 -1.2627e+01 6.0450e+00 -1.4787e+01
17 -6.9987e+00 1.4947e+01 -1.3988e+00 -3.3882e+00 9.1722e+00 -1.9125e+00 8.9061e-01 1.3785e+01 -3.3449e+00 -9.5506e+00 1.3845e+01 1.0983e+00 -6.9729e+00 1.2794e+01 -1.7608e+00 1.2534e+01 -9.7513e+00 7.1930e+00 -8.1936e+00 1.4667e+01 7.4932e+00 1.1116e+01 -8.5715e+00 -1.8758e+00 -3.3665e+00 1.6257e+01 6.9786e+00 -7.9642e+00 6.7314e+00 -5.5993e+00 -5.0791e+00 1.3534e+01 -1.4046e+00 -8.1524e+00 1.3312e+01 2.6044e+00 -6.1246e+00 1.3251e+01 -2.2224e+00 5.2942e-01 1.3345e+01 -3.2397e+00 -1.7551e+01 -7.7950e+00 -2.7344e+00 -8.8499e+00 9.8999e+00 -7.9450e+00 2.3231e+00 -1.4511e+01 1.2046e+01 -6.8314e+00 -2.1118e+01 -1.1037e+01 -2.0722e+01 -8.1869e+00 1.2276e+01 -1.6646e+01 -1.3292e+01 -1.8283e+01 -1.5291e+01 1.4893e+01 7.6515e-01 -4.5050e+00 1.1218e+01 2.5337e+00 -2.2667e+01 1.4297e+01 3.6827e+00 -8.5213e+00 -8.7456e+00 4.4047e+00 -4.6064e-01 -1.2454e+01 -8.4790e+00 -6.7800e+00 5.0648e+00 -7.3160e+00 8.5924e+00 7.3512e+00 5.1038e+00 -1.8512e+01 -1.4428e+01 -1.7142e+01 -1.4999e+01 -1.4726e+01 2.1503e+00 -1.7406e+01 -1.1990e+01 -7.4124e+00 1.6377e+00 -8.9153e+00 -2.2363e+01 -1.3900e+01 -1.5481e+01 6.5864e+00 -1.8339e+01 -2.1533e+01 -1.0851e+01 -1.1090e+01 -7.6678e+00 1.3546e+01 -1.8223e+01 -1.7816e+01 -1.8896e+01 7.6494e+00 -6.7133e+00
18 -5.9317e+00 1.3902e+01 -2.5688e+00 -3.7079e+00 1.1429e+01 -2.7317e+00 1.2336e+00 1.4144e+01 -4.2359e+00 -9.6485e+00 1.2984e+01 3.5549e-01 -6.5579e+00 1.0945e+01 -1.7257e+00 1.1902e+01 -9.6184e+00 7.1146e+00 -7.0650e+00 1.1491e+01 5.9392e+00 1.1639e+01 -8.0244e+00 -2.7261e+00 1.0438e+00 1.5801e+01 4.6889e+00 -7.0552e+00 1.3006e+01 -5.3003e+00 -5.9772e+00 1.4845e+01 -1.5588e+00 -8.2639e+00 1.2064e+01 1.5184e+00 -5.9868e+00 1.2777e+01 -1.5293e+00 3.8729e-01 1.4554e+01 -1.4652e+00 -1.7527e+01 -6.6754e+00 -3.9165e+00 -1.2497e+01 1.1282e+01 -1.1181e+01 6.4590e-01 -1.2576e+01 9.6313e+00 -3.9951e+00 -2.0579e+01 -1.0656e+01 -2.1613e+01 -1.3862e+00 8.4502e+00 -1.6169e+01 -1.2530e+01 -1.6168e+01 -1.7416e+01 1.5390e+01 9.8478e+00 6.8258e+00 1.1718e+01 -9.0416e+00 -1.5783e+01 -1.7543e+00 -2.2822e+00 1.4037e+01 1.2419e+01 -1.6876e+00 -1.8145e+01 -1.0644e+01 -1.7018e+01 -1.3815e+01 6.7926e+00 -6.6972e+00 9.0788e+00 1.0637e+01 3.7888e+00 -1.8453e+01 -1.6644e+01 -1.8391e+01 -8.4299e+00 -8.5460e+00 2.9618e+00 -1.8656e+01 -7.2649e+00 -4.7396e+00 3.7031e-01 -8.2782e+00 -2.0939e+01 -1.1953e+01 -1.5012e+01 4.8014e-01 -2.2144e+01 -2.0915e+01 -1.1139e+01 -1.4242e+01 -1.1219e+01 1.5314e+01 -1.4960e+01 -1.6864e+01 -1.8541e+01 7.6807e+00 -9.6410e+00
19 -8.2951e+00 1.5923e+01 -1.5794e+00 -3.6708e+00 1.2283e+01 -4.3104e+00 -2.1707e+00 1.4988e+01 -4.2587e+00 -9.6166e+00 1.2168e+01 1.2550e+00 -7.1076e+00 1.4357e+01 -1.6411e+00 1.4119e+01 -9.7260e+00 6.3923e+00 -5.6198e+00 1.3464e+01 6.3927e+00 1.2101e+01 -8.5370e+00 -1.1107e+00 -9.2190e-01 1.5671e+01 6.1613e+00 -7.6453e+00 1.1601e+01 -5.6714e+00 -3.1684e+00 1.1493e+01 -1.0540e+00 -7.5453e+00 1.2845e+01 7.3257e-01 -1.9902e-01 1.3112e+01 -2.8115e+00 4.0886e-01 1.4783e+01 -1.6979e+00 -1.8152e+01 -1.0482e+01 -4.9046e+00 -1.2894e+01 1.0186e+01 -1.5107e+01 -2.0906e+00 -1.3996e+01 1.0329e+01 -4.5600e+00 -1.9591e+01 -9.8722e+00 -2.1881e+01 -3.6660e+00 1.0799e+01 -1.0817e+01 -1.3979e+01 -1.9579e+01 -9.5861e+00 1.2138e+01 8.6317e+00 3.6106e+00 -3.3377e-01 -2.2454e+01 1.2485e+00 1.5033e+01 4.3976e+00 -3.7838e+00 -8.3519e+00 3.0995e+00 -1.9026e+01 -1.0717e+01 -1.6987e+01 -1.3750e+01 7.0271e+00 -6.1417e+00 9.1689e+00 7.3451e+00 3.8432e+00 -2.0410e+01 -1.5735e+01 -1.7516e+01 -1.1017e+01 -1.0307e+01 5.8423e+00 -1.9414e+01 -9.8234e+00 -7.2669e+00 -4.4269e+00 2.0997e+00 -1.7548e+01 -1.7911e+01 -1.9891e+01 -2.2781e+01 3.9790e+00 -1.6639e+01 -7.6669e+00 -1.2257e+01 -5.6284e+00 1.2970e+01 -2.1649e+01 -1.5915e+01 -1.8247e+01 6.8791e+00 -7.0942e+00
