frame G1:C1-C2 G1:C3-C4 G1:C1-CC G2:C1-C2 G2:C3-C4 G2:C1-CC C3:C1-C2 C3:C3-C4 C3:C1-CC A4:C1-C2 A4:C3-C4 A4:C1-CC C5:C1-C2 C5:C3-C4 C5:C1-CC G6:C1-C2 G6:C3-C4 G6:C1-CC A7:C1-C2 A7:C3-C4 A7:C1-CC A8:C1-C2 A8:C3-C4 A8:C1-CC G9:C1-C2 G9:C3-C4 G9:C1-CC G10:C1-C2 G10:C3-C4 G10:C1-CC U11:C1-C2 U11:C3-C4 U11:C1-CC G12:C1-C2 G12:C3-C4 G12:C1-CC C13:C1-C2 C13:C3-C4 C13:C1-CC C14:C1-C2 C14:C3-C4 C14:C1-CC G1:C4p-P-plus G1:C3p-P-plus G2:C4p-P G2:C5p-P G2:C5s-P G2:C4p-P-plus G2:C3p-P-plus C3:C4p-P C3:C5p-P C3:C5s-P C3:C4p-P-plus C3:C3p-P-plus A4:C4p-P A4:C5p-P A4:C5s-P A4:C4p-P-plus A4:C3p-P-plus C5:C4p-P C5:C5p-P C5:C5s-P C5:C4p-P-plus C5:C3p-P-plus G6:C4p-P G6:C5p-P G6:C5s-P G6:C4p-P-plus G6:C3p-P-plus A7:C4p-P A7:C5p-P A7:C5s-P A7:C4p-P-plus A7:C3p-P-plus A8:C4p-P A8:C5p-P A8:C5s-P A8:C4p-P-plus A8:C3p-P-plus G9:C4p-P G9:C5p-P G9:C5s-P G9:C4p-P-plus G9:C3p-P-plus G10:C4p-P G10:C5p-P G10:C5s-P G10:C4p-P-plus G10:C3p-P-plus U11:C4p-P U11:C5p-P U11:C5s-P U11:C4p-P-plus U11:C3p-P-plus G12:C4p-P G12:C5p-P G12:C5s-P G12:C4p-P-plus G12:C3p-P-plus C13:C4p-P C13:C5p-P C13:C5s-P C13:C4p-P-plus C13:C3p-P-plus C14:C4p-P C14:C5p-P C14:C5s-P
0 -8.0985e+00 1.8994e+01 -3.9921e+00 -8.4862e+00 1.8180e+01 -2.3799e+00 -8.4645e+00 1.7649e+01 -3.0321e+00 -8.3169e+00 1.7844e+01 -3.8456e-01 -7.9466e+00 1.7820e+01 -3.6904e+00 -7.7714e+00 1.7919e+01 -1.1887e+00 -8.3042e+00 1.7655e+01 -3.1595e+00 -8.6403e+00 1.7267e+01 -1.5468e+00 -8.6303e+00 1.7408e+01 -5.4198e-01 -8.3009e+00 1.8183e+01 -3.6999e+00 -7.8695e+00 1.7946e+01 -3.0538e+00 -8.7478e+00 1.5863e+01 -4.5226e+00 -8.2490e+00 1.7343e+01 -4.1216e+00 -7.7785e+00 1.7907e+01 -2.9912e+00 -1.7928e+01 -1.6737e+01 -1.9560e+01 -1.1016e+01 1.5781e+01 -1.9719e+01 -1.7458e+01 -1.9761e+01 -1.0193e+01 1.5565e+01 -2.0586e+01 -1.7323e+01 -2.0884e+01 -7.0491e+00 1.3161e+01 -1.9472e+01 -1.7515e+01 -2.0385e+01 -7.4066e+00 1.3708e+01 -1.7077e+01 -1.7810e+01 -2.1418e+01 -7.7188e+00 1.2433e+01 -6.2885e+00 -7.6486e+00 1.5125e+01 -1.7243e+01 5.4853e+00 -1.4136e+01 -1.0862e+01 -1.7008e+01 -2.2463e+00 1.2556e+01 -1.7552e+01 -1.8227e+01 -2.1067e+01 -6.6802e+00 1.2607e+01 -1.8874e+01 -1.8528e+01 -4.0318e+00 -4.0204e+00 -1.1393e+00 -1.9181e+01 -1.7417e+01 -1.9867e+01 -1.1483e+01 1.5590e+01 -2.1638e+01 -1.7013e+01 -2.1393e+01 -2.1059e+01 -2.5883e+00 -1.7288e+01 -1.3349e+01 -1.9850e+01 -7.8030e+00 1.4327e+01 -1.7544e+01 -1.7061e+01 -2.1638e+01 -9.2475e+00 1.3411e+01
1 -8.4271e+00 1.8650e+01 -3.3010e+00 -8.3139e+00 1.8403e+01 -1.9905e+00 -8.2859e+00 1.8173e+01 -3.0557e+00 -8.5695e+00 1.8183e+01 -1.5597e-01 -8.1670e+00 1.7951e+01 -2.9115e+00 -8.5650e+00 1.7754e+01 1.0730e-01 -8.0267e+00 1.6892e+01 -2.7975e+00 -8.6704e+00 1.6549e+01 -1.6708e+00 -8.5815e+00 1.7739e+01 -1.9064e-01 -8.8626e+00 1.6987e+01 -1.1266e+00 -8.2546e+00 1.8347e+01 -3.9123e+00 -8.1768e+00 1.7814e+01 -1.8633e+00 -8.1651e+00 1.8264e+01 -3.3161e+00 -7.8346e+00 1.8803e+01 -3.1742e+00 -1.9976e+01 -1.7571e+01 -1.9598e+01 -1.0621e+01 1.5609e+01 -1.9790e+01 -1.7851e+01 -2.0337e+01 -8.9952e+00 1.4551e+01 -1.9515e+01 -1.7805e+01 -2.1047e+01 -5.8898e+00 1.1884e+01 -1.9534e+01 -1.7200e+01 -2.0353e+01 -9.5181e+00 1.4879e+01 -1.7413e+01 -1.6842e+01 -2.0866e+01 -9.9629e+00 1.4672e+01 -1.0152e+01 -9.6563e+00 1.7772e+01 -1.6516e+01 6.0719e+00 -1.1453e+01 -1.1933e+01 -1.9589e+01 -8.8506e+00 1.5275e+01 -1.6077e+01 -1.4914e+01 -1.9887e+01 -8.3987e+00 1.5019e+01 -2.2334e+01 -1.9419e+01 -6.6433e+00 -7.0828e+00 -1.1349e+00 -1.8265e+01 -1.5699e+01 -1.7653e+01 -1.1945e+01 1.6866e+01 -1.9416e+01 -1.6119e+01 -2.0315e+01 -6.6419e+00 1.3655e+01 -1.9255e+01 -1.7902e+01 -2.0461e+01 -7.6752e+00 1.3852e+01 -1.9653e+01 -1.8791e+01 -2.1169e+01 -7.8477e+00 1.2951e+01
2 -8.3577e+00 1.8582e+01 -3.7307e+00 -8.2435e+00 1.7783e+01 -2.8031e+00 -8.3412e+00 1.7641e+01 -3.9961e+00 -8.5151e+00 1.8137e+01 -2.3767e-01 -7.9788e+00 1.8921e+01 -4.3599e+00 -8.1479e+00 1.8230e+01 -1.1321e+00 -8.3227e+00 1.7585e+01 -2.7235e+00 -8.4808e+00 1.7143e+01 -9.3419e-01 -8.4102e+00 1.8714e+01 -1.6624e+00 -8.4300e+00 1.8039e+01 -3.9508e+00 -8.2834e+00 1.7855e+01 -3.5016e+00 -7.9664e+00 1.8376e+01 -3.0294e+00 -8.2128e+00 1.8656e+01 -4.0616e+00 -7.9421e+00 1.8438e+01 -3.4965e+00 -2.0364e+01 -1.8509e+01 -2.0192e+01 -6.5935e+00 1.2680e+01 -1.9402e+01 -1.6824e+01 -1.9473e+01 -8.8707e+00 1.5181e+01 -1.9514e+01 -1.5465e+01 -2.0486e+01 -1.0069e+01 1.5229e+01 -1.9272e+01 -1.8800e+01 -1.9596e+01 -6.4855e+00 1.3273e+01 -1.8149e+01 -1.9118e+01 -2.1265e+01 -9.2764e+00 1.3611e+01 -7.8597e+00 -9.1354e+00 1.4038e+01 -1.6958e+01 5.1661e+00 -1.4416e+01 -1.0979e+01 -1.6649e+01 -3.3036e+00 1.3141e+01 -1.8240e+01 -1.6840e+01 -1.8150e+01 -6.0167e+00 1.4275e+01 -1.3467e+01 -1.4638e+01 -4.6937e+00 -4.8275e+00 -2.2976e+00 -1.8658e+01 -1.6859e+01 -1.9978e+01 -1.2850e+01 1.6139e+01 -1.9630e+01 -1.7200e+01 -1.9009e+01 -6.8447e+00 1.4295e+01 -1.8981e+01 -1.6746e+01 -1.9018e+01 -1.0536e+01 1.6252e+01 -2.0032e+01 -1.8984e+01 -2.0974e+01 -1.0324e+01 1.4788e+01
3 -8.2141e+00 1.8296e+01 -3.8944e+00 -8.2617e+00 1.7723e+01 -2.5628e+00 -8.4827e+00 1.8569e+01 -3.3066e+00 -8.5608e+00 1.7661e+01 -2.6990e-01 -7.9357e+00 1.7803e+01 -3.5508e+00 -8.0253e+00 1.8306e+01 -4.0426e-01 -7.7880e+00 1.6960e+01 -2.5717e+00 -8.5733e+00 1.7314e+01 -9.0375e-01 -8.6021e+00 1.7617e+01 -1.6638e+00 -8.2882e+00 1.7110e+01 -3.4713e+00 -8.4905e+00 1.8184e+01 -3.4677e+00 -8.2849e+00 1.8287e+01 -1.6021e+00 -8.2559e+00 1.7520e+01 -3.7347e+00 -7.7308e+00 1.7990e+01 -3.0468e+00 -1.8972e+01 -1.6643e+01 -1.9932e+01 -1.0762e+01 1.5392e+01 -1.7448e+01 -1.4091e+01 -1.8624e+01 -1.0035e+01 1.6094e+01 -1.9643e+01 -1.7728e+01 -2.0627e+01 -8.5047e+00 1.4435e+01 -2.0226e+01 -1.8079e+01 -1.9958e+01 -5.6483e+00 1.2905e+01 -1.7116e+01 -1.7803e+01 -2.1464e+01 -7.0767e+00 1.2138e+01 -7.2457e+00 -7.9628e+00 1.5552e+01 -2.0676e+01 6.4088e+00 -1.0771e+01 -1.3059e+01 -2.0800e+01 -2.4275e+00 1.0707e+01 -1.8508e+01 -1.7389e+01 -1.9157e+01 -6.4688e+00 1.4380e+01 -1.7014e+01 -1.5368e+01 -6.5776e+00 -7.1290e+00 7.4648e-01 -1.7342e+01 -1.5287e+01 -1.9827e+01 -9.9218e+00 1.5474e+01 -2.0156e+01 -1.7355e+01 -2.0407e+01 -5.3768e+00 1.2721e+01 -1.8961e+01 -1.7409e+01 -1.9824e+01 -7.8653e+00 1.4307e+01 -1.8205e+01 -1.7237e+01 -2.1541e+01 -1.0493e+01 1.4295e+01
4 -8.3790e+00 1.7807e+01 -3.6931e+00 -8.1286e+00 1.8265e+01 -2.0397e+00 -8.2838e+00 1.8231e+01 -3.1166e+00 -8.4915e+00 1.8559e+01 1.3870e-01 -7.9183e+00 1.9068e+01 -3.5981e+00 -7.6267e+00 1.7883e+01 -8.1289e-02 -7.8128e+00 1.7425e+01 -6.4783e-01 -8.1087e+00 1.7247e+01 -1.2446e+00 -8.7551e+00 1.7677e+01 -1.0851e+00 -8.3342e+00 1.7911e+01 -3.5117e+00 -8.1806e+00 1.8340e+01 -3.7488e+00 -8.3302e+00 1.8028e+01 -1.4802e+00 -7.9141e+00 1.8081e+01 -3.4889e+00 -7.9910e+00 1.9094e+01 -3.3118e+00 -1.9179e+01 -1.7010e+01 -2.0198e+01 -9.8852e+00 1.4984e+01 -1.9571e+01 -1.6874e+01 -2.0006e+01 -8.5112e+00 1.4877e+01 -1.9089e+01 -1.7352e+01 -2.0903e+01 -8.6705e+00 1.3899e+01 -1.9322e+01 -1.8529e+01 -1.8761e+01 -7.7907e+00 1.4421e+01 -1.9017e+01 -1.9647e+01 -2.1254e+01 -5.6901e+00 1.0792e+01 -1.9551e+01 -1.3556e+01 5.1920e+00 6.1981e+00 -1.9908e+01 6.1898e+00 6.5200e+00 -1.8049e+01 -2.8049e+00 1.2770e+01 -1.8121e+01 -1.7755e+01 -2.0699e+01 -4.6291e+00 1.2256e+01 -1.7865e+01 -1.6392e+01 -4.5205e+00 -4.8770e+00 1.0891e+00 -1.7935e+01 -1.5277e+01 -1.8522e+01 -1.2511e+01 1.6682e+01 -1.8963e+01 -1.6575e+01 -2.0370e+01 -7.9906e+00 1.4393e+01 -1.9976e+01 -1.7147e+01 -1.9821e+01 -8.7858e+00 1.4784e+01 -1.7997e+01 -1.7968e+01 -2.0937e+01 -9.2475e+00 1.4095e+01
5 -8.2785e+00 1.8704e+01 -4.1747e+00 -8.5397e+00 1.7958e+01 -2.7442e+00 -8.5327e+00 1.7397e+01 -3.0303e+00 -8.1712e+00 1.8022e+01 -1.2103e-01 -7.9265e+00 1.7574e+01 -2.7528e+00 -7.6947e+00 1.8342e+01 -2.8335e-02 -8.3210e+00 1.7358e+01 -5.9543e-01 -8.9517e+00 1.6036e+01 -2.8557e+00 -8.8427e+00 1.8052e+01 -1.7408e+00 -8.3323e+00 1.7253e+01 -3.4572e+00 -8.0468e+00 1.7128e+01 -3.0408e+00 -8.7828e+00 1.5863e+01 -4.8084e+00 -8.3910e+00 1.7761e+01 -3.9584e+00 -7.5438e+00 1.8236e+01 -2.9177e+00 -1.9351e+01 -1.7268e+01 -1.9545e+01 -9.6495e+00 1.5173e+01 -1.9712e+01 -1.7833e+01 -2.0182e+01 -9.0237e+00 1.4774e+01 -2.0162e+01 -1.6391e+01 -2.0968e+01 -7.4982e+00 1.3547e+01 -1.9592e+01 -1.7634e+01 -2.0826e+01 -8.0771e+00 1.3656e+01 -1.5970e+01 -1.6964e+01 -2.0721e+01 -5.8963e+00 1.2039e+01 1.2967e+00 -1.4777e-02 1.6513e+01 -2.0381e+01 6.3487e+00 -2.0410e+01 -1.7730e+01 -1.4876e+01 -1.4054e+01 -8.9279e+00 -1.5729e+01 -1.5153e+01 -2.0429e+01 -6.7282e+00 1.3712e+01 -1.4613e+01 -1.5274e+01 -7.6137e+00 -7.3522e+00 -1.6553e+00 -2.0076e+01 -1.7661e+01 -2.0758e+01 -1.0840e+01 1.5172e+01 -2.1695e+01 -1.5371e+01 -1.9515e+01 -1.8569e+01 -5.7196e+00 -1.6835e+01 -1.2754e+01 -1.9798e+01 -8.6964e+00 1.5049e+01 -1.9025e+01 -1.8208e+01 -2.1461e+01 -8.2449e+00 1.3048e+01
6 -8.5353e+00 1.7747e+01 -3.6509e+00 -8.2356e+00 1.7589e+01 -2.5122e+00 -8.3694e+00 1.7911e+01 -3.5918e+00 -8.8669e+00 1.8912e+01 -1.0655e+00 -7.9333e+00 1.8043e+01 -3.6206e+00 -8.1516e+00 1.7628e+01 -1.0479e+00 -7.9897e+00 1.7412e+01 -3.1719e+00 -8.7232e+00 1.8297e+01 -1.7735e+00 -8.4921e+00 1.7176e+01 -1.0130e+00 -8.5585e+00 1.7410e+01 -2.8872e+00 -8.4628e+00 1.8822e+01 -3.5201e+00 -8.1591e+00 1.8332e+01 -1.8288e+00 -7.5417e+00 1.7139e+01 -3.4729e+00 -8.0574e+00 1.9047e+01 -2.9113e+00 -1.9280e+01 -1.5729e+01 -2.0110e+01 -9.6187e+00 1.5013e+01 -1.8674e+01 -1.4587e+01 -2.0010e+01 -7.3335e+00 1.4391e+01 -1.8294e+01 -1.6670e+01 -2.0551e+01 -7.6181e+00 1.3955e+01 -2.1579e+01 -1.9706e+01 -2.0145e+01 -9.9222e+00 1.5077e+01 -1.8420e+01 -1.8358e+01 -2.1331e+01 -7.9105e+00 1.2887e+01 -6.6753e+00 -7.2691e+00 1.5151e+01 -1.6569e+01 5.1723e+00 -1.1993e+01 -9.7804e+00 -1.6335e+01 -4.5482e+00 1.3947e+01 -1.8289e+01 -1.8354e+01 -2.0623e+01 -9.3481e+00 1.4486e+01 -1.8217e+01 -1.8243e+01 -5.5678e+00 -5.3604e+00 -1.5092e+00 -1.9945e+01 -1.7591e+01 -2.0172e+01 -8.9291e+00 1.4652e+01 -2.0300e+01 -1.8392e+01 -2.0009e+01 -8.0918e+00 1.4070e+01 -2.0283e+01 -1.8494e+01 -2.0399e+01 -7.0474e+00 1.3412e+01 -1.6188e+01 -1.7122e+01 -2.1407e+01 -6.5126e+00 1.1950e+01
7 -8.5374e+00 1.7837e+01 -3.5573e+00 -8.6135e+00 1.7842e+01 -2.5937e+00 -8.3883e+00 1.7744e+01 -3.1282e+00 -7.9862e+00 1.8226e+01 -6.0232e-01 -7.8782e+00 1.8547e+01 -4.1503e+00 -8.1696e+00 1.9047e+01 -1.1789e+00 -7.9251e+00 1.6904e+01 -2.3238e+00 -8.6082e+00 1.7112e+01 -4.8674e-01 -8.4036e+00 1.8005e+01 -1.5634e+00 -8.3060e+00 1.7876e+01 -3.1923e+00 -7.8609e+00 1.8267e+01 -3.2262e+00 -8.6742e+00 1.7086e+01 -4.1258e+00 -8.2918e+00 1.7924e+01 -4.0806e+00 -7.7688e+00 1.8121e+01 -3.1264e+00 -1.9722e+01 -1.7360e+01 -2.0636e+01 -6.5602e+00 1.2837e+01 -2.0384e+01 -1.8749e+01 -2.0845e+01 -8.2682e+00 1.3958e+01 -2.0777e+01 -1.7895e+01 -2.0899e+01 -6.7787e+00 1.2783e+01 -1.9095e+01 -1.7001e+01 -1.9570e+01 -7.8975e+00 1.4677e+01 -1.5870e+01 -1.6215e+01 -2.0624e+01 -7.6054e+00 1.3012e+01 -5.3579e+00 -6.7771e+00 1.5392e+01 -2.1321e+01 6.4660e+00 -1.0871e+01 -1.2917e+01 -2.0675e+01 -3.4000e+00 1.1487e+01 -1.8334e+01 -1.7835e+01 -1.9838e+01 -4.8849e+00 1.2669e+01 -1.5698e+01 -1.6584e+01 -5.9097e+00 -7.0913e+00 2.5337e+00 -1.6816e+01 -1.4943e+01 -1.9200e+01 -1.5068e+01 1.6964e+01 -2.1618e+01 -1.8598e+01 -2.2166e+01 -2.0224e+01 -7.1462e+00 -1.8484e+01 -1.5515e+01 -1.9804e+01 -1.0789e+01 1.5832e+01 -1.9028e+01 -1.8073e+01 -2.1386e+01 -9.0701e+00 1.3651e+01
8 -8.4056e+00 1.7151e+01 -3.6833e+00 -8.3880e+00 1.8171e+01 -2.0782e+00 -8.3114e+00 1.7652e+01 -3.1180e+00 -8.5268e+00 1.7591e+01 -2.6981e-01 -7.8765e+00 1.7549e+01 -3.5319e+00 -7.8401e+00 1.7673e+01 -6.3178e-01 -8.1301e+00 1.7384e+01 -1.7196e+00 -8.1060e+00 1.7763e+01 -1.1860e-01 -8.4643e+00 1.8333e+01 -1.6387e+00 -8.6355e+00 1.6440e+01 -2.9454e+00 -8.4430e+00 1.7544e+01 -3.5009e+00 -8.2835e+00 1.7798e+01 -1.5494e+00 -8.1353e+00 1.8265e+01 -3.5241e+00 -7.6529e+00 1.8208e+01 -2.8749e+00 -1.8881e+01 -1.5879e+01 -2.0327e+01 -9.3107e+00 1.4672e+01 -1.9755e+01 -1.7440e+01 -2.0131e+01 -8.5952e+00 1.4593e+01 -2.0009e+01 -1.7414e+01 -2.1082e+01 -6.3010e+00 1.2443e+01 -1.9476e+01 -1.7074e+01 -1.9813e+01 -7.9631e+00 1.4228e+01 -1.6386e+01 -1.7322e+01 -2.1211e+01 -6.4633e+00 1.2203e+01 -5.2223e+00 -5.5616e+00 1.5623e+01 -1.9562e+01 6.2803e+00 -1.1576e+01 -1.1239e+01 -1.8157e+01 -4.8539e+00 1.3862e+01 -1.8603e+01 -1.7823e+01 -1.9471e+01 -5.4653e+00 1.3342e+01 -1.6106e+01 -1.6937e+01 -7.3038e+00 -7.0089e+00 -2.3776e+00 -1.9588e+01 -1.6654e+01 -2.0603e+01 -8.2629e+00 1.4148e+01 -1.9939e+01 -1.6898e+01 -2.0540e+01 -6.2757e+00 1.3146e+01 -1.9483e+01 -1.7736e+01 -2.0032e+01 -7.3144e+00 1.3890e+01 -1.9268e+01 -1.8841e+01 -2.1369e+01 -8.3008e+00 1.2875e+01
9 -7.7988e+00 1.9358e+01 -2.9874e+00 -8.4663e+00 1.9017e+01 -1.2594e+00 -8.3226e+00 1.8703e+01 -3.5653e+00 -8.6226e+00 1.7781e+01 -6.7911e-01 -7.9658e+00 1.8935e+01 -4.0728e+00 -7.9202e+00 1.8025e+01 -1.2487e+00 -8.3389e+00 1.7518e+01 -3.3695e+00 -8.5561e+00 1.7175e+01 -1.5906e+00 -8.5358e+00 1.7153e+01 -7.6346e-01 -8.3112e+00 1.7097e+01 -3.3792e+00 -8.1919e+00 1.9217e+01 -4.2760e+00 -8.5713e+00 1.8156e+01 -1.5100e+00 -8.0933e+00 1.8223e+01 -3.6459e+00 -7.4952e+00 1.9196e+01 -3.5360e+00 -1.8930e+01 -1.8981e+01 -2.0114e+01 -6.4328e+00 1.3189e+01 -1.9465e+01 -1.7661e+01 -1.9166e+01 -8.0596e+00 1.4989e+01 -1.9216e+01 -1.7139e+01 -2.0643e+01 -9.4542e+00 1.4744e+01 -1.9321e+01 -1.7594e+01 -1.9142e+01 -9.3595e+00 1.5421e+01 -1.8573e+01 -1.8909e+01 -2.1513e+01 -8.7739e+00 1.3173e+01 -7.1354e+00 -8.3113e+00 1.5306e+01 -1.7745e+01 5.7239e+00 -1.4918e+01 -1.1283e+01 -1.7132e+01 -2.1407e+00 1.2464e+01 -1.7433e+01 -1.7380e+01 -2.0825e+01 -7.8664e+00 1.3840e+01 -1.8395e+01 -1.7910e+01 -7.0715e+00 -7.4197e+00 -5.2039e-01 -1.6771e+01 -1.6291e+01 -1.9887e+01 -9.1633e+00 1.4582e+01 -1.7815e+01 -1.7577e+01 -1.9464e+01 -9.1575e+00 1.5102e+01 -2.0117e+01 -1.8266e+01 -2.0291e+01 -7.8275e+00 1.3792e+01 -1.8750e+01 -1.8810e+01 -2.0366e+01 -8.4527e+00 1.3539e+01
10 -8.6121e+00 1.8122e+01 -3.7808e+00 -8.5191e+00 1.7145e+01 -2.2783e+00 -8.3990e+00 1.6998e+01 -3.6937e+00 -8.1742e+00 1.7271e+01 -3.6634e-01 -7.8759e+00 1.8439e+01 -4.9803e+00 -7.9167e+00 1.8040e+01 -1.4582e+00 -8.3726e+00 1.7536e+01 -3.9475e+00 -8.5155e+00 1.7095e+01 -1.4836e+00 -8.2906e+00 1.7484e+01 -1.1494e+00 -8.7328e+00 1.7207e+01 -3.0926e+00 -8.3430e+00 1.7971e+01 -3.4293e+00 -8.2828e+00 1.8006e+01 -2.3630e+00 -8.3788e+00 1.8031e+01 -4.3842e+00 -7.8931e+00 1.8445e+01 -3.6906e+00 -2.0847e+01 -1.8150e+01 -2.0961e+01 -8.8685e+00 1.3648e+01 -1.8488e+01 -1.5315e+01 -2.0155e+01 -7.6563e+00 1.4367e+01 -1.9288e+01 -1.5683e+01 -2.0918e+01 -7.7083e+00 1.3679e+01 -1.8929e+01 -1.6178e+01 -1.9230e+01 -6.6680e+00 1.4448e+01 -1.9132e+01 -1.8826e+01 -2.1669e+01 -1.0984e+01 1.4182e+01 -7.6773e+00 -8.5570e+00 1.4733e+01 -1.8942e+01 5.9471e+00 -1.4453e+01 -1.1024e+01 -1.7194e+01 -1.9791e+00 1.2354e+01 -1.7890e+01 -1.7538e+01 -2.0081e+01 -7.4370e+00 1.4343e+01 -1.3831e+01 -1.3448e+01 -9.7541e+00 -1.0805e+01 3.7324e+00 -2.0540e+01 -1.6913e+01 -2.0450e+01 -7.4752e+00 1.3995e+01 -2.0289e+01 -1.7219e+01 -1.9695e+01 -7.3067e+00 1.4303e+01 -1.8588e+01 -1.6313e+01 -2.0064e+01 -8.1844e+00 1.4886e+01 -1.8431e+01 -1.7415e+01 -2.0792e+01 -8.3870e+00 1.3959e+01
11 -8.4027e+00 1.7077e+01 -5.3526e+00 -8.2809e+00 1.8161e+01 -3.4598e+00 -8.3781e+00 1.8296e+01 -3.5136e+00 -8.3879e+00 1.7920e+01 -1.7482e-01 -8.0665e+00 1.6805e+01 -3.2223e+00 -8.2787e+00 1.7591e+01 1.4962e-01 -8.0502e+00 1.7448e+01 -3.5647e+00 -8.5887e+00 1.6129e+01 -2.1556e+00 -8.4881e+00 1.7890e+01 -9.2728e-01 -8.6841e+00 1.7169e+01 -2.3707e+00 -8.0068e+00 1.7545e+01 -3.2348e+00 -8.4740e+00 1.7874e+01 -4.2639e+00 -8.4332e+00 1.7498e+01 -3.8623e+00 -7.5403e+00 1.8415e+01 -3.7032e+00 -1.9089e+01 -1.4932e+01 -1.9246e+01 -9.4721e+00 1.5634e+01 -1.7544e+01 -1.5963e+01 -1.9972e+01 -8.3402e+00 1.4358e+01 -1.9614e+01 -1.7769e+01 -2.0800e+01 -9.1117e+00 1.4471e+01 -2.0417e+01 -1.6563e+01 -2.0878e+01 -7.9977e+00 1.4117e+01 -1.5998e+01 -1.5920e+01 -2.1501e+01 -6.8273e+00 1.1958e+01 -1.2009e+01 -1.2044e+01 1.5966e+01 -1.6436e+01 5.3740e+00 -1.3897e+01 -1.2470e+01 -1.6591e+01 -1.0633e+01 1.6946e+01 -1.4206e+01 -1.3266e+01 -2.0210e+01 -6.8358e+00 1.3996e+01 -2.2007e+01 -1.9411e+01 -5.7146e+00 -5.5946e+00 -3.1158e+00 -1.9247e+01 -1.7341e+01 -2.0355e+01 -1.1131e+01 1.5249e+01 -2.1735e+01 -1.6560e+01 -1.8690e+01 -1.7677e+01 -5.7069e+00 -1.8719e+01 -1.5821e+01 -2.0356e+01 -8.0464e+00 1.4408e+01 -1.9507e+01 -1.9182e+01 -2.1503e+01 -5.3509e+00 1.0053e+01
12 -8.4279e+00 1.7066e+01 -3.4903e+00 -8.1302e+00 1.8315e+01 -2.1095e+00 -8.4424e+00 1.8006e+01 -2.9466e+00 -8.6404e+00 1.8015e+01 7.5550e-01 -7.8808e+00 1.8473e+01 -3.6457e+00 -8.2473e+00 1.8681e+01 -7.8376e-01 -8.1118e+00 1.6827e+01 -2.6157e+00 -8.5906e+00 1.6995e+01 -1.3737e+00 -8.2351e+00 1.8494e+01 1.3359e-01 -8.4777e+00 1.7140e+01 -1.4121e+00 -8.5115e+00 1.8431e+01 -2.8554e+00 -8.0787e+00 1.7607e+01 -1.9143e+00 -8.1408e+00 1.7784e+01 -3.4465e+00 -7.8121e+00 1.8116e+01 -2.9350e+00 -1.8668e+01 -1.5871e+01 -2.0282e+01 -9.0870e+00 1.4552e+01 -1.9184e+01 -1.7554e+01 -2.0067e+01 -9.6248e+00 1.5125e+01 -1.9743e+01 -1.7307e+01 -2.1160e+01 -7.6033e+00 1.3118e+01 -2.0117e+01 -1.7082e+01 -1.7018e+01 -8.2109e+00 1.5710e+01 -1.8882e+01 -1.8854e+01 -2.1293e+01 -6.6106e+00 1.1630e+01 -1.1385e+01 -1.1627e+01 1.7926e+01 -1.6318e+01 6.1030e+00 -1.2340e+01 -1.2364e+01 -1.9796e+01 -7.1134e+00 1.4409e+01 -1.4356e+01 -1.4863e+01 -1.9831e+01 -4.0325e+00 1.1998e+01 1.4281e+01 1.3771e+01 1.6192e+01 2.0286e+01 -6.7150e+00 -1.9522e+01 -1.7846e+01 -2.0541e+01 -5.8659e+00 1.2538e+01 -2.0192e+01 -1.7641e+01 -1.9514e+01 -7.7228e+00 1.4542e+01 -1.9781e+01 -1.7214e+01 -2.0403e+01 -7.1888e+00 1.3817e+01 -1.9324e+01 -1.8274e+01 -2.1532e+01 -7.9318e+00 1.2921e+01
13 -8.4778e+00 1.6445e+01 -5.4308e+00 -8.4345e+00 1.7860e+01 -3.3843e+00 -8.3585e+00 1.7089e+01 -3.5336e+00 -8.3964e+00 1.7767e+01 2.7251e-02 -7.7090e+00 1.8473e+01 -3.5670e+00 -7.7929e+00 1.8564e+01 -4.4964e-01 -8.5742e+00 1.8210e+01 -2.4210e+00 -8.1520e+00 1.7768e+01 -1.3512e+00 -8.6663e+00 1.7967e+01 -1.4817e+00 -8.2081e+00 1.7383e+01 -3.0443e+00 -8.5104e+00 1.8786e+01 -3.4169e+00 -8.2485e+00 1.8000e+01 -2.4699e+00 -8.4731e+00 1.7804e+01 -3.8051e+00 -7.7554e+00 1.7587e+01 -3.1742e+00 -1.7002e+01 -1.0993e+01 -1.8168e+01 -1.0901e+01 1.6644e+01 -1.9207e+01 -1.5816e+01 -1.9977e+01 -1.0141e+01 1.5676e+01 -1.9542e+01 -1.6862e+01 -2.1046e+01 -6.8453e+00 1.2858e+01 -1.8983e+01 -1.7203e+01 -2.0188e+01 -7.3532e+00 1.3801e+01 -1.7472e+01 -1.7823e+01 -2.0766e+01 -8.3713e+00 1.3611e+01 -5.5148e+00 -7.1041e+00 1.5761e+01 -1.9378e+01 6.2625e+00 -1.2939e+01 -1.1228e+01 -1.6882e+01 -4.6771e+00 1.4032e+01 -1.9004e+01 -1.8886e+01 -2.0164e+01 -6.7342e+00 1.3746e+01 -1.6073e+01 -1.5956e+01 -6.6777e+00 -6.4992e+00 -2.0949e+00 -1.8637e+01 -1.5195e+01 -1.9615e+01 -7.5360e+00 1.4292e+01 -1.9625e+01 -1.8343e+01 -2.0066e+01 -6.9119e+00 1.3714e+01 -1.8534e+01 -1.6593e+01 -2.0244e+01 -6.2871e+00 1.3431e+01 -1.9117e+01 -1.7909e+01 -2.1598e+01 -1.0454e+01 1.4239e+01
14 -8.3608e+00 1.7912e+01 -3.6916e+00 -8.2935e+00 1.7630e+01 -2.4514e+00 -8.2213e+00 1.7835e+01 -3.3020e+00 -8.4280e+00 1.7850e+01 -9.0375e-01 -7.8060e+00 1.7697e+01 -3.7451e+00 -8.4949e+00 1.6958e+01 -2.1287e+00 -8.3339e+00 1.7575e+01 -3.5920e+00 -8.3908e+00 1.7265e+01 -2.1261e+00 -8.1421e+00 1.7474e+01 -1.6917e+00 -8.3763e+00 1.7803e+01 -3.8476e+00 -8.5944e+00 1.8471e+01 -4.0857e+00 -8.5136e+00 1.8008e+01 -1.3687e+00 -8.2061e+00 1.8096e+01 -3.4957e+00 -7.8778e+00 1.8222e+01 -2.8106e+00 -1.9468e+01 -1.6897e+01 -2.0452e+01 -7.6954e+00 1.3609e+01 -1.9936e+01 -1.7336e+01 -2.0846e+01 -7.2453e+00 1.3159e+01 -1.9618e+01 -1.8658e+01 -2.1046e+01 -5.4297e+00 1.1300e+01 -1.9066e+01 -1.6423e+01 -2.0535e+01 -5.1420e+00 1.2177e+01 -1.4289e+01 -1.3069e+01 -2.3541e+01 -2.3538e+01 2.2887e+00 -9.4980e+00 -8.5058e+00 1.7931e+01 -1.5764e+01 5.9901e+00 -1.4538e+01 -1.1771e+01 -1.6038e+01 -8.8899e+00 1.6222e+01 -1.7074e+01 -1.6285e+01 -1.9377e+01 -8.7798e+00 1.5301e+01 -2.1215e+01 -1.6929e+01 -5.7418e+00 -5.6234e+00 -2.2336e+00 -1.5957e+01 -1.2530e+01 -1.7675e+01 -1.1197e+01 1.6829e+01 -1.9578e+01 -1.7216e+01 -2.0469e+01 -7.8005e+00 1.4208e+01 -2.0352e+01 -1.8999e+01 -2.0854e+01 -5.2700e+00 1.1764e+01 -1.9035e+01 -1.8471e+01 -2.1480e+01 -9.8484e+00 1.3946e+01
15 -8.5186e+00 1.7363e+01 -2.1392e+00 -8.1821e+00 1.8395e+01 -3.5581e+00 -8.2707e+00 1.8475e+01 -3.5115e+00 -8.5934e+00 1.7411e+01 -5.3926e-01 -8.0355e+00 1.8038e+01 -3.5471e+00 -8.4715e+00 1.7521e+01 3.2626e-01 -8.0900e+00 1.7415e+01 -3.4194e+00 -8.5631e+00 1.7216e+01 -2.3716e+00 -8.3618e+00 1.7533e+01 8.6990e-01 -8.1835e+00 1.7936e+01 -2.2599e+00 -8.1687e+00 1.8346e+01 -4.0732e+00 -7.9526e+00 1.7248e+01 -1.7682e+00 -8.3760e+00 1.8034e+01 -3.1807e+00 -7.6706e+00 1.7942e+01 -2.9678e+00 -1.8949e+01 -1.5383e+01 -1.7919e+01 -7.1181e+00 1.4924e+01 -1.7465e+01 -1.3291e+01 -1.6652e+01 -1.2141e+01 1.7515e+01 -1.8493e+01 -1.6763e+01 -2.0823e+01 -7.3692e+00 1.3459e+01 -1.9178e+01 -1.6202e+01 -2.0309e+01 -7.6663e+00 1.4112e+01 -1.8199e+01 -1.8090e+01 -2.1379e+01 -8.5523e+00 1.3207e+01 -1.1888e+01 -1.1131e+01 1.7645e+01 -1.5352e+01 5.7803e+00 -1.0929e+01 -1.0830e+01 -1.9152e+01 -5.0884e+00 1.3745e+01 -1.6155e+01 -1.4409e+01 -1.9212e+01 -9.9228e+00 1.6001e+01 -2.2355e+01 -1.8449e+01 -1.8367e+00 -2.6034e+00 1.9220e-01 -1.8058e+01 -1.5870e+01 -1.8546e+01 -8.2984e+00 1.4966e+01 -1.9117e+01 -1.6807e+01 -2.0212e+01 -6.7306e+00 1.3833e+01 -1.8145e+01 -1.6130e+01 -2.0342e+01 -7.0251e+00 1.3676e+01 -2.1043e+01 -1.9406e+01 -2.1594e+01 -7.1418e+00 1.1964e+01
16 -8.5332e+00 1.7500e+01 -3.3151e+00 -8.2870e+00 1.7784e+01 -1.8495e+00 -8.3044e+00 1.8325e+01 -3.6565e+00 -8.4664e+00 1.7585e+01 -1.1300e+00 -7.8230e+00 1.7704e+01 -4.1008e+00 -7.7523e+00 1.8048e+01 -5.3725e-01 -8.3034e+00 1.7342e+01 -1.5493e+00 -8.1700e+00 1.7317e+01 9.6877e-02 -8.7584e+00 1.8223e+01 -1.4446e+00 -8.3796e+00 1.7849e+01 -2.9810e+00 -8.1968e+00 1.7793e+01 -3.8419e+00 -8.4093e+00 1.8725e+01 -2.0626e+00 -8.1793e+00 1.7965e+01 -3.0605e+00 -8.3612e+00 1.8946e+01 -2.7317e+00 -1.9798e+01 -1.7678e+01 -2.0877e+01 -6.8514e+00 1.2518e+01 -1.9345e+01 -1.6745e+01 -1.9458e+01 -7.8600e+00 1.4563e+01 -2.0062e+01 -1.7949e+01 -2.0702e+01 -6.7213e+00 1.3016e+01 -1.9695e+01 -1.6842e+01 -1.9624e+01 -7.5091e+00 1.4449e+01 -1.7053e+01 -1.7394e+01 -2.1206e+01 -8.4452e+00 1.3162e+01 -5.2744e+00 -6.2525e+00 1.6588e+01 -1.9672e+01 6.3643e+00 -1.2570e+01 -1.2001e+01 -1.8551e+01 -5.8666e+00 1.4249e+01 -1.8146e+01 -1.7251e+01 -1.9542e+01 -5.5510e+00 1.3646e+01 -1.7100e+01 -1.6290e+01 -4.5508e+00 -4.9501e+00 1.1775e-01 -1.7738e+01 -1.4646e+01 -1.7463e+01 -1.3869e+01 1.7578e+01 -1.9107e+01 -1.6807e+01 -2.0139e+01 -6.4712e+00 1.3612e+01 -2.0242e+01 -1.8599e+01 -2.0326e+01 -8.3065e+00 1.4007e+01 -1.8313e+01 -1.8115e+01 -2.0931e+01 -7.0792e+00 1.3202e+01
17 -8.5518e+00 1.8309e+01 -2.8422e+00 -8.0153e+00 1.8802e+01 -2.7249e+00 -8.1063e+00 1.8668e+01 -3.3921e+00 -8.2618e+00 1.7948e+01 -6.1483e-01 -7.9085e+00 1.8932e+01 -3.4687e+00 -8.3035e+00 1.9136e+01 -1.2921e+00 1.8327e+01 1.5108e+01 -5.1051e+00 -8.0787e+00 -2.4821e+00 -8.9213e+00 -8.3929e+00 1.6920e+01 -1.6902e+00 -8.8517e+00 1.6800e+01 -3.9695e+00 -8.5223e+00 1.7858e+01 -4.0842e+00 -8.6165e+00 1.7703e+01 -2.1608e+00 -7.7375e+00 1.8043e+01 -3.5410e+00 -7.6187e+00 1.8892e+01 -3.0265e+00 -1.8795e+01 -1.7329e+01 -1.9628e+01 -1.0238e+01 1.5134e+01 -1.9234e+01 -1.8091e+01 -1.8194e+01 -1.1502e+01 1.6517e+01 -2.0824e+01 -1.9201e+01 -2.1109e+01 -4.6103e+00 1.1538e+01 -1.9259e+01 -1.9040e+01 -2.1061e+01 -4.6999e+00 1.0503e+01 -1.4036e+01 -1.4927e+01 -2.0180e+01 -9.1241e+00 1.5065e+01 3.2506e+00 3.6810e+00 3.2955e+00 -2.8056e+00 -3.0701e-01 6.1649e+00 1.0835e+00 -7.0518e-01 2.6785e+00 6.0620e+00 4.6293e+00 7.9844e+00 -2.0507e+01 -8.0936e+00 1.4103e+01 -2.1173e+01 -1.9429e+01 -8.0272e+00 -7.6356e+00 -3.8926e+00 -1.8474e+01 -1.5500e+01 -1.9219e+01 -1.1820e+01 1.6311e+01 -1.9712e+01 -1.6026e+01 -2.0176e+01 -6.4415e+00 1.3690e+01 -1.9124e+01 -1.7929e+01 -1.9962e+01 -8.6388e+00 1.4233e+01 -1.9413e+01 -1.8444e+01 -2.1145e+01 -6.6049e+00 1.2064e+01
18 -8.2429e+00 1.7967e+01 -4.6196e+00 -8.2736e+00 1.8667e+01 -3.4388e+00 -8.3888e+00 1.8182e+01 -3.7081e+00 -8.5204e+00 1.8064e+01 -2.4420e-01 -7.9749e+00 1.7875e+01 -2.4960e+00 -8.3302e+00 1.7617e+01 4.3139e-01 -8.0005e+00 1.7408e+01 -2.9467e+00 -8.6679e+00 1.6806e+01 -2.0287e+00 -8.3171e+00 1.7218e+01 -3.2243e-02 -8.5141e+00 1.8080e+01 -2.3256e+00 -8.2938e+00 1.8539e+01 -3.4103e+00 -8.5672e+00 1.8433e+01 -2.4112e+00 -8.0602e+00 1.6779e+01 -3.9853e+00 -7.5981e+00 1.7942e+01 -3.3445e+00 -1.5911e+01 -1.3071e+01 -1.8459e+01 -1.0957e+01 1.6372e+01 -1.8428e+01 -1.7281e+01 -1.9367e+01 -8.9409e+00 1.5091e+01 -1.9253e+01 -1.7530e+01 -2.0661e+01 -8.5977e+00 1.4009e+01 -1.9993e+01 -1.8214e+01 -2.1051e+01 -7.8835e+00 1.3116e+01 -1.7008e+01 -1.7317e+01 -2.1218e+01 -7.2831e+00 1.2752e+01 -1.1357e+01 -1.1929e+01 1.6782e+01 -1.5519e+01 5.3938e+00 -1.2482e+01 -1.1838e+01 -1.8101e+01 -7.3310e+00 1.5251e+01 -1.5120e+01 -1.4526e+01 -1.9981e+01 -9.8334e+00 1.5367e+01 -2.2341e+01 -1.8815e+01 -4.2151e+00 -4.1238e+00 -2.2676e+00 -1.9385e+01 -1.7329e+01 -1.9371e+01 -1.0764e+01 1.5760e+01 -1.9356e+01 -1.7543e+01 -1.9852e+01 -6.5724e+00 1.3825e+01 -2.0261e+01 -1.7726e+01 -1.9122e+01 -1.0413e+01 1.5827e+01 -1.8831e+01 -1.6804e+01 -2.1516e+01 -8.8420e+00 1.3563e+01
19 -8.3513e+00 1.8759e+01 -4.6246e+00 -8.2330e+00 1.7136e+01 -3.0907e+00 -8.1774e+00 1.7499e+01 -3.5036e+00 -8.0433e+00 1.8292e+01 -7.4419e-01 -7.8234e+00 1.8453e+01 -3.6291e+00 -8.0306e+00 1.8348e+01 -1.5124e+00 -8.2662e+00 1.7375e+01 -1.9274e+00 -8.7265e+00 1.7084e+01 -9.4047e-01 -8.4854e+00 1.7476e+01 -1.9366e+00 -8.3155e+00 1.7824e+01 -3.2279e+00 -8.3312e+00 1.7892e+01 -3.6464e+00 -8.0693e+00 1.8389e+01 -1.6141e+00 -8.3138e+00 1.8232e+01 -3.7672e+00 -7.8157e+00 1.7473e+01 -2.7814e+00 -1.9191e+01 -1.6412e+01 -1.8188e+01 -1.1885e+01 1.6717e+01 -1.7852e+01 -1.4386e+01 -1.9924e+01 -8.5665e+00 1.4915e+01 -1.8596e+01 -1.5452e+01 -1.9737e+01 -4.8069e+00 1.2168e+01 -1.7253e+01 -1.7936e+01 -2.0331e+01 -7.4466e+00 1.4075e+01 -1.7325e+01 -1.7446e+01 -2.0598e+01 -7.2441e+00 1.3221e+01 -6.0067e+00 -6.6564e+00 1.6758e+01 -2.1335e+01 6.2971e+00 -1.1886e+01 -1.2865e+01 -2.0560e+01 -3.6290e+00 1.1603e+01 -1.8299e+01 -1.7657e+01 -1.9857e+01 -5.9619e+00 1.3422e+01 -1.9174e+01 -1.8448e+01 -5.0027e+00 -4.8209e+00 -1.7189e+00 -1.8111e+01 -1.6177e+01 -1.9894e+01 -9.8621e+00 1.4974e+01 -1.8730e+01 -1.5998e+01 -2.0383e+01 -5.6942e+00 1.2936e+01 -1.9359e+01 -1.8141e+01 -1.9696e+01 -7.8512e+00 1.4487e+01 -1.9808e+01 -1.8724e+01 -2.1680e+01 -9.0879e+00 1.3135e+01
