frame G2:C1-C2 G2:C3-C4 G2:C1-CC G3:C1-C2 G3:C3-C4 G3:C1-CC C4:C1-C2 C4:C3-C4 C4:C1-CC U5:C1-C2 U5:C3-C4 U5:C1-CC G6:C1-C2 G6:C3-C4 G6:C1-CC A7:C1-C2 A7:C3-C4 A7:C1-CC A8:C1-C2 A8:C3-C4 A8:C1-CC G9:C1-C2 G9:C3-C4 G9:C1-CC G10:C1-C2 G10:C3-C4 G10:C1-CC G11:C1-C2 G11:C3-C4 G11:C1-CC C12:C1-C2 C12:C3-C4 C12:C1-CC C13:C1-C2 C13:C3-C4 C13:C1-CC G2:C4p-P-plus G2:C3p-P-plus G3:C4p-P G3:C5p-P G3:C5s-P G3:C4p-P-plus G3:C3p-P-plus C4:C4p-P C4:C5p-P C4:C5s-P C4:C4p-P-plus C4:C3p-P-plus U5:C4p-P U5:C5p-P U5:C5s-P U5:C4p-P-plus U5:C3p-P-plus G6:C4p-P G6:C5p-P G6:C5s-P G6:C4p-P-plus G6:C3p-P-plus A7:C4p-P A7:C5p-P A7:C5s-P A7:C4p-P-plus A7:C3p-P-plus A8:C4p-P A8:C5p-P A8:C5s-P A8:C4p-P-plus A8:C3p-P-plus G9:C4p-P G9:C5p-P G9:C5s-P G9:C4p-P-plus G9:C3p-P-plus G10:C4p-P G10:C5p-P G10:C5s-P G10:C4p-P-plus G10:C3p-P-plus G11:C4p-P G11:C5p-P G11:C5s-P G11:C4p-P-plus G11:C3p-P-plus C12:C4p-P C12:C5p-P C12:C5s-P C12:C4p-P-plus C12:C3p-P-plus C13:C4p-P C13:C5p-P C13:C5s-P
0 -9.7077e+00 1.5001e+01 1.5783e+00 3.1411e+00 1.7348e+01 -5.9096e+00 -7.3449e+00 1.5890e+01 -6.3286e+00 1.0141e+01 1.4073e+01 -4.1591e+00 -7.5698e+00 1.8769e+01 4.8897e+00 -8.2463e+00 1.7976e+01 8.3194e-01 -8.7143e+00 1.7295e+01 2.9017e+00 -9.6667e+00 1.5304e+01 -4.3727e+00 -8.4380e+00 1.8049e+01 8.9098e-01 -9.7281e+00 1.8317e+01 4.9429e+00 -8.2540e+00 1.8541e+01 -8.4318e+00 -7.4146e+00 1.8133e+01 -2.9980e+00 -1.0127e+01 -9.2336e+00 -1.7682e+01 2.7804e+00 7.4230e+00 -2.3755e+01 -1.7619e+01 -1.9341e+01 -4.7699e+00 8.7412e+00 -2.4226e+01 -2.5126e+01 -1.4006e+01 -1.4889e+01 1.4933e+01 -8.7805e+00 -1.8213e+01 -4.2002e-01 3.3791e-01 9.9344e-01 -2.1409e+01 -2.0797e+01 1.8428e+01 -2.5375e+01 1.5563e+00 -1.9585e+01 -2.0316e+01 -1.9015e+01 8.3428e-01 5.2449e+00 -2.5381e+01 -1.9853e+01 -2.3328e+01 -2.2757e+01 -8.9341e-01 1.1048e+01 4.8629e+00 4.8273e+00 1.0220e+01 -7.5581e+00 -2.1862e+01 -2.1320e+01 -2.0274e+01 -2.7592e-01 7.5797e+00 -2.2293e+01 -2.1993e+01 -1.9752e+01 -4.7584e+00 9.2147e+00 -2.2316e+01 -2.1044e+01 -1.8283e+01 -4.0129e+00 9.4510e+00
1 -9.7081e+00 1.5315e+01 1.6329e+00 2.9533e+00 1.7313e+01 -5.9771e+00 -7.7555e+00 1.6419e+01 -6.2250e+00 1.7657e+00 1.8200e+01 -6.4339e+00 -4.4598e+00 1.9316e+01 5.6584e+00 -7.9480e+00 1.7449e+01 3.2928e-01 -8.6562e+00 1.7325e+01 3.2827e+00 -9.6492e+00 1.4994e+01 -4.1609e+00 -8.5202e+00 1.7876e+01 6.5182e-01 -9.7332e+00 1.8123e+01 4.8163e+00 -8.2212e+00 1.8604e+01 -8.4276e+00 -7.5347e+00 1.8037e+01 -2.9162e+00 -1.0476e+01 -9.4262e+00 -1.7439e+01 2.0919e+00 7.9622e+00 -2.3892e+01 -1.7820e+01 -1.9425e+01 -4.6111e+00 8.4971e+00 -2.5284e+01 -2.4489e+01 -1.4416e+01 -1.5662e+01 1.4862e+01 -4.3253e-01 -1.5605e+00 -1.6625e+01 7.1437e+00 1.7594e+00 -2.2835e+01 -2.1670e+01 1.7833e+01 -2.5907e+01 2.5077e+00 -2.0483e+01 -2.1197e+01 -1.9075e+01 7.0298e-01 5.7514e+00 -2.5478e+01 -2.0211e+01 -2.3304e+01 -2.2662e+01 -1.1004e+00 1.0803e+01 3.6399e+00 4.0725e+00 8.9032e+00 -5.6563e+00 -2.2317e+01 -2.1829e+01 -2.0203e+01 -5.8947e-01 7.5018e+00 -2.2007e+01 -2.1987e+01 -2.0090e+01 -3.6075e+00 7.8640e+00 -2.2493e+01 -2.1147e+01 -1.8412e+01 -4.0345e+00 9.5353e+00
2 -9.6279e+00 1.5039e+01 1.0283e+00 2.9649e-01 1.7524e+01 -6.5530e+00 -7.9520e+00 1.6317e+01 -5.7139e+00 -5.9993e+00 1.2443e+01 -4.9874e+00 -2.1180e+00 1.9139e+01 5.3087e+00 -8.1446e+00 1.7869e+01 1.4605e-01 -8.8149e+00 1.8062e+01 3.0567e+00 -9.6961e+00 1.5004e+01 -4.8357e+00 -8.4024e+00 1.7867e+01 8.5132e-01 -9.7437e+00 1.7765e+01 5.1627e+00 -6.7880e+00 1.8162e+01 -7.7604e+00 -8.3168e+00 1.5657e+01 -3.8035e+00 -1.0502e+01 -9.2534e+00 -1.7567e+01 1.5916e+00 8.5434e+00 -2.2724e+01 -1.5729e+01 -1.9118e+01 -6.9739e+00 1.1249e+01 -2.0078e+01 -1.8413e+01 -2.2354e+01 -2.3740e+01 6.3112e+00 -2.0472e+01 -2.0368e+00 8.0973e+00 1.3457e+01 1.2175e+01 -2.2918e+01 -2.1587e+01 1.7084e+01 -2.5967e+01 1.6136e+00 -2.0820e+01 -2.0877e+01 -2.0268e+01 2.7817e+00 3.7133e+00 -2.3883e+01 -1.8474e+01 -2.2921e+01 -2.2052e+01 -2.4204e+00 1.1025e+01 5.3009e+00 2.6190e+00 7.5483e+00 -3.1415e+00 -2.1435e+01 -2.1785e+01 -2.0494e+01 1.0098e-01 6.3035e+00 -2.1505e+01 -2.2102e+01 -1.9650e+01 -4.0436e+00 7.9094e+00 -2.5138e+01 -2.1922e+01 -2.3933e+01 -2.3648e+01 -1.3437e+00
3 -9.6991e+00 1.4998e+01 1.4662e+00 2.4635e+00 1.7479e+01 -6.0995e+00 -8.5771e+00 1.8689e+01 -6.3816e+00 -6.2871e+00 1.7948e+01 -3.7965e+00 -8.6945e+00 1.8796e+01 3.3892e+00 -8.1894e+00 1.7678e+01 1.1536e+00 -8.8149e+00 1.7158e+01 4.7304e+00 -9.5894e+00 1.3807e+01 -2.2363e+00 -8.6270e+00 1.7940e+01 3.4573e+00 -9.7349e+00 1.8326e+01 5.4542e+00 -7.9847e+00 1.8450e+01 -8.1602e+00 -7.3969e+00 1.8113e+01 -2.5870e+00 -1.0199e+01 -9.1845e+00 -1.7678e+01 2.4691e+00 7.6731e+00 -2.3982e+01 -1.8309e+01 -1.9960e+01 -3.2292e+00 7.2726e+00 8.9277e+00 9.4129e+00 9.9537e+00 1.0524e+01 1.6607e+01 -4.4037e+00 -5.9270e+00 -1.8588e+01 1.1018e+00 6.0150e+00 -2.2294e+01 -2.1014e+01 1.8487e+01 -2.5266e+01 3.0713e+00 -1.9320e+01 -2.0875e+01 -1.8748e+01 1.4326e+00 4.0028e+00 -2.5851e+01 -2.1947e+01 -2.1792e+01 -2.1908e+01 -1.3642e+00 2.3903e+00 -5.7222e+00 -1.9151e+01 -1.8849e-01 6.4534e+00 -2.1319e+01 -2.1425e+01 -2.0615e+01 1.4525e+00 5.3931e+00 -2.2349e+01 -2.2007e+01 -1.9985e+01 -4.7725e+00 9.1485e+00 -2.2529e+01 -2.1324e+01 -1.8006e+01 -5.2778e+00 1.0630e+01
4 -9.6633e+00 1.4941e+01 1.1725e+00 4.2465e-01 1.7514e+01 -6.4638e+00 -8.2416e+00 1.7253e+01 -6.1673e+00 -6.8170e+00 1.8622e+01 -3.8212e+00 -6.0197e+00 1.9105e+01 1.0125e+00 -8.3263e+00 1.8367e+01 2.2504e+00 -9.5235e+00 1.8574e+01 2.2933e+00 -7.6137e+00 1.8933e+01 -3.3743e+00 -9.0594e+00 1.7182e+01 3.0421e+00 -9.7451e+00 1.7972e+01 5.0748e+00 -8.3256e+00 1.8556e+01 -7.9158e+00 -7.4822e+00 1.8131e+01 -2.9174e+00 -9.3085e+00 -8.4334e+00 -1.8052e+01 2.4611e+00 8.0222e+00 -2.3258e+01 -1.6612e+01 -1.9871e+01 -6.1942e+00 1.0269e+01 -1.0376e+01 -6.8554e+00 -2.0139e+01 3.9662e+00 6.7449e+00 1.2232e+01 1.4119e+01 5.0829e+00 8.5582e+00 -1.5850e+01 -2.0243e+01 -2.0209e+01 1.7672e+01 -2.5759e+01 2.1612e+00 -2.2571e+01 -2.1645e+01 -2.1047e+01 -2.3865e+00 8.8544e+00 8.5135e+00 1.0622e+01 1.6078e+01 1.6408e+01 -8.1754e+00 8.7254e+00 5.4290e+00 6.5015e+00 8.7936e+00 -4.3728e+00 -1.9309e+01 -2.0920e+01 -2.0593e+01 6.5192e-01 5.8668e+00 -2.1244e+01 -2.1736e+01 -2.0171e+01 -3.9266e+00 8.5534e+00 -2.2337e+01 -2.1081e+01 -1.8486e+01 -4.0854e+00 9.3118e+00
5 -9.6755e+00 1.5124e+01 1.8004e+00 2.5080e+00 1.7393e+01 -5.9751e+00 -8.4773e+00 1.8461e+01 -6.2209e+00 1.1620e+01 1.0998e+01 -3.6326e+00 -7.8644e+00 1.8654e+01 5.0763e+00 -8.2023e+00 1.8102e+01 1.0032e-01 -8.7413e+00 1.7718e+01 2.8523e+00 -9.7140e+00 1.4983e+01 -5.0875e+00 -8.5474e+00 1.8021e+01 5.4922e-01 -9.7333e+00 1.8328e+01 4.7237e+00 -6.7610e+00 1.8212e+01 -8.3173e+00 -8.1683e+00 1.5021e+01 -3.6538e+00 -1.0473e+01 -9.4753e+00 -1.7531e+01 2.4405e+00 7.7017e+00 -2.3915e+01 -1.7921e+01 -2.0192e+01 -2.4322e+00 7.1365e+00 4.8178e+00 6.5401e+00 8.5816e+00 1.0072e+01 1.7687e+01 -8.0870e+00 -1.8249e+01 -3.3056e+00 -4.3774e-01 2.1242e+00 -2.2818e+01 -2.1518e+01 1.7732e+01 -2.5418e+01 2.8243e-01 -2.0748e+01 -2.0883e+01 -1.9415e+01 1.2386e+00 5.0973e+00 -2.4753e+01 -1.9435e+01 -2.3117e+01 -2.2390e+01 -1.3447e+00 1.1230e+01 5.0381e+00 4.8127e+00 9.7001e+00 -6.8211e+00 -2.0166e+01 -2.0321e+01 -2.0420e+01 7.9958e-01 6.0536e+00 -2.2949e+01 -2.2236e+01 -1.9088e+01 -5.6973e+00 8.6951e+00 -2.4964e+01 -2.0959e+01 -2.2673e+01 -2.1893e+01 -4.1807e+00
6 -9.6844e+00 1.4887e+01 1.2753e+00 2.0998e+00 1.7488e+01 -6.1395e+00 -6.0360e+00 1.3437e+01 -5.9259e+00 5.9434e+00 1.6871e+01 -7.2617e+00 -8.0472e+00 1.8637e+01 3.0361e+00 -8.0208e+00 1.8136e+01 2.7500e+00 -9.3150e+00 1.8448e+01 4.6230e+00 -8.2888e+00 1.8941e+01 -3.6627e+00 -9.0523e+00 1.7326e+01 3.2037e+00 -9.7393e+00 1.8233e+01 5.0403e+00 -8.2215e+00 1.8628e+01 -8.3340e+00 -7.4452e+00 1.8169e+01 -3.0925e+00 -1.0106e+01 -9.2731e+00 -1.7672e+01 2.4455e+00 7.7570e+00 -2.3383e+01 -1.6864e+01 -1.7726e+01 -6.2480e+00 1.0367e+01 -3.9000e+00 1.1109e+01 6.1927e+00 9.1308e+00 -7.7126e+00 -1.4086e+01 -1.9383e+01 -5.2638e+00 -1.2404e+00 6.7212e-01 -2.1886e+01 -2.0680e+01 1.8018e+01 -2.5137e+01 -1.7160e-01 -2.2443e+01 -2.1781e+01 -2.0404e+01 5.4660e-02 6.8751e+00 1.1256e+01 1.0184e+01 8.5368e+00 8.6589e+00 4.8247e+00 9.3251e+00 7.0969e+00 9.2676e+00 1.0370e+01 -6.6208e+00 -2.0817e+01 -2.1441e+01 -2.0743e+01 3.0116e-01 6.5574e+00 -2.2205e+01 -2.2063e+01 -2.0171e+01 -3.5137e+00 7.8508e+00 -2.2454e+01 -2.1134e+01 -1.8341e+01 -4.4086e+00 9.4936e+00
7 -6.9535e-01 1.9483e+01 -9.3383e+00 4.8781e+00 1.8821e+01 -6.4504e+00 -8.3302e+00 1.7637e+01 -5.1058e+00 -5.5253e+00 1.8246e+01 -3.9606e+00 -6.8034e+00 1.8755e+01 4.1538e+00 -8.2091e+00 1.8133e+01 6.5243e-01 -9.1745e+00 1.7553e+01 3.5310e+00 -9.3112e+00 1.8208e+01 1.5664e+00 -8.8509e+00 1.7957e+01 1.8992e+00 -9.7497e+00 1.8115e+01 5.4438e+00 -8.0635e+00 1.9149e+01 -6.6612e+00 -8.8375e+00 1.7780e+01 -4.8470e+00 7.1331e+00 7.1986e+00 -1.6410e+01 1.0901e+01 -1.5481e+01 -2.1444e+01 -1.7278e+01 -2.0636e+01 -3.8161e+00 8.9390e+00 -1.2168e+01 -8.0843e+00 -1.9363e+01 4.1400e+00 6.7668e+00 -5.3390e+00 2.2861e+00 3.8136e+00 1.0519e+01 1.1047e+01 -2.3100e+01 -2.1579e+01 1.7802e+01 -2.5512e+01 7.2050e-01 -2.0540e+01 -2.0560e+01 -1.9899e+01 1.4949e+00 5.0994e+00 -2.4418e+01 -2.2626e+01 -2.0180e+01 6.8995e-01 6.8388e+00 -4.8013e-01 -2.5853e+00 -1.8506e+01 -1.7972e+00 9.5080e+00 -2.2486e+01 -2.2112e+01 -2.1071e+01 1.7445e+00 4.4860e+00 -2.3088e+01 -2.2649e+01 -1.9009e+01 -5.1022e+00 6.3297e+00 1.2351e+01 1.1459e+01 -9.8117e+00 8.7850e+00 -7.9639e+00
8 -2.4646e+00 1.9486e+01 -9.3176e+00 -5.3704e+00 1.9078e+01 -6.5013e+00 5.5552e-01 1.7197e+01 -7.0793e+00 8.1298e+00 1.6811e+01 -6.3279e+00 -7.6520e+00 1.8743e+01 4.6052e+00 -8.2172e+00 1.7990e+01 6.3908e-01 -8.7237e+00 1.7288e+01 3.1220e+00 -9.6695e+00 1.5286e+01 -4.3904e+00 -8.7702e+00 1.7961e+01 6.8267e-01 -9.6958e+00 1.8420e+01 4.7540e+00 -8.4056e+00 1.9079e+01 -7.7484e+00 -8.1949e+00 1.8203e+01 3.6482e+00 9.7586e+00 1.0473e+01 -2.1114e+01 5.2635e+00 4.4498e+00 -1.9097e+01 -1.9848e+01 -1.8169e+01 -6.5693e-01 6.5656e+00 5.8934e+00 1.2376e+01 6.3135e+00 9.2258e+00 -7.2268e+00 -1.5876e+01 -2.0217e+01 -6.1197e+00 -2.6225e+00 3.0209e+00 -2.2117e+01 -2.1067e+01 1.8372e+01 -2.5273e+01 9.3670e-01 -1.9745e+01 -2.0371e+01 -1.8988e+01 8.2465e-01 5.2248e+00 -2.5403e+01 -1.9949e+01 -2.3586e+01 -2.3048e+01 -5.2319e-01 1.0951e+01 4.7558e+00 5.4867e+00 1.0097e+01 -7.3591e+00 -2.2452e+01 -2.1770e+01 -2.0363e+01 -1.8012e+00 8.1818e+00 -2.2770e+01 -2.2100e+01 -2.0614e+01 -5.3692e+00 7.8214e+00 1.2031e+01 1.0986e+01 -1.1214e+01 1.2475e+01 -1.1659e+01
9 -9.6589e+00 1.5182e+01 2.2232e+00 2.6077e+00 1.7777e+01 -5.3977e+00 -6.7748e+00 1.4425e+01 -6.1102e+00 -6.6621e+00 1.7181e+01 -5.3725e+00 -8.0758e+00 1.9091e+01 4.0009e+00 -7.7150e+00 1.7325e+01 1.6310e+00 -8.5027e+00 1.7136e+01 4.4482e+00 -9.6001e+00 1.4048e+01 -2.8022e+00 -8.9208e+00 1.7009e+01 -2.5339e-02 -9.7462e+00 1.8102e+01 4.3133e+00 -8.2619e+00 1.8250e+01 -8.2929e+00 -2.5914e+00 1.8724e+01 -6.1444e+00 -1.1634e+01 -9.1674e+00 -1.7878e+01 2.7505e+00 7.8180e+00 -2.3226e+01 -1.7257e+01 -1.9171e+01 -4.4840e+00 9.4772e+00 -1.4210e+01 1.7286e+00 4.7122e+00 1.0704e+01 1.1398e+01 -1.5770e+01 -1.7857e+01 -1.8335e+01 8.2595e-01 4.3798e+00 -2.1806e+01 -2.0992e+01 1.8557e+01 -2.5295e+01 3.2158e+00 -1.9855e+01 -2.1225e+01 -1.8773e+01 1.4353e+00 4.6092e+00 -2.5737e+01 -2.1130e+01 -2.2292e+01 -2.1755e+01 -1.9301e+00 -1.8305e+01 -2.2574e+00 6.8110e+00 1.4287e+01 1.3869e+01 -2.2450e+01 -2.1656e+01 -1.9641e+01 -1.6784e+00 8.1946e+00 -2.0664e+01 -2.1364e+01 -1.9456e+01 -5.0935e+00 9.1916e+00 8.3087e+00 1.2150e+01 7.5366e+00 9.1760e+00 -6.1220e+00
10 -9.7037e+00 1.5283e+01 1.5646e+00 3.0074e+00 1.7367e+01 -6.0380e+00 -7.5163e+00 1.6065e+01 -6.2079e+00 5.8297e+00 1.7434e+01 -5.9201e+00 5.8142e-02 1.8854e+01 7.2442e+00 -7.6102e+00 1.6859e+01 1.4277e+00 -9.3540e+00 1.5357e+01 5.5061e-01 -9.7406e+00 1.5174e+01 -5.2162e+00 -9.5168e+00 1.8651e+01 2.8140e-01 -9.7450e+00 1.8667e+01 6.1441e+00 -8.1304e+00 1.8383e+01 -8.0390e+00 -7.5309e+00 1.8292e+01 -2.6298e+00 -1.0485e+01 -9.3857e+00 -1.7303e+01 1.8373e+00 8.1674e+00 -2.3699e+01 -1.7547e+01 -1.9297e+01 -4.8160e+00 8.7656e+00 -2.4670e+01 -2.3714e+01 -1.2390e+01 -1.3062e+01 1.3108e+01 -2.6040e-01 -1.2123e+00 -1.8445e+01 8.0943e+00 1.8574e+00 -2.3743e+01 -2.1154e+01 1.7092e+01 -2.5820e+01 1.0170e+00 -2.5345e+01 -2.2697e+01 -2.1116e+01 -2.2641e+01 -4.4918e-01 -2.4756e+01 -2.0730e+01 -2.2992e+01 -2.2654e+01 -9.9381e-01 1.1285e+01 7.0901e+00 1.0187e+01 1.0934e+01 -8.3061e+00 7.1324e+00 5.9906e+00 8.8984e+00 -6.8977e+00 -1.5902e+01 -2.3158e+01 -2.2227e+01 -1.9801e+01 -4.8875e+00 9.3986e+00 -2.2569e+01 -2.1262e+01 -1.8050e+01 -5.5888e+00 1.0854e+01
11 -9.6863e+00 1.4430e+01 1.6020e+00 3.2334e+00 1.7436e+01 -5.9085e+00 -6.9649e+00 1.6218e+01 -6.6145e+00 9.2427e+00 1.5118e+01 -4.3729e+00 -8.1308e+00 1.8317e+01 4.2562e+00 -8.3320e+00 1.8156e+01 -1.8079e-01 -9.1740e+00 1.7606e+01 1.0772e+00 -9.7548e+00 1.6128e+01 -4.5739e+00 -7.7483e+00 1.8653e+01 4.8043e+00 -9.7428e+00 1.8335e+01 5.9354e+00 -6.7486e+00 1.8339e+01 -8.0901e+00 -8.3095e+00 1.5257e+01 -3.8422e+00 -8.7839e+00 -8.3901e+00 -1.7767e+01 2.4446e+00 7.8655e+00 -2.3608e+01 -1.7460e+01 -1.8868e+01 -3.0118e+00 6.8819e+00 -2.4552e+01 -2.5042e+01 -1.2859e+01 -1.3810e+01 1.4457e+01 -8.7582e+00 -1.7460e+01 -6.6348e-01 3.0005e-01 7.6843e-01 -2.3560e+01 -2.1217e+01 1.8292e+01 -2.5332e+01 8.9541e-01 -2.0514e+01 -2.0679e+01 -2.0027e+01 4.6948e-01 6.0453e+00 2.1736e+00 3.7815e+00 -9.2260e-01 1.1414e+01 4.9789e+00 1.2139e+01 1.0724e+01 -4.8526e-01 7.7819e+00 -1.9670e+01 -2.2689e+01 -2.2072e+01 -2.1036e+01 1.7056e+00 5.6530e+00 -2.2741e+01 -2.2257e+01 -1.9095e+01 -5.3281e+00 8.6913e+00 -2.4914e+01 -2.1615e+01 -2.3570e+01 -2.2971e+01 -2.8063e+00
12 -9.7310e+00 1.7581e+01 2.7352e+00 2.6856e+00 1.7945e+01 -5.5547e+00 -6.3605e+00 1.4210e+01 -6.4002e+00 -7.7288e+00 1.5692e+01 -3.7352e+00 -6.3395e+00 1.8929e+01 3.6151e+00 -8.0140e+00 1.7678e+01 -1.2781e+00 -9.0731e+00 1.7692e+01 1.4804e+00 -9.7243e+00 1.6250e+01 -4.3517e+00 -9.4228e+00 1.9256e+01 1.8901e+00 -9.7423e+00 1.8196e+01 6.9230e+00 -7.6393e+00 1.8309e+01 -7.9724e+00 3.1139e+00 1.8454e+01 -7.5681e+00 -1.4415e+01 -9.2892e+00 -1.7750e+01 2.9459e+00 7.8680e+00 -2.1737e+01 -1.5380e+01 -1.8272e+01 -4.8784e+00 9.0604e+00 9.2720e+00 1.5239e+01 1.8072e+00 9.3088e+00 1.0419e+01 1.0155e+01 4.8665e+00 1.4993e+01 1.4194e+01 -1.7936e+01 -2.1217e+01 -1.7674e+01 1.9361e+01 -2.3567e+01 -2.2650e+00 -2.0856e+01 -2.1110e+01 -1.9140e+01 -1.6218e+00 7.7559e+00 1.5156e+00 2.7792e+00 -1.3774e+00 1.1631e+01 4.5724e+00 1.0034e+01 1.2255e+01 -1.8975e+01 -3.2619e+00 1.1624e+01 6.3115e+00 5.4906e+00 1.0071e+01 -1.1075e+01 -1.3765e+01 -2.2628e+01 -2.2325e+01 -1.9424e+01 -4.8679e+00 9.1413e+00 8.7362e+00 1.1462e+01 6.7435e+00 8.3386e+00 -7.9809e-01
