frame G2:C1-C2 G2:C3-C4 G2:C1-CC G3:C1-C2 G3:C3-C4 G3:C1-CC C4:C1-C2 C4:C3-C4 C4:C1-CC U5:C1-C2 U5:C3-C4 U5:C1-CC G6:C1-C2 G6:C3-C4 G6:C1-CC A7:C1-C2 A7:C3-C4 A7:C1-CC A8:C1-C2 A8:C3-C4 A8:C1-CC G9:C1-C2 G9:C3-C4 G9:C1-CC G10:C1-C2 G10:C3-C4 G10:C1-CC G11:C1-C2 G11:C3-C4 G11:C1-CC C12:C1-C2 C12:C3-C4 C12:C1-CC C13:C1-C2 C13:C3-C4 C13:C1-CC G2:C4p-P-plus G2:C3p-P-plus G3:C4p-P G3:C5p-P G3:C5s-P G3:C4p-P-plus G3:C3p-P-plus C4:C4p-P C4:C5p-P C4:C5s-P C4:C4p-P-plus C4:C3p-P-plus U5:C4p-P U5:C5p-P U5:C5s-P U5:C4p-P-plus U5:C3p-P-plus G6:C4p-P G6:C5p-P G6:C5s-P G6:C4p-P-plus G6:C3p-P-plus A7:C4p-P A7:C5p-P A7:C5s-P A7:C4p-P-plus A7:C3p-P-plus A8:C4p-P A8:C5p-P A8:C5s-P A8:C4p-P-plus A8:C3p-P-plus G9:C4p-P G9:C5p-P G9:C5s-P G9:C4p-P-plus G9:C3p-P-plus G10:C4p-P G10:C5p-P G10:C5s-P G10:C4p-P-plus G10:C3p-P-plus G11:C4p-P G11:C5p-P G11:C5s-P G11:C4p-P-plus G11:C3p-P-plus C12:C4p-P C12:C5p-P C12:C5s-P C12:C4p-P-plus C12:C3p-P-plus C13:C4p-P C13:C5p-P C13:C5s-P
0 -9.7077e+00 1.5001e+01 1.5783e+00 3.1411e+00 1.7348e+01 -5.9096e+00 -7.3449e+00 1.5890e+01 -6.3286e+00 1.0141e+01 1.4073e+01 -4.1591e+00 -7.5698e+00 1.8769e+01 4.8897e+00 -8.2463e+00 1.7976e+01 8.3194e-01 -8.7143e+00 1.7295e+01 2.9017e+00 -9.6667e+00 1.5304e+01 -4.3727e+00 -8.4380e+00 1.8049e+01 8.9098e-01 -9.7281e+00 1.8317e+01 4.9429e+00 -8.2540e+00 1.8541e+01 -8.4318e+00 -7.4146e+00 1.8133e+01 -2.9980e+00 -8.6797e+00 -7.9137e+00 -1.5155e+01 2.3829e+00 6.3619e+00 -2.0360e+01 -1.5100e+01 -1.6576e+01 -4.0880e+00 7.4917e+00 -2.0763e+01 -2.1534e+01 -1.2004e+01 -1.2761e+01 1.2798e+01 -7.5254e+00 -1.5610e+01 -3.5998e-01 2.8960e-01 8.5143e-01 -1.8349e+01 -1.7824e+01 1.5794e+01 -2.1748e+01 1.3339e+00 -1.6785e+01 -1.7412e+01 -1.6297e+01 7.1502e-01 4.4952e+00 -2.1753e+01 -1.7015e+01 -1.9993e+01 -1.9504e+01 -7.6570e-01 9.4691e+00 4.1678e+00 4.1373e+00 8.7595e+00 -6.4778e+00 -1.8737e+01 -1.8273e+01 -1.7376e+01 -2.3648e-01 6.4962e+00 -1.9106e+01 -1.8849e+01 -1.6929e+01 -4.0782e+00 7.8975e+00 -1.9126e+01 -1.8035e+01 -1.5670e+01 -3.4393e+00 8.1001e+00
1 -9.7081e+00 1.5315e+01 1.6329e+00 2.9533e+00 1.7313e+01 -5.9771e+00 -7.7555e+00 1.6419e+01 -6.2250e+00 1.7657e+00 1.8200e+01 -6.4339e+00 -4.4598e+00 1.9316e+01 5.6584e+00 -7.9480e+00 1.7449e+01 3.2928e-01 -8.6562e+00 1.7325e+01 3.2827e+00 -9.6492e+00 1.4994e+01 -4.1609e+00 -8.5202e+00 1.7876e+01 6.5182e-01 -9.7332e+00 1.8123e+01 4.8163e+00 -8.2212e+00 1.8604e+01 -8.4276e+00 -7.5347e+00 1.8037e+01 -2.9162e+00 -8.9784e+00 -8.0788e+00 -1.4946e+01 1.7929e+00 6.8241e+00 -2.0477e+01 -1.5273e+01 -1.6648e+01 -3.9520e+00 7.2825e+00 -2.1669e+01 -2.0989e+01 -1.2356e+01 -1.3423e+01 1.2737e+01 -3.7070e-01 -1.3374e+00 -1.4249e+01 6.1226e+00 1.5079e+00 -1.9571e+01 -1.8572e+01 1.5284e+01 -2.2204e+01 2.1493e+00 -1.7555e+01 -1.8167e+01 -1.6348e+01 6.0250e-01 4.9292e+00 -2.1836e+01 -1.7322e+01 -1.9973e+01 -1.9423e+01 -9.4307e-01 9.2590e+00 3.1196e+00 3.4903e+00 7.6305e+00 -4.8478e+00 -1.9127e+01 -1.8709e+01 -1.7315e+01 -5.0521e-01 6.4295e+00 -1.8861e+01 -1.8844e+01 -1.7218e+01 -3.0919e+00 6.7399e+00 -1.9277e+01 -1.8124e+01 -1.5780e+01 -3.4578e+00 8.1723e+00
2 -9.6279e+00 1.5039e+01 1.0283e+00 2.9649e-01 1.7524e+01 -6.5530e+00 -7.9520e+00 1.6317e+01 -5.7139e+00 -5.9993e+00 1.2443e+01 -4.9874e+00 -2.1180e+00 1.9139e+01 5.3087e+00 -8.1446e+00 1.7869e+01 1.4605e-01 -8.8149e+00 1.8062e+01 3.0567e+00 -9.6961e+00 1.5004e+01 -4.8357e+00 -8.4024e+00 1.7867e+01 8.5132e-01 -9.7437e+00 1.7765e+01 5.1627e+00 -6.7880e+00 1.8162e+01 -7.7604e+00 -8.3168e+00 1.5657e+01 -3.8035e+00 -9.0011e+00 -7.9307e+00 -1.5056e+01 1.3641e+00 7.3222e+00 -1.9475e+01 -1.3481e+01 -1.6385e+01 -5.9770e+00 9.6412e+00 -1.7208e+01 -1.5781e+01 -1.9159e+01 -2.0347e+01 5.4091e+00 -1.7546e+01 -1.7456e+00 6.9398e+00 1.1534e+01 1.0434e+01 -1.9642e+01 -1.8502e+01 1.4642e+01 -2.2255e+01 1.3830e+00 -1.7844e+01 -1.7893e+01 -1.7371e+01 2.3841e+00 3.1825e+00 -2.0469e+01 -1.5833e+01 -1.9644e+01 -1.8899e+01 -2.0744e+00 9.4489e+00 4.5432e+00 2.2446e+00 6.4693e+00 -2.6924e+00 -1.8371e+01 -1.8671e+01 -1.7564e+01 8.6547e-02 5.4024e+00 -1.8431e+01 -1.8942e+01 -1.6841e+01 -3.4656e+00 6.7788e+00 -2.1545e+01 -1.8788e+01 -2.0512e+01 -2.0268e+01 -1.1516e+00
3 -9.6991e+00 1.4998e+01 1.4662e+00 2.4635e+00 1.7479e+01 -6.0995e+00 -8.5771e+00 1.8689e+01 -6.3816e+00 -6.2871e+00 1.7948e+01 -3.7965e+00 -8.6945e+00 1.8796e+01 3.3892e+00 -8.1894e+00 1.7678e+01 1.1536e+00 -8.8149e+00 1.7158e+01 4.7304e+00 -9.5894e+00 1.3807e+01 -2.2363e+00 -8.6270e+00 1.7940e+01 3.4573e+00 -9.7349e+00 1.8326e+01 5.4542e+00 -7.9847e+00 1.8450e+01 -8.1602e+00 -7.3969e+00 1.8113e+01 -2.5870e+00 -8.7413e+00 -7.8716e+00 -1.5151e+01 2.1161e+00 6.5763e+00 -2.0554e+01 -1.5692e+01 -1.7107e+01 -2.7676e+00 6.2330e+00 7.6515e+00 8.0674e+00 8.5309e+00 9.0193e+00 1.4233e+01 -3.7742e+00 -5.0798e+00 -1.5931e+01 9.4427e-01 5.1552e+00 -1.9107e+01 -1.8010e+01 1.5845e+01 -2.1654e+01 2.6323e+00 -1.6559e+01 -1.7891e+01 -1.6068e+01 1.2278e+00 3.4306e+00 -2.2155e+01 -1.8810e+01 -1.8677e+01 -1.8777e+01 -1.1692e+00 2.0486e+00 -4.9043e+00 -1.6414e+01 -1.6154e-01 5.5309e+00 -1.8272e+01 -1.8362e+01 -1.7668e+01 1.2449e+00 4.6222e+00 -1.9154e+01 -1.8861e+01 -1.7128e+01 -4.0903e+00 7.8408e+00 -1.9308e+01 -1.8276e+01 -1.5432e+01 -4.5233e+00 9.1103e+00
4 -9.6633e+00 1.4941e+01 1.1725e+00 4.2465e-01 1.7514e+01 -6.4638e+00 -8.2416e+00 1.7253e+01 -6.1673e+00 -6.8170e+00 1.8622e+01 -3.8212e+00 -6.0197e+00 1.9105e+01 1.0125e+00 -8.3263e+00 1.8367e+01 2.2504e+00 -9.5235e+00 1.8574e+01 2.2933e+00 -7.6137e+00 1.8933e+01 -3.3743e+00 -9.0594e+00 1.7182e+01 3.0421e+00 -9.7451e+00 1.7972e+01 5.0748e+00 -8.3256e+00 1.8556e+01 -7.9158e+00 -7.4822e+00 1.8131e+01 -2.9174e+00 -7.9779e+00 -7.2279e+00 -1.5472e+01 2.1093e+00 6.8754e+00 -1.9934e+01 -1.4237e+01 -1.7031e+01 -5.3088e+00 8.8011e+00 -8.8925e+00 -5.8755e+00 -1.7261e+01 3.3993e+00 5.7808e+00 1.0484e+01 1.2101e+01 4.3564e+00 7.3348e+00 -1.3584e+01 -1.7349e+01 -1.7320e+01 1.5146e+01 -2.2077e+01 1.8523e+00 -1.9344e+01 -1.8551e+01 -1.8039e+01 -2.0454e+00 7.5887e+00 7.2966e+00 9.1036e+00 1.3779e+01 1.4063e+01 -7.0068e+00 7.4782e+00 4.6530e+00 5.5721e+00 7.5366e+00 -3.7477e+00 -1.6549e+01 -1.7929e+01 -1.7649e+01 5.5873e-01 5.0281e+00 -1.8207e+01 -1.8629e+01 -1.7288e+01 -3.3653e+00 7.3307e+00 -1.9144e+01 -1.8068e+01 -1.5843e+01 -3.5014e+00 7.9807e+00
5 -9.6755e+00 1.5124e+01 1.8004e+00 2.5080e+00 1.7393e+01 -5.9751e+00 -8.4773e+00 1.8461e+01 -6.2209e+00 1.1620e+01 1.0998e+01 -3.6326e+00 -7.8644e+00 1.8654e+01 5.0763e+00 -8.2023e+00 1.8102e+01 1.0032e-01 -8.7413e+00 1.7718e+01 2.8523e+00 -9.7140e+00 1.4983e+01 -5.0875e+00 -8.5474e+00 1.8021e+01 5.4922e-01 -9.7333e+00 1.8328e+01 4.7237e+00 -6.7610e+00 1.8212e+01 -8.3173e+00 -8.1683e+00 1.5021e+01 -3.6538e+00 -8.9763e+00 -8.1209e+00 -1.5025e+01 2.0916e+00 6.6007e+00 -2.0496e+01 -1.5359e+01 -1.7305e+01 -2.0846e+00 6.1164e+00 4.1291e+00 5.6053e+00 7.3549e+00 8.6319e+00 1.5159e+01 -6.9310e+00 -1.5641e+01 -2.8331e+00 -3.7517e-01 1.8206e+00 -1.9557e+01 -1.8442e+01 1.5198e+01 -2.1785e+01 2.4206e-01 -1.7782e+01 -1.7898e+01 -1.6640e+01 1.0615e+00 4.3687e+00 -2.1215e+01 -1.6657e+01 -1.9813e+01 -1.9189e+01 -1.1524e+00 9.6249e+00 4.3180e+00 4.1248e+00 8.3135e+00 -5.8461e+00 -1.7283e+01 -1.7416e+01 -1.7501e+01 6.8529e-01 5.1883e+00 -1.9669e+01 -1.9058e+01 -1.6359e+01 -4.8829e+00 7.4521e+00 -2.1396e+01 -1.7963e+01 -1.9432e+01 -1.8763e+01 -3.5831e+00
6 -9.6844e+00 1.4887e+01 1.2753e+00 2.0998e+00 1.7488e+01 -6.1395e+00 -6.0360e+00 1.3437e+01 -5.9259e+00 5.9434e+00 1.6871e+01 -7.2617e+00 -8.0472e+00 1.8637e+01 3.0361e+00 -8.0208e+00 1.8136e+01 2.7500e+00 -9.3150e+00 1.8448e+01 4.6230e+00 -8.2888e+00 1.8941e+01 -3.6627e+00 -9.0523e+00 1.7326e+01 3.2037e+00 -9.7393e+00 1.8233e+01 5.0403e+00 -8.2215e+00 1.8628e+01 -8.3340e+00 -7.4452e+00 1.8169e+01 -3.0925e+00 -8.6611e+00 -7.9476e+00 -1.5146e+01 2.0959e+00 6.6482e+00 -2.0040e+01 -1.4454e+01 -1.5193e+01 -5.3549e+00 8.8850e+00 -3.3426e+00 9.5208e+00 5.3075e+00 7.8256e+00 -6.6102e+00 -1.2073e+01 -1.6612e+01 -4.5114e+00 -1.0631e+00 5.7604e-01 -1.8758e+01 -1.7724e+01 1.5442e+01 -2.1543e+01 -1.4707e-01 -1.9235e+01 -1.8667e+01 -1.7488e+01 4.6847e-02 5.8924e+00 9.6467e+00 8.7279e+00 7.3165e+00 7.4212e+00 4.1350e+00 7.9922e+00 6.0825e+00 7.9428e+00 8.8881e+00 -5.6744e+00 -1.7841e+01 -1.8376e+01 -1.7778e+01 2.5812e-01 5.6201e+00 -1.9031e+01 -1.8909e+01 -1.7288e+01 -3.0114e+00 6.7285e+00 -1.9244e+01 -1.8113e+01 -1.5719e+01 -3.7784e+00 8.1366e+00
7 -6.9535e-01 1.9483e+01 -9.3383e+00 4.8781e+00 1.8821e+01 -6.4504e+00 -8.3302e+00 1.7637e+01 -5.1058e+00 -5.5253e+00 1.8246e+01 -3.9606e+00 -6.8034e+00 1.8755e+01 4.1538e+00 -8.2091e+00 1.8133e+01 6.5243e-01 -9.1745e+00 1.7553e+01 3.5310e+00 -9.3112e+00 1.8208e+01 1.5664e+00 -8.8509e+00 1.7957e+01 1.8992e+00 -9.7497e+00 1.8115e+01 5.4438e+00 -8.0635e+00 1.9149e+01 -6.6612e+00 -8.8375e+00 1.7780e+01 -4.8470e+00 6.1135e+00 6.1696e+00 -1.4064e+01 9.3430e+00 -1.3268e+01 -1.8378e+01 -1.4809e+01 -1.7686e+01 -3.2706e+00 7.6612e+00 -1.0428e+01 -6.9287e+00 -1.6595e+01 3.5482e+00 5.7995e+00 -4.5759e+00 1.9594e+00 3.2684e+00 9.0152e+00 9.4679e+00 -1.9798e+01 -1.8494e+01 1.5257e+01 -2.1865e+01 6.1751e-01 -1.7604e+01 -1.7621e+01 -1.7054e+01 1.2812e+00 4.3705e+00 -2.0928e+01 -1.9391e+01 -1.7295e+01 5.9133e-01 5.8612e+00 -4.1149e-01 -2.2158e+00 -1.5861e+01 -1.5403e+00 8.1489e+00 -1.9272e+01 -1.8951e+01 -1.8059e+01 1.4951e+00 3.8447e+00 -1.9788e+01 -1.9412e+01 -1.6291e+01 -4.3729e+00 5.4249e+00 1.0585e+01 9.8212e+00 -8.4092e+00 7.5292e+00 -6.8255e+00
8 -2.4646e+00 1.9486e+01 -9.3176e+00 -5.3704e+00 1.9078e+01 -6.5013e+00 5.5552e-01 1.7197e+01 -7.0793e+00 8.1298e+00 1.6811e+01 -6.3279e+00 -7.6520e+00 1.8743e+01 4.6052e+00 -8.2172e+00 1.7990e+01 6.3908e-01 -8.7237e+00 1.7288e+01 3.1220e+00 -9.6695e+00 1.5286e+01 -4.3904e+00 -8.7702e+00 1.7961e+01 6.8267e-01 -9.6958e+00 1.8420e+01 4.7540e+00 -8.4056e+00 1.9079e+01 -7.7484e+00 -8.1949e+00 1.8203e+01 3.6482e+00 8.3637e+00 8.9761e+00 -1.8096e+01 4.5111e+00 3.8137e+00 -1.6367e+01 -1.7011e+01 -1.5572e+01 -5.6302e-01 5.6271e+00 5.0509e+00 1.0607e+01 5.4110e+00 7.9070e+00 -6.1938e+00 -1.3606e+01 -1.7327e+01 -5.2449e+00 -2.2477e+00 2.5891e+00 -1.8956e+01 -1.8056e+01 1.5746e+01 -2.1660e+01 8.0280e-01 -1.6922e+01 -1.7459e+01 -1.6274e+01 7.0677e-01 4.4780e+00 -2.1771e+01 -1.7098e+01 -2.0215e+01 -1.9754e+01 -4.4841e-01 9.3853e+00 4.0760e+00 4.7024e+00 8.6541e+00 -6.3072e+00 -1.9243e+01 -1.8658e+01 -1.7452e+01 -1.5438e+00 7.0123e+00 -1.9515e+01 -1.8941e+01 -1.7667e+01 -4.6017e+00 6.7034e+00 1.0311e+01 9.4156e+00 -9.6111e+00 1.0692e+01 -9.9920e+00
9 -9.6589e+00 1.5182e+01 2.2232e+00 2.6077e+00 1.7777e+01 -5.3977e+00 -6.7748e+00 1.4425e+01 -6.1102e+00 -6.6621e+00 1.7181e+01 -5.3725e+00 -8.0758e+00 1.9091e+01 4.0009e+00 -7.7150e+00 1.7325e+01 1.6310e+00 -8.5027e+00 1.7136e+01 4.4482e+00 -9.6001e+00 1.4048e+01 -2.8022e+00 -8.9208e+00 1.7009e+01 -2.5339e-02 -9.7462e+00 1.8102e+01 4.3133e+00 -8.2619e+00 1.8250e+01 -8.2929e+00 -2.5914e+00 1.8724e+01 -6.1444e+00 -9.9712e+00 -7.8570e+00 -1.5323e+01 2.3573e+00 6.7005e+00 -1.9906e+01 -1.4790e+01 -1.6430e+01 -3.8431e+00 8.1225e+00 -1.2179e+01 1.4815e+00 4.0386e+00 9.1743e+00 9.7685e+00 -1.3515e+01 -1.5304e+01 -1.5715e+01 7.0788e-01 3.7537e+00 -1.8689e+01 -1.7991e+01 1.5905e+01 -2.1679e+01 2.7561e+00 -1.7017e+01 -1.8191e+01 -1.6089e+01 1.2301e+00 3.9503e+00 -2.2058e+01 -1.8110e+01 -1.9105e+01 -1.8645e+01 -1.6542e+00 -1.5688e+01 -1.9347e+00 5.8374e+00 1.2245e+01 1.1886e+01 -1.9241e+01 -1.8560e+01 -1.6833e+01 -1.4385e+00 7.0233e+00 -1.7710e+01 -1.8310e+01 -1.6675e+01 -4.3654e+00 7.8777e+00 7.1210e+00 1.0413e+01 6.4593e+00 7.8644e+00 -5.2469e+00
10 -9.7037e+00 1.5283e+01 1.5646e+00 3.0074e+00 1.7367e+01 -6.0380e+00 -7.5163e+00 1.6065e+01 -6.2079e+00 5.8297e+00 1.7434e+01 -5.9201e+00 5.8142e-02 1.8854e+01 7.2442e+00 -7.6102e+00 1.6859e+01 1.4277e+00 -9.3540e+00 1.5357e+01 5.5061e-01 -9.7406e+00 1.5174e+01 -5.2162e+00 -9.5168e+00 1.8651e+01 2.8140e-01 -9.7450e+00 1.8667e+01 6.1441e+00 -8.1304e+00 1.8383e+01 -8.0390e+00 -7.5309e+00 1.8292e+01 -2.6298e+00 -8.9860e+00 -8.0441e+00 -1.4829e+01 1.5747e+00 6.9999e+00 -2.0311e+01 -1.5039e+01 -1.6539e+01 -4.1276e+00 7.5126e+00 -2.1144e+01 -2.0325e+01 -1.0619e+01 -1.1195e+01 1.1235e+01 -2.2317e-01 -1.0390e+00 -1.5809e+01 6.9372e+00 1.5919e+00 -2.0349e+01 -1.8130e+01 1.4648e+01 -2.2129e+01 8.7164e-01 -2.1722e+01 -1.9453e+01 -1.8098e+01 -1.9404e+01 -3.8497e-01 -2.1217e+01 -1.7767e+01 -1.9705e+01 -1.9416e+01 -8.5175e-01 9.6721e+00 6.0766e+00 8.7311e+00 9.3711e+00 -7.1188e+00 6.1129e+00 5.1343e+00 7.6265e+00 -5.9117e+00 -1.3629e+01 -1.9848e+01 -1.9050e+01 -1.6971e+01 -4.1889e+00 8.0551e+00 -1.9343e+01 -1.8223e+01 -1.5470e+01 -4.7899e+00 9.3021e+00
11 -9.6863e+00 1.4430e+01 1.6020e+00 3.2334e+00 1.7436e+01 -5.9085e+00 -6.9649e+00 1.6218e+01 -6.6145e+00 9.2427e+00 1.5118e+01 -4.3729e+00 -8.1308e+00 1.8317e+01 4.2562e+00 -8.3320e+00 1.8156e+01 -1.8079e-01 -9.1740e+00 1.7606e+01 1.0772e+00 -9.7548e+00 1.6128e+01 -4.5739e+00 -7.7483e+00 1.8653e+01 4.8043e+00 -9.7428e+00 1.8335e+01 5.9354e+00 -6.7486e+00 1.8339e+01 -8.0901e+00 -8.3095e+00 1.5257e+01 -3.8422e+00 -7.5283e+00 -7.1908e+00 -1.5227e+01 2.0951e+00 6.7412e+00 -2.0233e+01 -1.4964e+01 -1.6171e+01 -2.5813e+00 5.8982e+00 -2.1043e+01 -2.1463e+01 -1.1021e+01 -1.1836e+01 1.2391e+01 -7.5063e+00 -1.4964e+01 -5.6864e-01 2.5716e-01 6.5859e-01 -2.0192e+01 -1.8185e+01 1.5677e+01 -2.1711e+01 7.6741e-01 -1.7582e+01 -1.7723e+01 -1.7164e+01 4.0237e-01 5.1811e+00 1.8629e+00 3.2410e+00 -7.9072e-01 9.7828e+00 4.2672e+00 1.0404e+01 9.1910e+00 -4.1590e-01 6.6696e+00 -1.6858e+01 -1.9445e+01 -1.8917e+01 -1.8029e+01 1.4618e+00 4.8450e+00 -1.9490e+01 -1.9076e+01 -1.6365e+01 -4.5665e+00 7.4490e+00 -2.1353e+01 -1.8525e+01 -2.0201e+01 -1.9687e+01 -2.4052e+00
12 -9.7310e+00 1.7581e+01 2.7352e+00 2.6856e+00 1.7945e+01 -5.5547e+00 -6.3605e+00 1.4210e+01 -6.4002e+00 -7.7288e+00 1.5692e+01 -3.7352e+00 -6.3395e+00 1.8929e+01 3.6151e+00 -8.0140e+00 1.7678e+01 -1.2781e+00 -9.0731e+00 1.7692e+01 1.4804e+00 -9.7243e+00 1.6250e+01 -4.3517e+00 -9.4228e+00 1.9256e+01 1.8901e+00 -9.7423e+00 1.8196e+01 6.9230e+00 -7.6393e+00 1.8309e+01 -7.9724e+00 3.1139e+00 1.8454e+01 -7.5681e+00 -1.2354e+01 -7.9614e+00 -1.5213e+01 2.5248e+00 6.7433e+00 -1.8629e+01 -1.3181e+01 -1.5661e+01 -4.1811e+00 7.7653e+00 7.9466e+00 1.3060e+01 1.5489e+00 7.9782e+00 8.9297e+00 8.7030e+00 4.1709e+00 1.2850e+01 1.2165e+01 -1.5372e+01 -1.8184e+01 -1.5147e+01 1.6594e+01 -2.0198e+01 -1.9412e+00 -1.7875e+01 -1.8092e+01 -1.6404e+01 -1.3900e+00 6.6473e+00 1.2989e+00 2.3820e+00 -1.1805e+00 9.9680e+00 3.9188e+00 8.5997e+00 1.0503e+01 -1.6263e+01 -2.7956e+00 9.9625e+00 5.4093e+00 4.7057e+00 8.6315e+00 -9.4918e+00 -1.1798e+01 -1.9393e+01 -1.9134e+01 -1.6648e+01 -4.1721e+00 7.8346e+00 7.4874e+00 9.8233e+00 5.7796e+00 7.1466e+00 -6.8401e-01
