frame G1:C1-C2 G1:C3-C4 G1:C1-CC G2:C1-C2 G2:C3-C4 G2:C1-CC C3:C1-C2 C3:C3-C4 C3:C1-CC A4:C1-C2 A4:C3-C4 A4:C1-CC C5:C1-C2 C5:C3-C4 C5:C1-CC G6:C1-C2 G6:C3-C4 G6:C1-CC A7:C1-C2 A7:C3-C4 A7:C1-CC A8:C1-C2 A8:C3-C4 A8:C1-CC G9:C1-C2 G9:C3-C4 G9:C1-CC G10:C1-C2 G10:C3-C4 G10:C1-CC U11:C1-C2 U11:C3-C4 U11:C1-CC G12:C1-C2 G12:C3-C4 G12:C1-CC C13:C1-C2 C13:C3-C4 C13:C1-CC C14:C1-C2 C14:C3-C4 C14:C1-CC G1:C4p-P-plus G1:C3p-P-plus G2:C4p-P G2:C5p-P G2:C5s-P G2:C4p-P-plus G2:C3p-P-plus C3:C4p-P C3:C5p-P C3:C5s-P C3:C4p-P-plus C3:C3p-P-plus A4:C4p-P A4:C5p-P A4:C5s-P A4:C4p-P-plus A4:C3p-P-plus C5:C4p-P C5:C5p-P C5:C5s-P C5:C4p-P-plus C5:C3p-P-plus G6:C4p-P G6:C5p-P G6:C5s-P G6:C4p-P-plus G6:C3p-P-plus A7:C4p-P A7:C5p-P A7:C5s-P A7:C4p-P-plus A7:C3p-P-plus A8:C4p-P A8:C5p-P A8:C5s-P A8:C4p-P-plus A8:C3p-P-plus G9:C4p-P G9:C5p-P G9:C5s-P G9:C4p-P-plus G9:C3p-P-plus G10:C4p-P G10:C5p-P G10:C5s-P G10:C4p-P-plus G10:C3p-P-plus U11:C4p-P U11:C5p-P U11:C5s-P U11:C4p-P-plus U11:C3p-P-plus G12:C4p-P G12:C5p-P G12:C5s-P G12:C4p-P-plus G12:C3p-P-plus C13:C4p-P C13:C5p-P C13:C5s-P C13:C4p-P-plus C13:C3p-P-plus C14:C4p-P C14:C5p-P C14:C5s-P
0 -8.0985e+00 1.8994e+01 -3.9921e+00 -8.4862e+00 1.8180e+01 -2.3799e+00 -8.4645e+00 1.7649e+01 -3.0321e+00 -8.3169e+00 1.7844e+01 -3.8456e-01 -7.9466e+00 1.7820e+01 -3.6904e+00 -7.7714e+00 1.7919e+01 -1.1887e+00 -8.3042e+00 1.7655e+01 -3.1595e+00 -8.6403e+00 1.7267e+01 -1.5468e+00 -8.6303e+00 1.7408e+01 -5.4198e-01 -8.3009e+00 1.8183e+01 -3.6999e+00 -7.8695e+00 1.7946e+01 -3.0538e+00 -8.7478e+00 1.5863e+01 -4.5226e+00 -8.2490e+00 1.7343e+01 -4.1216e+00 -7.7785e+00 1.7907e+01 -2.9912e+00 -1.5365e+01 -1.4345e+01 -1.6764e+01 -9.4413e+00 1.3525e+01 -1.6901e+01 -1.4962e+01 -1.6936e+01 -8.7357e+00 1.3340e+01 -1.7643e+01 -1.4847e+01 -1.7899e+01 -6.0415e+00 1.1279e+01 -1.6688e+01 -1.5011e+01 -1.7471e+01 -6.3478e+00 1.1748e+01 -1.4636e+01 -1.5264e+01 -1.8357e+01 -6.6154e+00 1.0656e+01 -5.3896e+00 -6.5553e+00 1.2963e+01 -1.4778e+01 4.7012e+00 -1.2115e+01 -9.3097e+00 -1.4577e+01 -1.9252e+00 1.0762e+01 -1.5043e+01 -1.5622e+01 -1.8056e+01 -5.7253e+00 1.0805e+01 -1.6177e+01 -1.5880e+01 -3.4554e+00 -3.4457e+00 -9.7641e-01 -1.6439e+01 -1.4927e+01 -1.7027e+01 -9.8412e+00 1.3361e+01 -1.8545e+01 -1.4581e+01 -1.8335e+01 -1.8049e+01 -2.2183e+00 -1.4817e+01 -1.1441e+01 -1.7012e+01 -6.6876e+00 1.2279e+01 -1.5036e+01 -1.4622e+01 -1.8545e+01 -7.9256e+00 1.1494e+01
1 -8.4271e+00 1.8650e+01 -3.3010e+00 -8.3139e+00 1.8403e+01 -1.9905e+00 -8.2859e+00 1.8173e+01 -3.0557e+00 -8.5695e+00 1.8183e+01 -1.5597e-01 -8.1670e+00 1.7951e+01 -2.9115e+00 -8.5650e+00 1.7754e+01 1.0730e-01 -8.0267e+00 1.6892e+01 -2.7975e+00 -8.6704e+00 1.6549e+01 -1.6708e+00 -8.5815e+00 1.7739e+01 -1.9064e-01 -8.8626e+00 1.6987e+01 -1.1266e+00 -8.2546e+00 1.8347e+01 -3.9123e+00 -8.1768e+00 1.7814e+01 -1.8633e+00 -8.1651e+00 1.8264e+01 -3.3161e+00 -7.8346e+00 1.8803e+01 -3.1742e+00 -1.7121e+01 -1.5059e+01 -1.6796e+01 -9.1031e+00 1.3378e+01 -1.6961e+01 -1.5300e+01 -1.7430e+01 -7.7094e+00 1.2471e+01 -1.6725e+01 -1.5260e+01 -1.8038e+01 -5.0479e+00 1.0185e+01 -1.6741e+01 -1.4741e+01 -1.7444e+01 -8.1575e+00 1.2752e+01 -1.4924e+01 -1.4435e+01 -1.7883e+01 -8.5387e+00 1.2575e+01 -8.7004e+00 -8.2760e+00 1.5232e+01 -1.4155e+01 5.2040e+00 -9.8155e+00 -1.0227e+01 -1.6789e+01 -7.5855e+00 1.3091e+01 -1.3779e+01 -1.2782e+01 -1.7044e+01 -7.1981e+00 1.2872e+01 -1.9141e+01 -1.6643e+01 -5.6937e+00 -6.0704e+00 -9.7266e-01 -1.5654e+01 -1.3455e+01 -1.5129e+01 -1.0238e+01 1.4455e+01 -1.6641e+01 -1.3815e+01 -1.7411e+01 -5.6925e+00 1.1703e+01 -1.6503e+01 -1.5343e+01 -1.7536e+01 -6.5781e+00 1.1872e+01 -1.6843e+01 -1.6105e+01 -1.8143e+01 -6.7259e+00 1.1099e+01
2 -8.3577e+00 1.8582e+01 -3.7307e+00 -8.2435e+00 1.7783e+01 -2.8031e+00 -8.3412e+00 1.7641e+01 -3.9961e+00 -8.5151e+00 1.8137e+01 -2.3767e-01 -7.9788e+00 1.8921e+01 -4.3599e+00 -8.1479e+00 1.8230e+01 -1.1321e+00 -8.3227e+00 1.7585e+01 -2.7235e+00 -8.4808e+00 1.7143e+01 -9.3419e-01 -8.4102e+00 1.8714e+01 -1.6624e+00 -8.4300e+00 1.8039e+01 -3.9508e+00 -8.2834e+00 1.7855e+01 -3.5016e+00 -7.9664e+00 1.8376e+01 -3.0294e+00 -8.2128e+00 1.8656e+01 -4.0616e+00 -7.9421e+00 1.8438e+01 -3.4965e+00 -1.7453e+01 -1.5863e+01 -1.7306e+01 -5.6510e+00 1.0868e+01 -1.6629e+01 -1.4419e+01 -1.6689e+01 -7.6027e+00 1.3011e+01 -1.6725e+01 -1.3254e+01 -1.7558e+01 -8.6296e+00 1.3052e+01 -1.6517e+01 -1.6113e+01 -1.6795e+01 -5.5585e+00 1.1376e+01 -1.5555e+01 -1.6385e+01 -1.8225e+01 -7.9504e+00 1.1665e+01 -6.7362e+00 -7.8295e+00 1.2031e+01 -1.4534e+01 4.4277e+00 -1.2355e+01 -9.4096e+00 -1.4269e+01 -2.8314e+00 1.1262e+01 -1.5632e+01 -1.4432e+01 -1.5555e+01 -5.1566e+00 1.2235e+01 -1.1542e+01 -1.2546e+01 -4.0227e+00 -4.1374e+00 -1.9692e+00 -1.5991e+01 -1.4450e+01 -1.7122e+01 -1.1013e+01 1.3832e+01 -1.6824e+01 -1.4742e+01 -1.6292e+01 -5.8663e+00 1.2252e+01 -1.6268e+01 -1.4352e+01 -1.6299e+01 -9.0299e+00 1.3929e+01 -1.7169e+01 -1.6270e+01 -1.7976e+01 -8.8487e+00 1.2674e+01
3 -8.2141e+00 1.8296e+01 -3.8944e+00 -8.2617e+00 1.7723e+01 -2.5628e+00 -8.4827e+00 1.8569e+01 -3.3066e+00 -8.5608e+00 1.7661e+01 -2.6990e-01 -7.9357e+00 1.7803e+01 -3.5508e+00 -8.0253e+00 1.8306e+01 -4.0426e-01 -7.7880e+00 1.6960e+01 -2.5717e+00 -8.5733e+00 1.7314e+01 -9.0375e-01 -8.6021e+00 1.7617e+01 -1.6638e+00 -8.2882e+00 1.7110e+01 -3.4713e+00 -8.4905e+00 1.8184e+01 -3.4677e+00 -8.2849e+00 1.8287e+01 -1.6021e+00 -8.2559e+00 1.7520e+01 -3.7347e+00 -7.7308e+00 1.7990e+01 -3.0468e+00 -1.6260e+01 -1.4264e+01 -1.7082e+01 -9.2235e+00 1.3192e+01 -1.4954e+01 -1.2077e+01 -1.5962e+01 -8.6006e+00 1.3793e+01 -1.6835e+01 -1.5194e+01 -1.7679e+01 -7.2890e+00 1.2371e+01 -1.7335e+01 -1.5495e+01 -1.7105e+01 -4.8409e+00 1.1061e+01 -1.4669e+01 -1.5259e+01 -1.8396e+01 -6.0651e+00 1.0403e+01 -6.2100e+00 -6.8245e+00 1.3329e+01 -1.7721e+01 5.4927e+00 -9.2315e+00 -1.1192e+01 -1.7827e+01 -2.0805e+00 9.1769e+00 -1.5862e+01 -1.4903e+01 -1.6418e+01 -5.5441e+00 1.2325e+01 -1.4582e+01 -1.3171e+01 -5.6373e+00 -6.1099e+00 6.3978e-01 -1.4863e+01 -1.3102e+01 -1.6993e+01 -8.5035e+00 1.3262e+01 -1.7274e+01 -1.4875e+01 -1.7490e+01 -4.6082e+00 1.0902e+01 -1.6250e+01 -1.4921e+01 -1.6990e+01 -6.7410e+00 1.2262e+01 -1.5603e+01 -1.4773e+01 -1.8462e+01 -8.9930e+00 1.2252e+01
4 -8.3790e+00 1.7807e+01 -3.6931e+00 -8.1286e+00 1.8265e+01 -2.0397e+00 -8.2838e+00 1.8231e+01 -3.1166e+00 -8.4915e+00 1.8559e+01 1.3870e-01 -7.9183e+00 1.9068e+01 -3.5981e+00 -7.6267e+00 1.7883e+01 -8.1289e-02 -7.8128e+00 1.7425e+01 -6.4783e-01 -8.1087e+00 1.7247e+01 -1.2446e+00 -8.7551e+00 1.7677e+01 -1.0851e+00 -8.3342e+00 1.7911e+01 -3.5117e+00 -8.1806e+00 1.8340e+01 -3.7488e+00 -8.3302e+00 1.8028e+01 -1.4802e+00 -7.9141e+00 1.8081e+01 -3.4889e+00 -7.9910e+00 1.9094e+01 -3.3118e+00 -1.6438e+01 -1.4579e+01 -1.7310e+01 -8.4722e+00 1.2843e+01 -1.6774e+01 -1.4462e+01 -1.7146e+01 -7.2946e+00 1.2751e+01 -1.6360e+01 -1.4872e+01 -1.7915e+01 -7.4311e+00 1.1912e+01 -1.6560e+01 -1.5880e+01 -1.6079e+01 -6.6770e+00 1.2360e+01 -1.6299e+01 -1.6839e+01 -1.8216e+01 -4.8767e+00 9.2497e+00 -1.6756e+01 -1.1618e+01 4.4498e+00 5.3121e+00 -1.7062e+01 5.3050e+00 5.5880e+00 -1.5469e+01 -2.4039e+00 1.0945e+01 -1.5530e+01 -1.5217e+01 -1.7740e+01 -3.9674e+00 1.0504e+01 -1.5311e+01 -1.4049e+01 -3.8743e+00 -4.1799e+00 9.3344e-01 -1.5371e+01 -1.3093e+01 -1.5874e+01 -1.0723e+01 1.4297e+01 -1.6252e+01 -1.4206e+01 -1.7458e+01 -6.8484e+00 1.2336e+01 -1.7121e+01 -1.4696e+01 -1.6987e+01 -7.5299e+00 1.2671e+01 -1.5424e+01 -1.5399e+01 -1.7945e+01 -7.9256e+00 1.2080e+01
5 -8.2785e+00 1.8704e+01 -4.1747e+00 -8.5397e+00 1.7958e+01 -2.7442e+00 -8.5327e+00 1.7397e+01 -3.0303e+00 -8.1712e+00 1.8022e+01 -1.2103e-01 -7.9265e+00 1.7574e+01 -2.7528e+00 -7.6947e+00 1.8342e+01 -2.8335e-02 -8.3210e+00 1.7358e+01 -5.9543e-01 -8.9517e+00 1.6036e+01 -2.8557e+00 -8.8427e+00 1.8052e+01 -1.7408e+00 -8.3323e+00 1.7253e+01 -3.4572e+00 -8.0468e+00 1.7128e+01 -3.0408e+00 -8.7828e+00 1.5863e+01 -4.8084e+00 -8.3910e+00 1.7761e+01 -3.9584e+00 -7.5438e+00 1.8236e+01 -2.9177e+00 -1.6585e+01 -1.4800e+01 -1.6751e+01 -8.2702e+00 1.3004e+01 -1.6894e+01 -1.5284e+01 -1.7297e+01 -7.7338e+00 1.2662e+01 -1.7280e+01 -1.4048e+01 -1.7971e+01 -6.4264e+00 1.1611e+01 -1.6792e+01 -1.5113e+01 -1.7849e+01 -6.9226e+00 1.1704e+01 -1.3687e+01 -1.4539e+01 -1.7759e+01 -5.0535e+00 1.0318e+01 1.1113e+00 -1.2664e-02 1.4152e+01 -1.7468e+01 5.4412e+00 -1.7493e+01 -1.5196e+01 -1.2750e+01 -1.2045e+01 -7.6517e+00 -1.3480e+01 -1.2987e+01 -1.7509e+01 -5.7665e+00 1.1752e+01 -1.2524e+01 -1.3091e+01 -6.5253e+00 -6.3013e+00 -1.4187e+00 -1.7207e+01 -1.5137e+01 -1.7791e+01 -9.2904e+00 1.3003e+01 -1.8594e+01 -1.3174e+01 -1.6725e+01 -1.5915e+01 -4.9020e+00 -1.4429e+01 -1.0931e+01 -1.6968e+01 -7.4533e+00 1.2897e+01 -1.6305e+01 -1.5605e+01 -1.8393e+01 -7.0663e+00 1.1183e+01
6 -8.5353e+00 1.7747e+01 -3.6509e+00 -8.2356e+00 1.7589e+01 -2.5122e+00 -8.3694e+00 1.7911e+01 -3.5918e+00 -8.8669e+00 1.8912e+01 -1.0655e+00 -7.9333e+00 1.8043e+01 -3.6206e+00 -8.1516e+00 1.7628e+01 -1.0479e+00 -7.9897e+00 1.7412e+01 -3.1719e+00 -8.7232e+00 1.8297e+01 -1.7735e+00 -8.4921e+00 1.7176e+01 -1.0130e+00 -8.5585e+00 1.7410e+01 -2.8872e+00 -8.4628e+00 1.8822e+01 -3.5201e+00 -8.1591e+00 1.8332e+01 -1.8288e+00 -7.5417e+00 1.7139e+01 -3.4729e+00 -8.0574e+00 1.9047e+01 -2.9113e+00 -1.6524e+01 -1.3480e+01 -1.7236e+01 -8.2438e+00 1.2867e+01 -1.6004e+01 -1.2502e+01 -1.7150e+01 -6.2852e+00 1.2334e+01 -1.5679e+01 -1.4287e+01 -1.7613e+01 -6.5292e+00 1.1960e+01 -1.8495e+01 -1.6889e+01 -1.7265e+01 -8.5039e+00 1.2922e+01 -1.5787e+01 -1.5734e+01 -1.8282e+01 -6.7798e+00 1.1045e+01 -5.7211e+00 -6.2300e+00 1.2985e+01 -1.4201e+01 4.4329e+00 -1.0278e+01 -8.3824e+00 -1.4000e+01 -3.8981e+00 1.1953e+01 -1.5675e+01 -1.5731e+01 -1.7675e+01 -8.0119e+00 1.2416e+01 -1.5613e+01 -1.5635e+01 -4.7719e+00 -4.5942e+00 -1.2934e+00 -1.7094e+01 -1.5076e+01 -1.7288e+01 -7.6527e+00 1.2557e+01 -1.7398e+01 -1.5763e+01 -1.7149e+01 -6.9352e+00 1.2059e+01 -1.7384e+01 -1.5850e+01 -1.7483e+01 -6.0400e+00 1.1495e+01 -1.3874e+01 -1.4674e+01 -1.8347e+01 -5.5817e+00 1.0242e+01
7 -8.5374e+00 1.7837e+01 -3.5573e+00 -8.6135e+00 1.7842e+01 -2.5937e+00 -8.3883e+00 1.7744e+01 -3.1282e+00 -7.9862e+00 1.8226e+01 -6.0232e-01 -7.8782e+00 1.8547e+01 -4.1503e+00 -8.1696e+00 1.9047e+01 -1.1789e+00 -7.9251e+00 1.6904e+01 -2.3238e+00 -8.6082e+00 1.7112e+01 -4.8674e-01 -8.4036e+00 1.8005e+01 -1.5634e+00 -8.3060e+00 1.7876e+01 -3.1923e+00 -7.8609e+00 1.8267e+01 -3.2262e+00 -8.6742e+00 1.7086e+01 -4.1258e+00 -8.2918e+00 1.7924e+01 -4.0806e+00 -7.7688e+00 1.8121e+01 -3.1264e+00 -1.6903e+01 -1.4879e+01 -1.7687e+01 -5.6225e+00 1.1002e+01 -1.7470e+01 -1.6069e+01 -1.7865e+01 -7.0863e+00 1.1963e+01 -1.7807e+01 -1.5337e+01 -1.7912e+01 -5.8098e+00 1.0956e+01 -1.6365e+01 -1.4570e+01 -1.6773e+01 -6.7686e+00 1.2579e+01 -1.3602e+01 -1.3897e+01 -1.7676e+01 -6.5183e+00 1.1152e+01 -4.5920e+00 -5.8084e+00 1.3192e+01 -1.8274e+01 5.5417e+00 -9.3168e+00 -1.1070e+01 -1.7720e+01 -2.9140e+00 9.8453e+00 -1.5714e+01 -1.5285e+01 -1.7002e+01 -4.1867e+00 1.0858e+01 -1.3454e+01 -1.4213e+01 -5.0649e+00 -6.0776e+00 2.1715e+00 -1.4412e+01 -1.2807e+01 -1.6455e+01 -1.2914e+01 1.4539e+01 -1.8528e+01 -1.5939e+01 -1.8997e+01 -1.7334e+01 -6.1247e+00 -1.5842e+01 -1.3297e+01 -1.6973e+01 -9.2464e+00 1.3569e+01 -1.6308e+01 -1.5489e+01 -1.8329e+01 -7.7736e+00 1.1699e+01
8 -8.4056e+00 1.7151e+01 -3.6833e+00 -8.3880e+00 1.8171e+01 -2.0782e+00 -8.3114e+00 1.7652e+01 -3.1180e+00 -8.5268e+00 1.7591e+01 -2.6981e-01 -7.8765e+00 1.7549e+01 -3.5319e+00 -7.8401e+00 1.7673e+01 -6.3178e-01 -8.1301e+00 1.7384e+01 -1.7196e+00 -8.1060e+00 1.7763e+01 -1.1860e-01 -8.4643e+00 1.8333e+01 -1.6387e+00 -8.6355e+00 1.6440e+01 -2.9454e+00 -8.4430e+00 1.7544e+01 -3.5009e+00 -8.2835e+00 1.7798e+01 -1.5494e+00 -8.1353e+00 1.8265e+01 -3.5241e+00 -7.6529e+00 1.8208e+01 -2.8749e+00 -1.6182e+01 -1.3610e+01 -1.7421e+01 -7.9798e+00 1.2575e+01 -1.6931e+01 -1.4947e+01 -1.7254e+01 -7.3666e+00 1.2507e+01 -1.7149e+01 -1.4924e+01 -1.8068e+01 -5.4003e+00 1.0665e+01 -1.6692e+01 -1.4633e+01 -1.6981e+01 -6.8248e+00 1.2194e+01 -1.4044e+01 -1.4846e+01 -1.8179e+01 -5.5394e+00 1.0459e+01 -4.4758e+00 -4.7666e+00 1.3390e+01 -1.6766e+01 5.3826e+00 -9.9211e+00 -9.6328e+00 -1.5562e+01 -4.1600e+00 1.1881e+01 -1.5944e+01 -1.5276e+01 -1.6688e+01 -4.6841e+00 1.1435e+01 -1.3803e+01 -1.4516e+01 -6.2598e+00 -6.0070e+00 -2.0377e+00 -1.6788e+01 -1.4274e+01 -1.7658e+01 -7.0817e+00 1.2126e+01 -1.7089e+01 -1.4483e+01 -1.7604e+01 -5.3786e+00 1.1267e+01 -1.6698e+01 -1.5200e+01 -1.7169e+01 -6.2688e+00 1.1904e+01 -1.6514e+01 -1.6148e+01 -1.8315e+01 -7.1143e+00 1.1035e+01
9 -7.7988e+00 1.9358e+01 -2.9874e+00 -8.4663e+00 1.9017e+01 -1.2594e+00 -8.3226e+00 1.8703e+01 -3.5653e+00 -8.6226e+00 1.7781e+01 -6.7911e-01 -7.9658e+00 1.8935e+01 -4.0728e+00 -7.9202e+00 1.8025e+01 -1.2487e+00 -8.3389e+00 1.7518e+01 -3.3695e+00 -8.5561e+00 1.7175e+01 -1.5906e+00 -8.5358e+00 1.7153e+01 -7.6346e-01 -8.3112e+00 1.7097e+01 -3.3792e+00 -8.1919e+00 1.9217e+01 -4.2760e+00 -8.5713e+00 1.8156e+01 -1.5100e+00 -8.0933e+00 1.8223e+01 -3.6459e+00 -7.4952e+00 1.9196e+01 -3.5360e+00 -1.6224e+01 -1.6268e+01 -1.7239e+01 -5.5133e+00 1.1303e+01 -1.6682e+01 -1.5136e+01 -1.6426e+01 -6.9075e+00 1.2847e+01 -1.6469e+01 -1.4689e+01 -1.7692e+01 -8.1028e+00 1.2636e+01 -1.6560e+01 -1.5079e+01 -1.6405e+01 -8.0216e+00 1.3217e+01 -1.5918e+01 -1.6206e+01 -1.8438e+01 -7.5197e+00 1.1290e+01 -6.1154e+00 -7.1233e+00 1.3118e+01 -1.5208e+01 4.9057e+00 -1.2785e+01 -9.6706e+00 -1.4683e+01 -1.8347e+00 1.0682e+01 -1.4941e+01 -1.4896e+01 -1.7848e+01 -6.7419e+00 1.1862e+01 -1.5765e+01 -1.5350e+01 -6.0607e+00 -6.3591e+00 -4.4600e-01 -1.4374e+01 -1.3962e+01 -1.7044e+01 -7.8535e+00 1.2498e+01 -1.5269e+01 -1.5064e+01 -1.6681e+01 -7.8485e+00 1.2943e+01 -1.7241e+01 -1.5655e+01 -1.7391e+01 -6.7086e+00 1.1821e+01 -1.6070e+01 -1.6121e+01 -1.7454e+01 -7.2444e+00 1.1604e+01
10 -8.6121e+00 1.8122e+01 -3.7808e+00 -8.5191e+00 1.7145e+01 -2.2783e+00 -8.3990e+00 1.6998e+01 -3.6937e+00 -8.1742e+00 1.7271e+01 -3.6634e-01 -7.8759e+00 1.8439e+01 -4.9803e+00 -7.9167e+00 1.8040e+01 -1.4582e+00 -8.3726e+00 1.7536e+01 -3.9475e+00 -8.5155e+00 1.7095e+01 -1.4836e+00 -8.2906e+00 1.7484e+01 -1.1494e+00 -8.7328e+00 1.7207e+01 -3.0926e+00 -8.3430e+00 1.7971e+01 -3.4293e+00 -8.2828e+00 1.8006e+01 -2.3630e+00 -8.3788e+00 1.8031e+01 -4.3842e+00 -7.8931e+00 1.8445e+01 -3.6906e+00 -1.7867e+01 -1.5556e+01 -1.7965e+01 -7.6008e+00 1.1697e+01 -1.5846e+01 -1.3126e+01 -1.7274e+01 -6.5619e+00 1.2313e+01 -1.6531e+01 -1.3441e+01 -1.7928e+01 -6.6064e+00 1.1723e+01 -1.6223e+01 -1.3865e+01 -1.6481e+01 -5.7148e+00 1.2383e+01 -1.6397e+01 -1.6135e+01 -1.8572e+01 -9.4137e+00 1.2154e+01 -6.5799e+00 -7.3338e+00 1.2627e+01 -1.6234e+01 5.0970e+00 -1.2387e+01 -9.4478e+00 -1.4736e+01 -1.6962e+00 1.0588e+01 -1.5333e+01 -1.5031e+01 -1.7211e+01 -6.3739e+00 1.2293e+01 -1.1854e+01 -1.1526e+01 -8.3598e+00 -9.2609e+00 3.1989e+00 -1.7604e+01 -1.4496e+01 -1.7526e+01 -6.4066e+00 1.1994e+01 -1.7389e+01 -1.4758e+01 -1.6880e+01 -6.2622e+00 1.2259e+01 -1.5931e+01 -1.3981e+01 -1.7196e+01 -7.0145e+00 1.2758e+01 -1.5796e+01 -1.4926e+01 -1.7820e+01 -7.1881e+00 1.1964e+01
11 -8.4027e+00 1.7077e+01 -5.3526e+00 -8.2809e+00 1.8161e+01 -3.4598e+00 -8.3781e+00 1.8296e+01 -3.5136e+00 -8.3879e+00 1.7920e+01 -1.7482e-01 -8.0665e+00 1.6805e+01 -3.2223e+00 -8.2787e+00 1.7591e+01 1.4962e-01 -8.0502e+00 1.7448e+01 -3.5647e+00 -8.5887e+00 1.6129e+01 -2.1556e+00 -8.4881e+00 1.7890e+01 -9.2728e-01 -8.6841e+00 1.7169e+01 -2.3707e+00 -8.0068e+00 1.7545e+01 -3.2348e+00 -8.4740e+00 1.7874e+01 -4.2639e+00 -8.4332e+00 1.7498e+01 -3.8623e+00 -7.5403e+00 1.8415e+01 -3.7032e+00 -1.6360e+01 -1.2797e+01 -1.6495e+01 -8.1181e+00 1.3400e+01 -1.5036e+01 -1.3681e+01 -1.7117e+01 -7.1480e+00 1.2306e+01 -1.6810e+01 -1.5229e+01 -1.7827e+01 -7.8093e+00 1.2402e+01 -1.7499e+01 -1.4195e+01 -1.7893e+01 -6.8545e+00 1.2099e+01 -1.3711e+01 -1.3645e+01 -1.8428e+01 -5.8513e+00 1.0249e+01 -1.0292e+01 -1.0322e+01 1.3684e+01 -1.4086e+01 4.6058e+00 -1.1911e+01 -1.0687e+01 -1.4220e+01 -9.1129e+00 1.4524e+01 -1.2176e+01 -1.1369e+01 -1.7321e+01 -5.8586e+00 1.1996e+01 -1.8861e+01 -1.6636e+01 -4.8978e+00 -4.7949e+00 -2.6704e+00 -1.6496e+01 -1.4862e+01 -1.7445e+01 -9.5399e+00 1.3070e+01 -1.8628e+01 -1.4193e+01 -1.6018e+01 -1.5150e+01 -4.8912e+00 -1.6043e+01 -1.3560e+01 -1.7446e+01 -6.8962e+00 1.2349e+01 -1.6718e+01 -1.6440e+01 -1.8429e+01 -4.5861e+00 8.6157e+00
12 -8.4279e+00 1.7066e+01 -3.4903e+00 -8.1302e+00 1.8315e+01 -2.1095e+00 -8.4424e+00 1.8006e+01 -2.9466e+00 -8.6404e+00 1.8015e+01 7.5550e-01 -7.8808e+00 1.8473e+01 -3.6457e+00 -8.2473e+00 1.8681e+01 -7.8376e-01 -8.1118e+00 1.6827e+01 -2.6157e+00 -8.5906e+00 1.6995e+01 -1.3737e+00 -8.2351e+00 1.8494e+01 1.3359e-01 -8.4777e+00 1.7140e+01 -1.4121e+00 -8.5115e+00 1.8431e+01 -2.8554e+00 -8.0787e+00 1.7607e+01 -1.9143e+00 -8.1408e+00 1.7784e+01 -3.4465e+00 -7.8121e+00 1.8116e+01 -2.9350e+00 -1.5999e+01 -1.3602e+01 -1.7383e+01 -7.7880e+00 1.2471e+01 -1.6442e+01 -1.5045e+01 -1.7198e+01 -8.2490e+00 1.2963e+01 -1.6921e+01 -1.4833e+01 -1.8135e+01 -6.5164e+00 1.1242e+01 -1.7242e+01 -1.4640e+01 -1.4586e+01 -7.0372e+00 1.3464e+01 -1.6183e+01 -1.6159e+01 -1.8249e+01 -5.6657e+00 9.9678e+00 -9.7576e+00 -9.9653e+00 1.5364e+01 -1.3986e+01 5.2306e+00 -1.0576e+01 -1.0597e+01 -1.6966e+01 -6.0966e+00 1.2350e+01 -1.2304e+01 -1.2738e+01 -1.6996e+01 -3.4561e+00 1.0283e+01 1.2240e+01 1.1802e+01 1.3877e+01 1.7386e+01 -5.7551e+00 -1.6732e+01 -1.5295e+01 -1.7605e+01 -5.0274e+00 1.0745e+01 -1.7306e+01 -1.5119e+01 -1.6725e+01 -6.6189e+00 1.2463e+01 -1.6953e+01 -1.4753e+01 -1.7487e+01 -6.1612e+00 1.1842e+01 -1.6562e+01 -1.5662e+01 -1.8454e+01 -6.7980e+00 1.1074e+01
13 -8.4778e+00 1.6445e+01 -5.4308e+00 -8.4345e+00 1.7860e+01 -3.3843e+00 -8.3585e+00 1.7089e+01 -3.5336e+00 -8.3964e+00 1.7767e+01 2.7251e-02 -7.7090e+00 1.8473e+01 -3.5670e+00 -7.7929e+00 1.8564e+01 -4.4964e-01 -8.5742e+00 1.8210e+01 -2.4210e+00 -8.1520e+00 1.7768e+01 -1.3512e+00 -8.6663e+00 1.7967e+01 -1.4817e+00 -8.2081e+00 1.7383e+01 -3.0443e+00 -8.5104e+00 1.8786e+01 -3.4169e+00 -8.2485e+00 1.8000e+01 -2.4699e+00 -8.4731e+00 1.7804e+01 -3.8051e+00 -7.7554e+00 1.7587e+01 -3.1742e+00 -1.4572e+01 -9.4216e+00 -1.5571e+01 -9.3430e+00 1.4265e+01 -1.6461e+01 -1.3555e+01 -1.7122e+01 -8.6916e+00 1.3435e+01 -1.6748e+01 -1.4452e+01 -1.8038e+01 -5.8668e+00 1.1020e+01 -1.6269e+01 -1.4744e+01 -1.7302e+01 -6.3021e+00 1.1828e+01 -1.4975e+01 -1.5276e+01 -1.7798e+01 -7.1747e+00 1.1665e+01 -4.7265e+00 -6.0886e+00 1.3508e+01 -1.6608e+01 5.3673e+00 -1.1090e+01 -9.6231e+00 -1.4469e+01 -4.0085e+00 1.2026e+01 -1.6287e+01 -1.6187e+01 -1.7281e+01 -5.7716e+00 1.1781e+01 -1.3775e+01 -1.3676e+01 -5.7231e+00 -5.5702e+00 -1.7954e+00 -1.5973e+01 -1.3023e+01 -1.6811e+01 -6.4588e+00 1.2249e+01 -1.6820e+01 -1.5721e+01 -1.7197e+01 -5.9239e+00 1.1754e+01 -1.5885e+01 -1.4221e+01 -1.7351e+01 -5.3884e+00 1.1511e+01 -1.6384e+01 -1.5349e+01 -1.8511e+01 -8.9598e+00 1.2203e+01
14 -8.3608e+00 1.7912e+01 -3.6916e+00 -8.2935e+00 1.7630e+01 -2.4514e+00 -8.2213e+00 1.7835e+01 -3.3020e+00 -8.4280e+00 1.7850e+01 -9.0375e-01 -7.8060e+00 1.7697e+01 -3.7451e+00 -8.4949e+00 1.6958e+01 -2.1287e+00 -8.3339e+00 1.7575e+01 -3.5920e+00 -8.3908e+00 1.7265e+01 -2.1261e+00 -8.1421e+00 1.7474e+01 -1.6917e+00 -8.3763e+00 1.7803e+01 -3.8476e+00 -8.5944e+00 1.8471e+01 -4.0857e+00 -8.5136e+00 1.8008e+01 -1.3687e+00 -8.2061e+00 1.8096e+01 -3.4957e+00 -7.8778e+00 1.8222e+01 -2.8106e+00 -1.6685e+01 -1.4481e+01 -1.7528e+01 -6.5954e+00 1.1663e+01 -1.7086e+01 -1.4858e+01 -1.7866e+01 -6.2097e+00 1.1278e+01 -1.6814e+01 -1.5991e+01 -1.8037e+01 -4.6535e+00 9.6843e+00 -1.6341e+01 -1.4075e+01 -1.7599e+01 -4.4070e+00 1.0436e+01 -1.2246e+01 -1.1201e+01 -2.0176e+01 -2.0174e+01 1.9616e+00 -8.1403e+00 -7.2900e+00 1.5368e+01 -1.3510e+01 5.1338e+00 -1.2460e+01 -1.0088e+01 -1.3746e+01 -7.6191e+00 1.3903e+01 -1.4633e+01 -1.3957e+01 -1.6607e+01 -7.5247e+00 1.3114e+01 -1.8182e+01 -1.4509e+01 -4.9210e+00 -4.8195e+00 -1.9144e+00 -1.3676e+01 -1.0739e+01 -1.5149e+01 -9.5963e+00 1.4424e+01 -1.6779e+01 -1.4755e+01 -1.7543e+01 -6.6854e+00 1.2177e+01 -1.7443e+01 -1.6283e+01 -1.7873e+01 -4.5167e+00 1.0082e+01 -1.6314e+01 -1.5831e+01 -1.8409e+01 -8.4406e+00 1.1952e+01
15 -8.5186e+00 1.7363e+01 -2.1392e+00 -8.1821e+00 1.8395e+01 -3.5581e+00 -8.2707e+00 1.8475e+01 -3.5115e+00 -8.5934e+00 1.7411e+01 -5.3926e-01 -8.0355e+00 1.8038e+01 -3.5471e+00 -8.4715e+00 1.7521e+01 3.2626e-01 -8.0900e+00 1.7415e+01 -3.4194e+00 -8.5631e+00 1.7216e+01 -2.3716e+00 -8.3618e+00 1.7533e+01 8.6990e-01 -8.1835e+00 1.7936e+01 -2.2599e+00 -8.1687e+00 1.8346e+01 -4.0732e+00 -7.9526e+00 1.7248e+01 -1.7682e+00 -8.3760e+00 1.8034e+01 -3.1807e+00 -7.6706e+00 1.7942e+01 -2.9678e+00 -1.6241e+01 -1.3184e+01 -1.5357e+01 -6.1006e+00 1.2791e+01 -1.4969e+01 -1.1391e+01 -1.4272e+01 -1.0406e+01 1.5011e+01 -1.5850e+01 -1.4367e+01 -1.7847e+01 -6.3158e+00 1.1535e+01 -1.6437e+01 -1.3886e+01 -1.7406e+01 -6.5705e+00 1.2095e+01 -1.5598e+01 -1.5504e+01 -1.8323e+01 -7.3298e+00 1.1319e+01 -1.0188e+01 -9.5403e+00 1.5123e+01 -1.3157e+01 4.9541e+00 -9.3667e+00 -9.2823e+00 -1.6414e+01 -4.3610e+00 1.1780e+01 -1.3846e+01 -1.2349e+01 -1.6465e+01 -8.5044e+00 1.3713e+01 -1.9159e+01 -1.5812e+01 -1.5741e+00 -2.2313e+00 1.6473e-01 -1.5476e+01 -1.3602e+01 -1.5895e+01 -7.1122e+00 1.2827e+01 -1.6384e+01 -1.4404e+01 -1.7322e+01 -5.7685e+00 1.1855e+01 -1.5551e+01 -1.3824e+01 -1.7434e+01 -6.0209e+00 1.1721e+01 -1.8035e+01 -1.6632e+01 -1.8507e+01 -6.1210e+00 1.0254e+01
16 -8.5332e+00 1.7500e+01 -3.3151e+00 -8.2870e+00 1.7784e+01 -1.8495e+00 -8.3044e+00 1.8325e+01 -3.6565e+00 -8.4664e+00 1.7585e+01 -1.1300e+00 -7.8230e+00 1.7704e+01 -4.1008e+00 -7.7523e+00 1.8048e+01 -5.3725e-01 -8.3034e+00 1.7342e+01 -1.5493e+00 -8.1700e+00 1.7317e+01 9.6877e-02 -8.7584e+00 1.8223e+01 -1.4446e+00 -8.3796e+00 1.7849e+01 -2.9810e+00 -8.1968e+00 1.7793e+01 -3.8419e+00 -8.4093e+00 1.8725e+01 -2.0626e+00 -8.1793e+00 1.7965e+01 -3.0605e+00 -8.3612e+00 1.8946e+01 -2.7317e+00 -1.6968e+01 -1.5151e+01 -1.7893e+01 -5.8721e+00 1.0729e+01 -1.6580e+01 -1.4351e+01 -1.6676e+01 -6.7365e+00 1.2481e+01 -1.7195e+01 -1.5383e+01 -1.7743e+01 -5.7605e+00 1.1156e+01 -1.6879e+01 -1.4434e+01 -1.6818e+01 -6.4357e+00 1.2383e+01 -1.4615e+01 -1.4908e+01 -1.8174e+01 -7.2380e+00 1.1280e+01 -4.5204e+00 -5.3587e+00 1.4217e+01 -1.6860e+01 5.4545e+00 -1.0774e+01 -1.0286e+01 -1.5899e+01 -5.0280e+00 1.2212e+01 -1.5552e+01 -1.4785e+01 -1.6748e+01 -4.7575e+00 1.1695e+01 -1.4655e+01 -1.3961e+01 -3.9003e+00 -4.2425e+00 1.0092e-01 -1.5203e+01 -1.2552e+01 -1.4967e+01 -1.1886e+01 1.5065e+01 -1.6376e+01 -1.4405e+01 -1.7260e+01 -5.5462e+00 1.1666e+01 -1.7348e+01 -1.5941e+01 -1.7420e+01 -7.1192e+00 1.2005e+01 -1.5695e+01 -1.5526e+01 -1.7939e+01 -6.0672e+00 1.1315e+01
17 -8.5518e+00 1.8309e+01 -2.8422e+00 -8.0153e+00 1.8802e+01 -2.7249e+00 -8.1063e+00 1.8668e+01 -3.3921e+00 -8.2618e+00 1.7948e+01 -6.1483e-01 -7.9085e+00 1.8932e+01 -3.4687e+00 -8.3035e+00 1.9136e+01 -1.2921e+00 1.8327e+01 1.5108e+01 -5.1051e+00 -8.0787e+00 -2.4821e+00 -8.9213e+00 -8.3929e+00 1.6920e+01 -1.6902e+00 -8.8517e+00 1.6800e+01 -3.9695e+00 -8.5223e+00 1.7858e+01 -4.0842e+00 -8.6165e+00 1.7703e+01 -2.1608e+00 -7.7375e+00 1.8043e+01 -3.5410e+00 -7.6187e+00 1.8892e+01 -3.0265e+00 -1.6109e+01 -1.4852e+01 -1.6822e+01 -8.7744e+00 1.2971e+01 -1.6484e+01 -1.5505e+01 -1.5594e+01 -9.8579e+00 1.4156e+01 -1.7847e+01 -1.6456e+01 -1.8092e+01 -3.9513e+00 9.8886e+00 -1.6506e+01 -1.6319e+01 -1.8050e+01 -4.0281e+00 9.0017e+00 -1.2029e+01 -1.2793e+01 -1.7296e+01 -7.8199e+00 1.2911e+01 2.7860e+00 3.1548e+00 2.8244e+00 -2.4046e+00 -2.6312e-01 5.2837e+00 9.2859e-01 -6.0438e-01 2.2957e+00 5.1954e+00 3.9676e+00 6.8430e+00 -1.7576e+01 -6.9367e+00 1.2087e+01 -1.8146e+01 -1.6652e+01 -6.8798e+00 -6.5442e+00 -3.3361e+00 -1.5834e+01 -1.3284e+01 -1.6471e+01 -1.0130e+01 1.3979e+01 -1.6894e+01 -1.3736e+01 -1.7292e+01 -5.5207e+00 1.1733e+01 -1.6390e+01 -1.5367e+01 -1.7109e+01 -7.4039e+00 1.2199e+01 -1.6638e+01 -1.5807e+01 -1.8122e+01 -5.6608e+00 1.0339e+01
18 -8.2429e+00 1.7967e+01 -4.6196e+00 -8.2736e+00 1.8667e+01 -3.4388e+00 -8.3888e+00 1.8182e+01 -3.7081e+00 -8.5204e+00 1.8064e+01 -2.4420e-01 -7.9749e+00 1.7875e+01 -2.4960e+00 -8.3302e+00 1.7617e+01 4.3139e-01 -8.0005e+00 1.7408e+01 -2.9467e+00 -8.6679e+00 1.6806e+01 -2.0287e+00 -8.3171e+00 1.7218e+01 -3.2243e-02 -8.5141e+00 1.8080e+01 -2.3256e+00 -8.2938e+00 1.8539e+01 -3.4103e+00 -8.5672e+00 1.8433e+01 -2.4112e+00 -8.0602e+00 1.6779e+01 -3.9853e+00 -7.5981e+00 1.7942e+01 -3.3445e+00 -1.3637e+01 -1.1203e+01 -1.5820e+01 -9.3912e+00 1.4032e+01 -1.5794e+01 -1.4811e+01 -1.6599e+01 -7.6628e+00 1.2934e+01 -1.6501e+01 -1.5024e+01 -1.7708e+01 -7.3687e+00 1.2007e+01 -1.7135e+01 -1.5610e+01 -1.8042e+01 -6.7566e+00 1.1241e+01 -1.4577e+01 -1.4842e+01 -1.8185e+01 -6.2420e+00 1.0929e+01 -9.7335e+00 -1.0224e+01 1.4383e+01 -1.3300e+01 4.6228e+00 -1.0698e+01 -1.0146e+01 -1.5513e+01 -6.2831e+00 1.3071e+01 -1.2959e+01 -1.2450e+01 -1.7125e+01 -8.4278e+00 1.3171e+01 -1.9148e+01 -1.6125e+01 -3.6126e+00 -3.5343e+00 -1.9435e+00 -1.6614e+01 -1.4852e+01 -1.6602e+01 -9.2257e+00 1.3507e+01 -1.6589e+01 -1.5035e+01 -1.7014e+01 -5.6329e+00 1.1849e+01 -1.7364e+01 -1.5192e+01 -1.6389e+01 -8.9244e+00 1.3564e+01 -1.6140e+01 -1.4402e+01 -1.8441e+01 -7.5780e+00 1.1624e+01
19 -8.3513e+00 1.8759e+01 -4.6246e+00 -8.2330e+00 1.7136e+01 -3.0907e+00 -8.1774e+00 1.7499e+01 -3.5036e+00 -8.0433e+00 1.8292e+01 -7.4419e-01 -7.8234e+00 1.8453e+01 -3.6291e+00 -8.0306e+00 1.8348e+01 -1.5124e+00 -8.2662e+00 1.7375e+01 -1.9274e+00 -8.7265e+00 1.7084e+01 -9.4047e-01 -8.4854e+00 1.7476e+01 -1.9366e+00 -8.3155e+00 1.7824e+01 -3.2279e+00 -8.3312e+00 1.7892e+01 -3.6464e+00 -8.0693e+00 1.8389e+01 -1.6141e+00 -8.3138e+00 1.8232e+01 -3.7672e+00 -7.8157e+00 1.7473e+01 -2.7814e+00 -1.6447e+01 -1.4066e+01 -1.5588e+01 -1.0186e+01 1.4327e+01 -1.5300e+01 -1.2330e+01 -1.7076e+01 -7.3420e+00 1.2783e+01 -1.5938e+01 -1.3243e+01 -1.6915e+01 -4.1198e+00 1.0428e+01 -1.4787e+01 -1.5372e+01 -1.7424e+01 -6.3821e+00 1.2063e+01 -1.4848e+01 -1.4952e+01 -1.7654e+01 -6.2086e+00 1.1331e+01 -5.1481e+00 -5.7049e+00 1.4363e+01 -1.8285e+01 5.3970e+00 -1.0187e+01 -1.1026e+01 -1.7621e+01 -3.1102e+00 9.9448e+00 -1.5683e+01 -1.5133e+01 -1.7018e+01 -5.1097e+00 1.1504e+01 -1.6434e+01 -1.5811e+01 -4.2876e+00 -4.1317e+00 -1.4732e+00 -1.5522e+01 -1.3864e+01 -1.7050e+01 -8.4524e+00 1.2834e+01 -1.6053e+01 -1.3711e+01 -1.7470e+01 -4.8802e+00 1.1087e+01 -1.6592e+01 -1.5548e+01 -1.6881e+01 -6.7290e+00 1.2416e+01 -1.6977e+01 -1.6047e+01 -1.8581e+01 -7.7889e+00 1.1257e+01
