frame G1:C1-C2 G1:C3-C4 G1:C1-CC G2:C1-C2 G2:C3-C4 G2:C1-CC C3:C1-C2 C3:C3-C4 C3:C1-CC A4:C1-C2 A4:C3-C4 A4:C1-CC C5:C1-C2 C5:C3-C4 C5:C1-CC G6:C1-C2 G6:C3-C4 G6:C1-CC A7:C1-C2 A7:C3-C4 A7:C1-CC A8:C1-C2 A8:C3-C4 A8:C1-CC G9:C1-C2 G9:C3-C4 G9:C1-CC G10:C1-C2 G10:C3-C4 G10:C1-CC U11:C1-C2 U11:C3-C4 U11:C1-CC G12:C1-C2 G12:C3-C4 G12:C1-CC C13:C1-C2 C13:C3-C4 C13:C1-CC C14:C1-C2 C14:C3-C4 C14:C1-CC G1:C4p-P-plus G1:C3p-P-plus G2:C4p-P G2:C5p-P G2:C5s-P G2:C4p-P-plus G2:C3p-P-plus C3:C4p-P C3:C5p-P C3:C5s-P C3:C4p-P-plus C3:C3p-P-plus A4:C4p-P A4:C5p-P A4:C5s-P A4:C4p-P-plus A4:C3p-P-plus C5:C4p-P C5:C5p-P C5:C5s-P C5:C4p-P-plus C5:C3p-P-plus G6:C4p-P G6:C5p-P G6:C5s-P G6:C4p-P-plus G6:C3p-P-plus A7:C4p-P A7:C5p-P A7:C5s-P A7:C4p-P-plus A7:C3p-P-plus A8:C4p-P A8:C5p-P A8:C5s-P A8:C4p-P-plus A8:C3p-P-plus G9:C4p-P G9:C5p-P G9:C5s-P G9:C4p-P-plus G9:C3p-P-plus G10:C4p-P G10:C5p-P G10:C5s-P G10:C4p-P-plus G10:C3p-P-plus U11:C4p-P U11:C5p-P U11:C5s-P U11:C4p-P-plus U11:C3p-P-plus G12:C4p-P G12:C5p-P G12:C5s-P G12:C4p-P-plus G12:C3p-P-plus C13:C4p-P C13:C5p-P C13:C5s-P C13:C4p-P-plus C13:C3p-P-plus C14:C4p-P C14:C5p-P C14:C5s-P
0 -9.3926e+00 1.5508e+01 -5.7928e-01 -9.5209e+00 1.4576e+01 5.7380e-01 -9.6390e+00 1.4962e+01 -1.2095e+00 -9.4213e+00 1.3333e+01 1.5066e+00 -9.0988e+00 1.5145e+01 -1.9332e+00 -8.6268e+00 1.8387e+01 -1.2901e-01 -8.3851e+00 1.6877e+01 -3.4787e+00 -8.7855e+00 1.6205e+01 -1.1533e+00 -8.9667e+00 1.7151e+01 -7.1742e-01 -9.7063e+00 1.2083e+01 -2.5992e+00 -9.6653e+00 1.3836e+01 -1.5105e+00 -9.4617e+00 1.2903e+01 1.7097e-02 -9.4591e+00 1.4074e+01 -6.1651e-01 -9.0003e+00 1.4212e+01 -1.1173e+00 -2.1169e+01 -1.2554e+01 -2.0034e+01 -1.1068e+01 1.4682e+01 -2.0503e+01 -1.1055e+01 -2.2497e+01 -1.4617e+00 9.8691e+00 -2.0542e+01 -1.1243e+01 -2.1521e+01 -7.7479e+00 1.3138e+01 -1.6945e+01 -1.2232e+01 -2.2972e+01 -8.9574e+00 1.3773e+01 -1.4548e+01 -7.5410e+00 -2.0555e+01 -6.8901e+00 1.4209e+01 -1.5130e+01 -1.3134e+01 1.8796e+01 -2.2756e+01 5.2074e+00 -1.5131e+01 -1.1110e+01 -1.9000e+01 -6.3662e+00 1.4303e+01 -1.7858e+01 -1.4516e+01 -1.8944e+01 -3.7487e+00 1.2981e+01 -2.2157e+01 -1.8228e+01 -5.5503e+00 -2.8469e+00 -9.1405e+00 -2.0754e+01 -1.3473e+01 -2.1920e+01 -9.4194e+00 1.4016e+01 -1.9975e+01 -1.1653e+01 -2.2405e+01 -6.9491e+00 1.3616e+01 -1.9590e+01 -1.1675e+01 -2.2652e+01 -4.1253e+00 1.1793e+01 -2.0049e+01 -1.3356e+01 -2.2809e+01 -9.4943e+00 1.3259e+01
1 -9.4305e+00 1.4649e+01 -5.3926e-01 -9.3741e+00 1.3483e+01 7.8232e-01 -9.5186e+00 1.3956e+01 -1.4081e-01 -9.2903e+00 1.4260e+01 1.9451e+00 -9.0360e+00 1.5167e+01 -1.8517e+00 -8.5929e+00 1.8870e+01 9.9035e-01 -8.4650e+00 1.5810e+01 -3.2408e+00 -9.1029e+00 1.7776e+01 -1.1118e+00 -8.9867e+00 1.6097e+01 -1.0532e+00 -9.6390e+00 1.2320e+01 -2.4194e+00 -9.4686e+00 1.3867e+01 -1.2348e+00 -9.2734e+00 1.4738e+01 2.3842e+00 -9.3594e+00 1.3066e+01 -2.7325e-01 -9.2261e+00 1.4270e+01 -7.8612e-01 -2.1108e+01 -1.3422e+01 -1.9927e+01 -1.1766e+01 1.4066e+01 -2.4187e+01 -1.2284e+01 -2.0131e+01 -4.3656e+00 1.1470e+01 -1.8985e+01 -1.1046e+01 -2.2748e+01 -7.2199e+00 1.3573e+01 -1.7626e+01 -1.0970e+01 -2.2868e+01 -6.5994e+00 1.2507e+01 -1.3264e+01 -6.7768e+00 -2.0065e+01 -7.9224e+00 1.4470e+01 -1.5844e+01 -1.5462e+01 1.7535e+01 -2.1256e+01 6.2384e+00 -1.3389e+01 -1.2335e+01 -1.9843e+01 -5.4884e+00 1.3828e+01 -1.7935e+01 -1.4976e+01 -1.7214e+01 -6.4622e+00 1.4804e+01 -2.2115e+01 -1.7676e+01 -6.5913e+00 -3.8351e+00 -6.4251e+00 -2.0391e+01 -1.3890e+01 -2.1752e+01 -9.5193e+00 1.4113e+01 -1.7459e+01 -1.1759e+01 -2.3120e+01 -7.2680e+00 1.3681e+01 -2.1939e+01 -1.2218e+01 -2.1158e+01 -4.9849e+00 1.2071e+01 -2.2975e+01 -1.5429e+01 -2.2852e+01 -4.5273e+00 1.1091e+01
2 -9.6424e+00 1.3921e+01 -2.4888e+00 -9.4904e+00 1.5524e+01 3.5973e-01 -9.5963e+00 1.4092e+01 -2.7767e-01 -9.3116e+00 1.4273e+01 1.5113e+00 -9.2176e+00 1.4914e+01 -1.3830e+00 -8.2191e+00 1.7842e+01 -2.7093e-01 -8.5520e+00 1.6579e+01 -3.0661e+00 -8.8877e+00 1.5930e+01 -6.8041e-01 -8.8778e+00 1.7567e+01 -1.0849e+00 -9.6848e+00 1.3026e+01 -2.2642e+00 -9.5287e+00 1.3671e+01 -1.0811e+00 -9.3858e+00 1.5176e+01 9.3486e-01 -9.5118e+00 1.3482e+01 -8.6358e-01 -8.8992e+00 1.4564e+01 -8.0989e-01 -1.5207e+01 -1.0615e+01 -2.1225e+01 -9.5636e+00 1.4800e+01 -1.9926e+01 -1.1946e+01 -2.0677e+01 -5.9679e+00 1.3428e+01 -1.8420e+01 -1.0457e+01 -2.2560e+01 -6.2688e+00 1.3014e+01 -1.9133e+01 -1.2610e+01 -2.2702e+01 -4.9505e+00 1.0944e+01 -1.5221e+01 -7.0358e+00 -1.8754e+01 -8.4381e+00 1.5429e+01 -1.4159e+01 -1.1982e+01 1.7753e+01 -2.1033e+01 6.2800e+00 -1.3928e+01 -1.1578e+01 -1.8826e+01 -6.6847e+00 1.4498e+01 -1.7624e+01 -1.4278e+01 -1.8565e+01 -2.2241e+00 1.2199e+01 -2.2306e+01 -1.8671e+01 -2.7813e+00 -3.2473e-01 -9.9490e+00 -2.0169e+01 -1.2260e+01 -2.2146e+01 -9.8583e+00 1.4691e+01 -1.7122e+01 -9.3758e+00 -2.2244e+01 -7.5949e+00 1.4238e+01 -2.2179e+01 -1.2746e+01 -2.0850e+01 -3.0202e+00 1.1664e+01 -1.9175e+01 -1.3817e+01 -2.2214e+01 -7.8535e+00 1.1940e+01
3 -9.5563e+00 1.3647e+01 -2.2381e+00 -9.5821e+00 1.3274e+01 1.7944e-01 -9.6500e+00 1.3591e+01 3.1938e-01 -9.2469e+00 1.3233e+01 1.7258e+00 -8.8505e+00 1.5295e+01 -1.7393e+00 -8.6218e+00 1.8288e+01 8.7778e-01 -8.5764e+00 1.6639e+01 -3.3886e+00 -9.0905e+00 1.6664e+01 -1.1387e+00 -8.9990e+00 1.6638e+01 -1.0747e+00 -9.6153e+00 1.2356e+01 -1.9279e+00 -9.3822e+00 1.5943e+01 -1.9433e+00 -9.4491e+00 1.4478e+01 5.4290e-01 -9.5820e+00 1.3040e+01 -8.3893e-01 -8.9288e+00 1.4537e+01 -3.6434e-01 -1.9769e+01 -1.3532e+01 -2.2064e+01 -1.0125e+01 1.4902e+01 -2.1712e+01 -1.1677e+01 -2.1659e+01 -4.8345e+00 1.2762e+01 -2.1249e+01 -1.3598e+01 -2.1643e+01 -4.9828e+00 1.1159e+01 -1.8871e+01 -1.3216e+01 -2.2974e+01 -6.6147e+00 1.1954e+01 -1.5297e+01 -8.7347e+00 -2.0339e+01 -7.8333e+00 1.4184e+01 -1.4339e+01 -1.3377e+01 1.8036e+01 -2.1270e+01 5.9784e+00 -1.3695e+01 -1.1386e+01 -1.8785e+01 -8.3173e+00 1.5457e+01 -1.7850e+01 -1.4147e+01 -1.7978e+01 -5.7619e+00 1.4447e+01 -2.2353e+01 -1.8081e+01 -5.3839e+00 -2.2458e+00 -8.7126e+00 -1.9135e+01 -1.2684e+01 -2.1150e+01 -8.7313e+00 1.4222e+01 -1.8347e+01 -1.0262e+01 -2.2382e+01 -5.6430e+00 1.2722e+01 -2.1932e+01 -1.2976e+01 -2.1842e+01 -1.2798e+00 1.0536e+01 -1.9233e+01 -1.4891e+01 -2.2946e+01 -8.5772e+00 1.2220e+01
4 -9.5823e+00 1.4306e+01 -1.7304e+00 -9.4287e+00 1.3773e+01 1.1265e-01 -9.5243e+00 1.4299e+01 -1.5898e-01 -9.1130e+00 1.3717e+01 2.8256e+00 -9.0941e+00 1.5115e+01 -1.3622e+00 -8.6268e+00 1.7900e+01 -4.2562e-01 -7.8149e+00 1.7696e+01 -3.4278e+00 -8.7824e+00 1.7524e+01 -5.2467e-01 -9.1434e+00 1.6534e+01 -1.8931e+00 -9.7154e+00 1.1862e+01 1.0724e+00 -9.4875e+00 1.4080e+01 -8.6855e-01 -9.4310e+00 1.5151e+01 9.3952e-01 -9.5639e+00 1.4261e+01 -1.1313e+00 -9.1445e+00 1.5083e+01 -1.2464e+00 -2.0501e+01 -1.2213e+01 -2.1112e+01 -1.1639e+01 1.5145e+01 -2.1395e+01 -1.2295e+01 -2.1509e+01 -4.9701e+00 1.2647e+01 -1.8862e+01 -1.1689e+01 -2.3040e+01 -7.8288e+00 1.3185e+01 -1.8084e+01 -1.1487e+01 -2.2875e+01 -5.1786e+00 1.1207e+01 -1.5604e+01 -7.5406e+00 -1.9695e+01 -5.7198e+00 1.3690e+01 -1.3521e+01 -1.2978e+01 1.9004e+01 -1.7486e+01 5.9237e+00 -1.2399e+01 -9.7503e+00 -1.8009e+01 -7.5993e+00 1.5236e+01 -1.9040e+01 -1.4772e+01 -1.8190e+01 -1.3664e-01 1.1016e+01 -3.4260e+00 -4.0676e+00 -2.0603e+01 -3.5326e+00 1.2881e+01 -2.0730e+01 -1.5709e+01 -2.1807e+01 -7.0808e+00 1.2603e+01 -1.8406e+01 -1.0601e+01 -2.2480e+01 -7.0020e+00 1.3721e+01 -2.1833e+01 -1.1883e+01 -2.1264e+01 -5.2528e+00 1.3203e+01 -1.8976e+01 -1.3066e+01 -2.2532e+01 -8.7188e+00 1.2804e+01
5 -9.5045e+00 1.4386e+01 -1.5606e+00 -9.2079e+00 1.3901e+01 4.8188e-01 -9.5357e+00 1.3715e+01 5.0372e-01 -9.0668e+00 1.5238e+01 2.2972e+00 -9.3956e+00 1.4313e+01 -2.6566e+00 -8.5361e+00 1.7300e+01 6.2038e-01 -8.5559e+00 1.5270e+01 -3.3020e+00 -8.7988e+00 1.5474e+01 -8.7346e-01 -8.7426e+00 1.7834e+01 -1.0721e+00 -9.6493e+00 1.3649e+01 -2.4344e+00 -9.4189e+00 1.4905e+01 -2.1491e+00 -9.4066e+00 1.4568e+01 5.1445e-01 -9.5788e+00 1.4199e+01 -1.1382e+00 -9.0947e+00 1.5118e+01 -1.1628e+00 -2.0343e+01 -1.2427e+01 -2.1322e+01 -1.1698e+01 1.5044e+01 -2.2628e+01 -1.2736e+01 -2.0035e+01 -6.3675e+00 1.2574e+01 -2.0285e+01 -1.3960e+01 -2.1742e+01 -7.6923e+00 1.2841e+01 -2.0225e+01 -1.4697e+01 -2.6567e+01 -2.5885e+01 4.5567e+00 -7.8967e+00 -4.7112e+00 -2.0432e+01 -6.9644e+00 1.4234e+01 -1.4658e+01 -1.2869e+01 1.7043e+01 -2.0415e+01 6.3950e+00 -1.4047e+01 -1.1071e+01 -1.8972e+01 -6.0129e+00 1.4238e+01 -1.7266e+01 -1.2455e+01 -1.8273e+01 -3.2654e+00 1.3010e+01 -2.2140e+01 -1.7975e+01 -3.8323e+00 -1.0961e+00 -8.1614e+00 -2.0801e+01 -1.3687e+01 -2.1735e+01 -1.0725e+01 1.4277e+01 -1.7950e+01 -9.9445e+00 -2.2219e+01 -8.0253e+00 1.4142e+01 -2.1923e+01 -1.1651e+01 -2.0775e+01 -4.6327e+00 1.1980e+01 -1.9158e+01 -1.3218e+01 -2.2521e+01 -9.5128e+00 1.3338e+01
6 -9.5608e+00 1.5170e+01 -6.0367e-01 -9.3860e+00 1.4776e+01 9.5321e-01 -9.7145e+00 1.3389e+01 -4.7178e-01 -9.5419e+00 1.4371e+01 7.6613e-01 -9.0612e+00 1.5614e+01 -1.8701e+00 -8.6171e+00 1.7765e+01 7.7050e-01 -8.4268e+00 1.7231e+01 -3.2048e+00 -9.1242e+00 1.5910e+01 -8.8624e-01 -8.9978e+00 1.7786e+01 -1.3463e+00 -9.6587e+00 1.4303e+01 -2.4078e+00 -9.5557e+00 1.4965e+01 -2.7619e+00 -9.5606e+00 1.4464e+01 4.5909e-04 -9.5871e+00 1.4887e+01 -7.6260e-01 -9.2246e+00 1.3399e+01 -8.0933e-01 -1.9702e+01 -1.2429e+01 -2.1844e+01 -1.1327e+01 1.4673e+01 -2.2458e+01 -1.2298e+01 -2.0129e+01 -8.6741e+00 1.4868e+01 -1.8303e+01 -1.0154e+01 -2.2219e+01 -7.7299e+00 1.3164e+01 -2.0315e+01 -1.3595e+01 -2.2466e+01 -9.1355e+00 1.2819e+01 -1.3387e+01 -8.1950e+00 -2.0695e+01 -7.8262e+00 1.4150e+01 -1.5551e+01 -1.4153e+01 1.8683e+01 -1.9071e+01 6.0607e+00 -1.4242e+01 -1.1527e+01 -1.8817e+01 -7.6987e+00 1.5172e+01 -1.7412e+01 -1.2885e+01 -1.6854e+01 -5.7227e+00 1.4577e+01 -2.2207e+01 -1.7309e+01 -1.1960e+00 1.0008e+00 -9.4888e+00 -2.0399e+01 -1.2645e+01 -2.0016e+01 -1.1583e+01 1.5154e+01 -2.1048e+01 -1.3052e+01 -2.2328e+01 -7.1826e+00 1.3572e+01 -2.0329e+01 -1.2140e+01 -2.1954e+01 -7.7845e+00 1.4082e+01 -1.8716e+01 -1.2057e+01 -2.2324e+01 -1.0043e+01 1.3401e+01
7 -9.3722e+00 1.4353e+01 -2.0357e+00 -8.9933e+00 1.4758e+01 1.3578e+00 -9.5868e+00 1.5054e+01 -2.6000e-01 -9.6354e+00 1.4120e+01 9.1422e-01 -9.1980e+00 1.4795e+01 -2.1512e+00 -8.1922e+00 1.8011e+01 -3.9843e-01 -8.1245e+00 1.6562e+01 -3.6538e+00 -8.7204e+00 1.5996e+01 6.3231e-02 -9.1401e+00 1.7831e+01 -9.2685e-01 -9.6090e+00 1.4522e+01 -3.2276e+00 -9.5610e+00 1.4308e+01 -2.3036e+00 -9.0814e+00 1.4623e+01 8.8290e-01 -9.4505e+00 1.5346e+01 -6.6871e-01 -9.2639e+00 1.4718e+01 -9.1339e-01 -1.6478e+01 -1.2442e+01 -2.2855e+01 -9.7935e+00 1.4888e+01 -2.1793e+01 -1.2707e+01 -2.1556e+01 -5.4227e+00 1.3298e+01 -1.8047e+01 -1.0618e+01 -2.2867e+01 -9.6657e+00 1.4633e+01 -2.2581e+01 -1.3007e+01 -2.2595e+01 -1.0700e+01 1.4032e+01 -1.6054e+01 -7.7618e+00 -2.0080e+01 -5.9293e+00 1.3785e+01 -1.4401e+01 -1.3388e+01 1.8173e+01 -2.1866e+01 5.7918e+00 -1.3241e+01 -1.1283e+01 -1.9350e+01 -8.7257e+00 1.5413e+01 -1.9548e+01 -1.5380e+01 -1.8435e+01 -2.1285e+00 1.2394e+01 -2.2195e+01 -1.9135e+01 5.0335e-01 2.3241e+00 -1.3298e+01 -2.1620e+01 -1.4572e+01 -2.0713e+01 -1.1896e+01 1.5355e+01 -2.0699e+01 -1.1785e+01 -2.0534e+01 -1.0805e+01 1.5301e+01 -2.0503e+01 -1.4406e+01 -2.2954e+01 -4.1322e+00 1.2322e+01 -2.0333e+01 -1.3515e+01 -2.2533e+01 -9.2555e+00 1.2992e+01
8 -9.6357e+00 1.4068e+01 -2.4634e+00 -9.3786e+00 1.3463e+01 2.2924e-01 -9.5051e+00 1.4230e+01 -3.0869e-01 -9.3402e+00 1.4801e+01 2.0654e+00 -9.1451e+00 1.5122e+01 -1.9393e+00 -8.5473e+00 1.7762e+01 9.3123e-01 -8.8374e+00 1.5180e+01 -3.1529e+00 -9.1701e+00 1.7175e+01 -1.2374e+00 -8.8966e+00 1.6558e+01 -1.2344e+00 -9.6954e+00 1.2163e+01 -2.3336e+00 -9.4413e+00 1.4630e+01 -1.8013e+00 -9.4857e+00 1.5545e+01 2.5115e-01 -9.6107e+00 1.3526e+01 -7.0112e-01 -9.1349e+00 1.3705e+01 -8.5234e-01 -2.1497e+01 -1.4333e+01 -2.1762e+01 -8.8897e+00 1.3404e+01 -2.0390e+01 -1.1279e+01 -2.1405e+01 -6.3482e+00 1.3492e+01 -1.8816e+01 -1.2001e+01 -2.2188e+01 -5.9234e+00 1.1884e+01 -1.8898e+01 -1.1925e+01 -2.2882e+01 -6.8737e+00 1.2665e+01 -1.4636e+01 -7.3966e+00 -1.9807e+01 -8.2347e+00 1.4908e+01 -1.5404e+01 -1.3057e+01 1.6590e+01 -2.2288e+01 6.2950e+00 -1.3908e+01 -1.0740e+01 -1.9207e+01 -6.7985e+00 1.4601e+01 -1.7943e+01 -1.4575e+01 -1.7111e+01 -6.2214e+00 1.4274e+01 -2.2299e+01 -1.7637e+01 -6.3946e+00 -3.5247e+00 -7.6624e+00 -2.0374e+01 -1.3278e+01 -2.1967e+01 -7.7395e+00 1.3071e+01 -1.7129e+01 -9.8402e+00 -2.2064e+01 -6.9821e+00 1.3574e+01 -2.0257e+01 -1.1607e+01 -2.0820e+01 -6.8840e+00 1.3623e+01 -1.9100e+01 -1.3324e+01 -2.2957e+01 -8.1336e+00 1.2555e+01
9 -9.5837e+00 1.4358e+01 -2.9001e+00 -9.2882e+00 1.4788e+01 2.1957e-01 -9.6561e+00 1.5491e+01 -7.7303e-01 -9.3821e+00 1.3408e+01 1.3589e+00 -9.0958e+00 1.5145e+01 -2.0230e+00 -8.5711e+00 1.8092e+01 -4.5798e-02 -8.4672e+00 1.4803e+01 -3.3210e+00 -8.8746e+00 1.6782e+01 -7.1696e-01 -8.8766e+00 1.6908e+01 -9.7422e-01 -9.6888e+00 1.2175e+01 -2.6740e+00 -9.6424e+00 1.3861e+01 -1.4422e+00 -9.4422e+00 1.4426e+01 -4.2623e-01 -9.4852e+00 1.5521e+01 -1.2792e+00 -9.4876e+00 1.5480e+01 -1.1634e+00 -1.7306e+01 -1.2394e+01 -2.1978e+01 -1.0910e+01 1.5486e+01 -2.0211e+01 -1.2616e+01 -2.2490e+01 -4.7455e+00 1.2665e+01 -2.1501e+01 -1.2637e+01 -2.2006e+01 -6.1466e+00 1.2324e+01 -1.7060e+01 -1.2140e+01 -2.2994e+01 -8.1386e+00 1.3228e+01 -1.4707e+01 -7.5067e+00 -2.0014e+01 -8.0892e+00 1.4641e+01 -1.4860e+01 -1.3891e+01 1.6421e+01 -2.3469e+01 6.1232e+00 -1.3986e+01 -1.2051e+01 -1.9427e+01 -6.2673e+00 1.4294e+01 -1.8436e+01 -1.5095e+01 -1.8321e+01 -2.8701e+00 1.2659e+01 -2.2089e+01 -1.8068e+01 -5.5545e+00 -3.0349e+00 -8.8520e+00 -2.0613e+01 -1.3788e+01 -2.1908e+01 -9.6681e+00 1.4097e+01 -2.0727e+01 -1.2540e+01 -2.0908e+01 -5.9906e+00 1.1907e+01 -2.1422e+01 -1.2277e+01 -2.1257e+01 -5.5334e+00 1.1869e+01 -2.0199e+01 -1.4257e+01 -2.2359e+01 -6.9117e+00 1.1506e+01
