frame G1:C1-C2 G1:C3-C4 G1:C1-CC G2:C1-C2 G2:C3-C4 G2:C1-CC C3:C1-C2 C3:C3-C4 C3:C1-CC A4:C1-C2 A4:C3-C4 A4:C1-CC C5:C1-C2 C5:C3-C4 C5:C1-CC G6:C1-C2 G6:C3-C4 G6:C1-CC A7:C1-C2 A7:C3-C4 A7:C1-CC A8:C1-C2 A8:C3-C4 A8:C1-CC G9:C1-C2 G9:C3-C4 G9:C1-CC G10:C1-C2 G10:C3-C4 G10:C1-CC U11:C1-C2 U11:C3-C4 U11:C1-CC G12:C1-C2 G12:C3-C4 G12:C1-CC C13:C1-C2 C13:C3-C4 C13:C1-CC C14:C1-C2 C14:C3-C4 C14:C1-CC G1:C4p-P-plus G1:C3p-P-plus G2:C4p-P G2:C5p-P G2:C5s-P G2:C4p-P-plus G2:C3p-P-plus C3:C4p-P C3:C5p-P C3:C5s-P C3:C4p-P-plus C3:C3p-P-plus A4:C4p-P A4:C5p-P A4:C5s-P A4:C4p-P-plus A4:C3p-P-plus C5:C4p-P C5:C5p-P C5:C5s-P C5:C4p-P-plus C5:C3p-P-plus G6:C4p-P G6:C5p-P G6:C5s-P G6:C4p-P-plus G6:C3p-P-plus A7:C4p-P A7:C5p-P A7:C5s-P A7:C4p-P-plus A7:C3p-P-plus A8:C4p-P A8:C5p-P A8:C5s-P A8:C4p-P-plus A8:C3p-P-plus G9:C4p-P G9:C5p-P G9:C5s-P G9:C4p-P-plus G9:C3p-P-plus G10:C4p-P G10:C5p-P G10:C5s-P G10:C4p-P-plus G10:C3p-P-plus U11:C4p-P U11:C5p-P U11:C5s-P U11:C4p-P-plus U11:C3p-P-plus G12:C4p-P G12:C5p-P G12:C5s-P G12:C4p-P-plus G12:C3p-P-plus C13:C4p-P C13:C5p-P C13:C5s-P C13:C4p-P-plus C13:C3p-P-plus C14:C4p-P C14:C5p-P C14:C5s-P
0 -5.9377e+00 1.2801e+01 -3.4102e+00 -3.0010e+00 8.6399e+00 -7.0837e-01 -6.9201e-01 1.5099e+01 -4.1538e+00 -9.5881e+00 1.2301e+01 6.1052e-01 -7.1124e+00 1.3601e+01 -1.9226e+00 1.2224e+01 -9.4919e+00 7.1186e+00 -7.5505e+00 1.1174e+01 7.4331e+00 1.6144e+01 -9.7547e+00 7.2556e-01 6.7650e-01 1.5195e+01 4.2490e+00 -8.5064e+00 7.5560e+00 -6.7430e+00 -5.9918e+00 1.3519e+01 -1.8285e+00 -5.8730e+00 1.3706e+01 2.0778e+00 -3.6533e+00 1.0935e+01 -1.0118e+00 2.0762e-01 1.3921e+01 -1.8203e+00 -2.1581e+01 -8.1190e+00 -3.9099e+00 -1.0615e+01 1.1507e+01 -4.8730e-01 7.9728e+00 -1.9796e+01 1.5935e+01 -1.1900e+01 -2.3851e+01 -1.2592e+01 -2.5237e+01 -2.0065e+00 1.0973e+01 -1.3206e+01 -1.5941e+01 -2.2796e+01 -1.1996e+01 1.5054e+01 1.0617e+01 3.7778e+00 -1.7079e+00 -2.6101e+01 1.1655e+00 5.8407e+00 -7.2700e+00 1.2069e+01 1.6474e+01 -4.8129e+00 -2.2011e+01 -1.1581e+01 -1.6753e+01 -1.4809e+01 7.9707e+00 -3.2492e+00 -1.2508e+01 -1.3386e+01 -1.9174e+01 1.5159e+01 1.1297e+01 1.3581e+01 -2.9186e+00 7.0320e+00 6.5127e+00 -2.1091e+01 -1.1869e+01 -8.0337e+00 8.6931e-01 -8.7871e+00 -2.5927e+01 -1.6003e+01 -1.3019e+01 6.5371e+00 -2.4716e+01 -2.3772e+01 -1.0327e+01 -1.0162e+01 -1.4455e+01 1.8277e+01 -1.9116e+01 -2.0024e+01 -2.3463e+01 1.1041e+01 -6.7295e+00
1 -5.7199e+00 1.3483e+01 -3.1534e+00 -3.3869e+00 1.1697e+01 -2.4420e+00 -2.8274e+00 1.3341e+01 -3.9214e+00 -9.5127e+00 1.3446e+01 6.5399e-01 -7.0363e+00 1.2185e+01 -2.0123e+00 1.2335e+01 -9.7469e+00 7.3689e+00 -7.9458e+00 1.2632e+01 7.4572e+00 1.5512e+01 -9.7549e+00 2.6063e-01 -2.1302e-01 1.5918e+01 3.8195e+00 -7.4792e+00 1.0786e+01 -6.1454e+00 -6.2256e+00 1.5196e+01 -1.3587e+00 -8.2265e+00 1.3264e+01 2.6529e+00 -1.9711e+00 1.3163e+01 -2.1826e+00 -2.9560e-01 1.4318e+01 -2.6241e+00 -2.0789e+01 -7.2561e+00 -4.5660e+00 -1.5530e+01 1.4054e+01 -1.2816e+01 -1.2860e+00 -2.1533e+01 1.3089e+01 -1.3155e+01 -2.3269e+01 -1.1366e+01 -2.6026e+01 -6.1759e+00 1.4294e+01 -1.7515e+01 -1.4149e+01 -1.9481e+01 -1.8945e+01 1.7926e+01 1.0683e+01 6.1795e+00 -3.4510e+00 -2.4666e+01 -2.1623e+00 4.4088e+00 -7.4013e+00 1.1908e+01 1.7030e+01 -6.5777e+00 -2.1321e+01 -1.1351e+01 -1.5758e+01 -1.4911e+01 6.9868e+00 -2.6164e+00 -1.3423e+01 -1.2865e+01 -1.8901e+01 1.4945e+01 1.1290e+01 5.2848e+00 -2.4086e+01 3.1374e+00 -5.7690e+00 -2.2941e+01 -7.9362e+00 -5.3646e+00 1.6105e+00 -1.1437e+01 -2.5475e+01 -1.6699e+01 -1.9699e+01 8.5416e+00 -1.2427e+01 -1.4738e+01 -6.7763e+00 -2.0376e+01 -1.0287e+00 1.2152e+01 -2.2769e+01 -1.9179e+01 -2.2565e+01 9.4883e+00 -4.1840e+00
2 -6.8149e+00 1.4246e+01 -2.9913e+00 -4.3081e+00 9.8022e+00 -4.2015e+00 -1.7169e+00 1.7006e+01 -4.3493e+00 -9.6377e+00 1.0546e+01 -6.4273e-01 -6.6562e+00 1.1995e+01 -1.6888e+00 1.2349e+01 -9.2841e+00 6.4803e+00 -8.7122e+00 1.2357e+01 6.8613e+00 1.1993e+01 -8.9452e+00 -2.6533e+00 -2.3001e+00 1.6862e+01 5.9791e+00 -8.2042e+00 1.1511e+01 -4.8503e+00 -6.1121e+00 1.3942e+01 -1.2413e+00 -8.6972e+00 1.4476e+01 9.0955e-01 -7.2369e+00 1.4928e+01 -2.2614e+00 4.2450e-02 1.2067e+01 -1.5542e+00 -2.1765e+01 -1.1089e+01 -3.7261e+00 -9.3699e+00 1.0126e+01 -2.2452e+00 7.5431e+00 -1.9181e+01 1.4301e+01 -9.1763e+00 5.9278e+00 8.6298e+00 3.1372e+00 1.3040e+01 7.9420e+00 -1.2766e+01 -1.4068e+01 -2.1699e+01 -1.5151e+01 1.6289e+01 1.1975e+01 4.9623e+00 8.7406e-01 -2.6612e+01 3.8512e+00 3.3727e+00 -4.2773e+00 1.3657e+01 1.5132e+01 -3.5473e+00 4.9478e+00 -9.7093e+00 -9.2710e+00 -6.5759e+00 4.5337e+00 -7.9255e+00 9.6849e+00 9.0273e+00 6.5988e+00 -2.1638e+01 9.5937e+00 4.5032e+00 -2.3416e+01 6.8784e-01 -4.4708e+00 -2.2921e+01 -7.6157e+00 -2.2889e+00 -3.5457e+00 -5.2923e+00 -2.5300e+01 -1.4444e+01 -1.4038e+01 -5.0953e+00 -2.2301e+01 -2.5164e+01 -1.3371e+01 -1.2011e+01 -1.1352e+01 1.7038e+01 -2.5262e+01 -2.0411e+01 -1.6629e+01 3.1320e+00 -7.1680e+00
3 -6.5849e+00 1.4946e+01 -2.5598e+00 -3.5593e+00 8.8242e+00 -2.6215e+00 2.5443e-01 1.4059e+01 -3.9345e+00 -9.5564e+00 1.3912e+01 6.4701e-01 -7.2815e+00 1.3075e+01 -1.9638e+00 1.2681e+01 -9.6086e+00 6.9258e+00 -8.6874e+00 1.2637e+01 7.1350e+00 1.1567e+01 -9.4645e+00 -2.2531e+00 -2.6642e+00 1.6996e+01 7.0870e+00 -8.0451e+00 9.2551e+00 -4.6206e+00 -4.5477e+00 1.2455e+01 -1.6672e+00 -8.1305e+00 1.2155e+01 1.9713e+00 -5.5996e+00 1.3026e+01 -1.0594e+00 -3.5466e-01 1.4138e+01 -2.5518e-01 -1.8689e+01 -6.0390e+00 -8.9917e-01 -1.2897e+01 1.2633e+01 -7.3415e+00 3.9122e+00 -1.6805e+01 1.4249e+01 -8.3990e+00 -2.3510e+01 -1.1927e+01 -2.5154e+01 -3.2462e+00 1.1842e+01 -1.7944e+01 -1.6550e+01 -2.1737e+01 -1.5525e+01 1.6404e+01 1.0436e+01 5.1466e+00 -1.5293e+00 -2.6402e+01 2.4012e+00 4.3654e+00 -5.5465e+00 1.2150e+01 1.6174e+01 -6.4565e+00 2.2668e+00 -1.0914e+01 -8.7762e+00 -5.2579e+00 3.3204e+00 -7.0341e+00 9.5500e+00 7.5617e+00 5.4941e+00 -2.2103e+01 9.6083e+00 4.4634e+00 -2.0796e+01 -4.4461e+00 -7.5317e-01 -2.0558e+01 -1.1062e+01 -1.0919e+01 -2.6847e-01 -3.5274e+00 -2.3915e+01 -9.5681e+00 -1.4709e+01 2.9206e+00 -2.6495e+01 -2.3086e+01 -1.2037e+01 -1.5336e+01 -1.0481e+01 1.6884e+01 -1.9710e+01 -1.9661e+01 -2.0567e+01 2.6847e+00 -1.8124e-01
4 -5.6257e+00 1.5845e+01 -2.4263e+00 -3.5089e+00 1.2287e+01 -1.8931e+00 -1.1681e+00 1.5926e+01 -2.4076e+00 -9.5299e+00 1.2350e+01 6.9676e-01 -6.7149e+00 1.3198e+01 -2.0662e+00 1.1899e+01 -9.5375e+00 7.5450e+00 -7.0598e+00 1.0682e+01 7.3554e+00 1.5991e+01 -9.7403e+00 8.8453e-01 -1.2108e+00 1.5937e+01 5.1852e+00 -8.5432e+00 9.9825e+00 -5.4771e+00 -4.0789e+00 1.1559e+01 -1.5758e+00 -8.6994e+00 1.2205e+01 1.3190e+00 -5.8221e+00 1.2722e+01 -1.8362e+00 7.1341e-01 1.3724e+01 -3.8204e+00 -1.7500e+01 -6.2854e+00 -3.9461e+00 -1.8321e+01 1.4578e+01 -1.2586e+01 6.1858e-01 -1.6165e+01 1.0943e+01 -5.3733e+00 -2.5003e+01 -1.7546e+01 -2.4730e+01 -2.5564e+01 4.1964e+00 -1.3495e+01 -1.6913e+01 -2.2978e+01 -1.1054e+01 1.4235e+01 1.0156e+01 1.6159e+00 -1.0328e+00 -2.5456e+01 -4.7383e-01 6.7512e+00 -4.2473e+00 1.2172e+01 1.5297e+01 -3.1796e+00 -2.2084e+01 -1.1503e+01 -1.7839e+01 -1.4299e+01 9.1528e+00 -5.5638e-01 -1.4953e+01 -1.0335e+01 -1.6264e+01 1.4664e+01 1.1899e+01 8.3665e+00 -1.7627e+01 4.8535e-01 1.5882e+00 -2.1108e+01 -8.5690e+00 -9.4713e+00 -1.2465e+01 9.4315e+00 -2.5997e+01 -1.3465e+01 -1.9708e+01 -6.3435e+00 -2.2128e+01 -2.1212e+01 -1.0487e+01 -1.6486e+01 -1.1524e+01 1.7415e+01 -1.7285e+01 -1.7462e+01 -2.2554e+01 9.6904e+00 -4.3628e+00
5 -6.3115e+00 1.3564e+01 -3.9781e+00 -3.7606e+00 9.6156e+00 -3.2607e+00 -7.7639e-01 1.5226e+01 -4.8907e+00 -9.5214e+00 1.2615e+01 5.4914e-02 -6.8132e+00 1.2811e+01 -2.1165e+00 1.3220e+01 -9.5810e+00 6.5868e+00 -7.4287e+00 1.0140e+01 6.2967e+00 1.2961e+01 -8.5320e+00 -1.5537e+00 -2.9533e+00 1.6307e+01 6.6155e+00 -8.6008e+00 1.0302e+01 -5.1447e+00 -3.3967e+00 1.1752e+01 -1.1490e+00 -8.3268e+00 1.1592e+01 1.0827e+00 -3.8947e+00 1.0547e+01 -1.7610e+00 2.3603e-01 1.5105e+01 -2.4840e+00 -2.1743e+01 -8.3894e+00 -2.7018e+00 -1.0008e+01 1.1268e+01 -4.5097e+00 5.9431e+00 -1.8733e+01 1.5140e+01 -1.0260e+01 -2.2890e+01 -1.1866e+01 -2.4332e+01 -1.8760e+00 1.0479e+01 -1.4753e+01 -1.6479e+01 -2.2673e+01 -1.1980e+01 1.4628e+01 1.2149e+01 6.4093e+00 4.1568e+00 -2.6424e+01 3.0321e+00 3.6623e+00 -3.8780e+00 1.5865e+01 1.5278e+01 -4.7755e+00 -2.0873e+01 -1.6162e+01 -2.2918e+01 -1.6264e+01 8.4330e+00 -5.9710e+00 1.0322e+01 6.6520e+00 5.5123e+00 -2.3742e+01 1.0490e+01 8.7702e+00 -1.3112e+01 5.8416e-01 4.6071e+00 -2.0964e+01 -1.2217e+01 -9.3293e+00 -9.2929e+00 5.6759e+00 -2.5100e+01 -1.9465e+01 -2.3547e+01 -2.2167e+01 -6.1792e+00 -2.5592e+01 -1.2636e+01 -1.2560e+01 -1.1238e+01 1.7176e+01 -1.8361e+01 -2.0550e+01 -2.3870e+01 1.0765e+01 -1.1019e+01
6 -5.6060e+00 1.4858e+01 -3.1299e+00 -3.6317e+00 1.2504e+01 -3.1665e+00 -1.5038e+00 1.2490e+01 -3.1373e+00 -9.5573e+00 1.3672e+01 5.1899e-01 -6.4413e+00 1.1178e+01 -1.8917e+00 1.2558e+01 -9.4639e+00 6.8552e+00 -6.9611e+00 1.0171e+01 7.0387e+00 1.7032e+01 -9.7404e+00 1.0007e+00 -9.7898e-01 1.5911e+01 6.1250e+00 -7.2005e+00 1.1168e+01 -5.6168e+00 -4.2440e+00 1.2794e+01 -1.3779e+00 -7.8449e+00 1.1417e+01 2.1161e+00 -3.7521e+00 1.4988e+01 -1.6586e+00 -4.7073e-02 1.3174e+01 -2.8034e+00 -1.7292e+01 -4.3142e+00 -7.1388e-01 -1.8666e+01 1.6159e+01 -1.9929e+01 -4.1700e+00 -1.6915e+01 1.2322e+01 -6.1989e+00 -2.5086e+01 -1.3153e+01 -2.2286e+01 -1.7326e+01 1.4955e+01 -1.9183e+01 -1.6131e+01 -2.0519e+01 -1.8097e+01 1.7199e+01 1.1295e+01 4.4475e+00 1.2648e+00 -2.6595e+01 3.3735e+00 4.7865e+00 -5.3290e+00 1.4452e+01 1.6072e+01 -4.2782e+00 -2.1867e+01 -1.2196e+01 -1.7611e+01 -1.4176e+01 8.6867e+00 -2.5177e+01 4.4049e+00 3.9271e+00 -1.5840e+01 1.0881e+01 -1.8363e+01 -2.0562e+01 -1.3826e+01 -1.3054e+01 5.3273e+00 -2.1393e+01 -9.2544e+00 -1.0932e+01 -8.3447e+00 6.4128e+00 -2.5716e+01 -1.4080e+01 -1.9463e+01 1.1103e+00 -2.5279e+01 -1.6867e+01 -6.5881e+00 -1.7464e+01 -3.9826e+00 1.3900e+01 -2.3731e+01 -1.6971e+01 -1.7570e+01 5.9746e+00 4.9322e+00
7 -6.3883e+00 1.4723e+01 -1.9192e+00 -2.3965e+00 8.4286e+00 -9.8050e-01 6.8037e-02 1.5347e+01 -4.2331e+00 -9.6246e+00 1.2333e+01 3.4062e-01 -6.5915e+00 1.3006e+01 -1.9277e+00 1.2437e+01 -9.5368e+00 7.0323e+00 -7.3370e+00 1.1312e+01 6.3964e+00 1.6201e+01 -9.6969e+00 9.2681e-01 -1.9840e+00 1.6784e+01 3.0771e+00 -7.8655e+00 1.0551e+01 -6.3960e+00 -2.0700e+00 1.3129e+01 -1.6917e+00 -6.4177e+00 1.1710e+01 2.8844e+00 -1.1581e+00 1.4647e+01 -1.2891e+00 6.3236e-01 1.3642e+01 -1.8284e+00 -2.0093e+01 -7.4692e+00 -2.6777e+00 -1.2495e+01 1.2168e+01 -2.2190e+00 8.2062e+00 -2.0323e+01 1.6356e+01 -1.3257e+01 -2.3884e+01 -1.2605e+01 -2.5636e+01 -5.9749e+00 1.4234e+01 -1.2388e+01 -1.9923e+01 -2.0921e+01 -6.2954e+00 9.3668e+00 4.6009e+00 1.2615e+00 1.5595e+01 -3.3874e+00 -2.4117e+01 3.0026e+00 -2.3859e+00 1.5002e+01 1.4946e+01 -3.3064e+00 -2.1073e+01 -1.1072e+01 -1.7741e+01 -1.4294e+01 9.2365e+00 -4.3176e+00 -1.3395e+01 -1.2933e+01 -1.8027e+01 1.5696e+01 -5.8772e+00 -1.5754e+01 -1.7889e+01 -1.5770e+01 1.6008e+01 -1.9806e+01 -1.0181e+01 -9.4778e+00 -1.3192e+00 -3.3886e+00 -2.5894e+01 -1.5158e+01 -2.1645e+01 7.6041e+00 -2.0863e+01 -2.0978e+01 -9.9635e+00 -1.6240e+01 -5.2251e+00 1.4417e+01 -2.4168e+01 -1.9738e+01 -2.2104e+01 9.9124e+00 -5.1014e+00
8 -6.0370e+00 1.4073e+01 -2.9525e+00 -2.6213e+00 9.5377e+00 -3.0036e+00 6.9504e-01 1.5005e+01 -4.0541e+00 -9.7123e+00 1.2542e+01 -6.6735e-01 -5.1240e+00 8.8530e+00 -2.4520e+00 1.4896e+01 -9.7284e+00 6.6100e+00 -7.5477e+00 9.6769e+00 6.2405e+00 1.6591e+01 -9.7541e+00 5.9734e-01 -7.1760e-01 1.5451e+01 4.2512e+00 -7.3590e+00 8.7276e+00 -6.6091e+00 -1.3306e+00 1.3482e+01 -1.3306e+00 -8.6573e+00 1.2354e+01 1.8583e+00 -6.1975e+00 1.4550e+01 -1.7638e+00 -2.8505e+00 1.2877e+01 -2.0902e+00 -2.1725e+01 -1.0165e+01 -4.1538e+00 -8.5173e+00 1.1053e+01 -3.1624e+00 7.4568e+00 -1.9483e+01 1.6369e+01 -1.2263e+01 8.6100e+00 -7.2185e-01 6.5988e+00 9.7659e+00 -1.0135e+01 -1.7177e+01 -1.6459e+01 -2.0875e+01 -1.5744e+01 1.6391e+01 1.1152e+01 5.6323e+00 1.4895e+01 -1.4622e+01 -1.4727e+01 6.0590e+00 -1.0455e+01 1.3529e+01 1.0757e+01 -1.2702e+01 -2.1721e+01 -1.2961e+01 -1.8610e+01 -1.3148e+01 9.5744e+00 -2.2603e+00 -1.3574e+01 -1.1873e+01 -1.7752e+01 1.4977e+01 1.1877e+01 7.4218e+00 -1.7438e+01 3.7603e+00 6.9664e-02 -1.9651e+01 -1.2154e+01 -1.0907e+01 -1.1829e+00 -2.9681e+00 -2.5179e+01 -1.3633e+01 -2.3222e+01 -1.0340e+01 -1.8258e+01 -2.5313e+01 -1.2901e+01 -1.3957e+01 -8.7456e+00 1.6015e+01 -2.5049e+01 -1.8597e+01 -1.9529e+01 2.9704e+00 4.1528e+00
9 -5.5668e+00 1.2837e+01 -4.7185e+00 -3.7788e+00 1.0009e+01 -4.3060e+00 6.8883e-01 1.3952e+01 -4.5816e+00 -9.6547e+00 1.2463e+01 -3.6973e-01 -6.1138e+00 1.0134e+01 -1.9008e+00 1.1391e+01 -9.1289e+00 6.7139e+00 -8.1374e+00 1.1795e+01 7.8273e+00 1.1705e+01 -9.0928e+00 -1.2793e+00 -2.6561e+00 1.7670e+01 5.4206e+00 -8.7202e+00 9.4849e+00 -5.2339e+00 -4.5478e+00 1.3717e+01 -1.4109e+00 -7.6864e+00 1.6432e+01 1.8546e+00 -4.3795e+00 1.4182e+01 -3.4466e+00 -2.5097e+00 1.3003e+01 -3.7338e+00 -2.2294e+01 -9.6651e+00 -4.1522e+00 -8.8958e+00 1.0425e+01 -6.7984e+00 4.5622e+00 -1.8555e+01 1.5422e+01 -1.0639e+01 7.1022e+00 1.7649e+00 4.0702e+00 9.8174e+00 4.5325e+00 -1.9021e+01 -1.5586e+01 -1.9659e+01 -1.9699e+01 1.7763e+01 1.2525e+01 6.3635e+00 5.9529e+00 -2.5643e+01 2.2081e-01 6.6405e+00 -6.2999e+00 1.1019e+01 1.5141e+01 -2.4974e+00 2.1601e+00 -1.1670e+01 -1.0212e+01 -6.1443e+00 3.6165e+00 -7.1819e+00 1.0057e+01 1.0434e+01 3.9783e+00 -2.2279e+01 1.0007e+01 7.4174e+00 -1.8342e+01 -4.7767e-01 1.2894e+00 -1.9938e+01 -1.3638e+01 -9.6701e+00 -6.1978e-01 -4.9067e+00 -2.6197e+01 -1.7577e+01 -1.4957e+01 6.2783e+00 -2.3906e+01 -2.1901e+01 -1.1560e+01 -1.4630e+01 -3.2855e+00 1.2738e+01 -2.5599e+01 -1.8757e+01 -2.0029e+01 7.0446e+00 -1.7823e+00
10 -6.4802e+00 1.4260e+01 -1.2374e-01 -3.0649e+00 8.8785e+00 9.9295e-01 1.2122e+00 1.4030e+01 -4.1760e+00 -9.5465e+00 1.4071e+01 5.1465e-01 -6.8480e+00 1.1854e+01 -1.9357e+00 1.4035e+01 -9.7174e+00 6.7608e+00 -8.2960e+00 1.0623e+01 7.5693e+00 1.6584e+01 -9.6942e+00 1.8811e+00 9.1194e-01 1.5341e+01 3.3398e+00 -8.7973e+00 1.0853e+01 -6.8167e+00 -4.6038e+00 1.2675e+01 -1.4093e+00 -5.5007e+00 1.4123e+01 2.3922e+00 -5.3283e+00 1.1729e+01 -6.6758e-01 -1.8659e+00 1.5861e+01 1.4266e+00 -2.1355e+01 -9.0391e+00 -4.8497e+00 -1.0235e+01 1.0837e+01 -3.2896e+00 7.1227e+00 -1.6422e+01 1.4199e+01 -8.4483e+00 -2.4465e+01 -1.3288e+01 -2.4437e+01 -4.8687e+00 1.1703e+01 -1.8256e+01 -1.6089e+01 -2.1631e+01 -1.6426e+01 1.6545e+01 1.0600e+01 4.9912e+00 4.4370e-01 -2.6363e+01 1.9918e+00 6.0272e+00 -1.1373e+01 1.1816e+01 1.3917e+01 -1.1756e+01 -2.0629e+01 -1.3689e+01 -1.8034e+01 -1.6193e+01 6.8243e+00 -7.4093e+00 -1.1367e+01 -1.5864e+01 -1.8739e+01 1.5545e+01 1.2395e+01 1.1357e+01 -1.2322e+01 3.0492e+00 4.6116e+00 -2.2117e+01 -1.0758e+01 -5.2238e+00 -3.4103e+00 -4.2886e+00 -2.5952e+01 -1.9008e+01 -1.9412e+01 5.9194e+00 -2.3417e+01 -2.1588e+01 -8.1087e+00 -8.8027e+00 -1.5787e+01 1.8687e+01 -1.6678e+01 -2.3097e+01 -1.2508e+01 6.2432e+00 -1.1996e+01
11 -5.7970e+00 1.4289e+01 -2.0025e+00 -3.9334e+00 1.0604e+01 -3.3236e+00 -1.8651e-01 1.4790e+01 -4.8600e+00 -9.5988e+00 1.4678e+01 5.2683e-01 -6.4386e+00 1.1520e+01 -2.7107e+00 1.2075e+01 -9.5214e+00 7.0941e+00 -6.7133e+00 1.0985e+01 6.2605e+00 1.2807e+01 -8.5167e+00 -1.8224e+00 -1.3518e+00 1.5929e+01 5.4686e+00 -8.2272e+00 8.5215e+00 -5.1198e+00 -4.5479e+00 1.4026e+01 -1.4369e+00 -7.8029e+00 1.3267e+01 3.0662e+00 -3.8342e+00 1.5020e+01 -2.4576e+00 -3.8101e+00 1.4252e+01 -1.7998e+00 -2.2168e+01 -1.0308e+01 -5.2879e+00 -7.1801e+00 9.3271e+00 -1.0697e+01 1.8473e+00 -1.5541e+01 1.2748e+01 -6.0383e+00 -2.2700e+01 -1.1133e+01 -2.4572e+01 -4.4497e+00 1.2804e+01 -1.8710e+01 -1.7279e+01 -2.1726e+01 -1.4946e+01 1.6029e+01 1.0007e+01 5.2297e+00 1.4140e+01 -1.1170e+01 -1.8017e+01 3.7219e+00 -2.7129e+00 1.4772e+01 1.5117e+01 -2.9585e+00 -2.1859e+01 -1.1653e+01 -1.9161e+01 -1.4659e+01 8.6291e+00 -7.1289e+00 1.0396e+01 1.0469e+01 5.6379e+00 -2.2626e+01 1.1964e+01 9.5640e+00 -1.2241e+01 3.0536e+00 4.2392e+00 -2.2672e+01 -1.3341e+01 -7.5458e+00 8.1865e-01 -9.5669e+00 -2.5873e+01 -1.6383e+01 -2.0684e+01 8.5295e+00 -1.8826e+01 -1.8443e+01 -9.2629e+00 -1.9215e+01 -2.7726e+00 1.3188e+01 -2.5619e+01 -1.8847e+01 -2.0566e+01 6.4202e+00 -6.4605e+00
12 -6.2956e+00 1.4435e+01 -3.0877e+00 -2.5185e+00 9.4145e+00 -3.8316e+00 -7.9229e-01 1.5192e+01 -4.9847e+00 -9.5310e+00 1.4241e+01 8.5182e-02 -7.1416e+00 1.3170e+01 -1.9745e+00 1.2703e+01 -9.7342e+00 6.8411e+00 -8.1869e+00 1.1028e+01 7.7687e+00 1.2587e+01 -8.5314e+00 -6.9125e-01 -1.5512e+00 1.6934e+01 6.0202e+00 -7.5278e+00 6.6957e+00 -4.7547e+00 -5.0619e+00 1.5009e+01 -1.4845e+00 -8.0408e+00 1.4888e+01 2.5752e+00 -5.1812e+00 1.3513e+01 -2.8159e+00 -3.0083e-01 1.2265e+01 -1.4272e+00 -2.1666e+01 -1.0395e+01 -3.6906e+00 -9.1749e+00 1.0650e+01 -8.9362e-01 8.2852e+00 -2.2087e+01 1.6125e+01 -1.5358e+01 -2.3663e+01 -1.2300e+01 -2.6140e+01 -7.8437e+00 1.5313e+01 -1.7506e+01 -1.6465e+01 -2.2454e+01 -1.4793e+01 1.5832e+01 1.0442e+01 5.5422e+00 -1.4233e+00 -2.4095e+01 -3.1124e+00 5.8811e+00 -1.2329e+01 1.1215e+01 1.6680e+01 -8.9735e+00 -2.1010e+01 -1.0804e+01 -1.7501e+01 -1.6408e+01 5.0545e+00 -6.2510e+00 1.0799e+01 9.1784e+00 3.6756e+00 -2.3262e+01 -1.6952e+01 -1.9746e+01 -1.7086e+01 -1.6350e+01 3.1232e+00 -2.2704e+01 -1.1549e+01 -6.1246e+00 2.5023e+00 -1.2778e+01 -2.4870e+01 -1.5810e+01 -2.1158e+01 -6.3851e+00 1.3878e+01 -2.4445e+01 -1.3103e+01 -1.5168e+01 -4.7819e+00 1.3828e+01 -2.5267e+01 -2.1140e+01 -1.8488e+01 7.8229e+00 -1.4499e+01
13 -6.4135e+00 1.4750e+01 -1.3441e+00 -2.3332e+00 8.6314e+00 -2.2841e+00 1.1572e+00 1.4031e+01 -4.3719e+00 -9.7070e+00 1.1018e+01 -1.6889e-01 -6.1884e+00 1.1448e+01 -2.0657e+00 1.2472e+01 -9.7400e+00 7.0230e+00 -8.8802e+00 1.1716e+01 8.3342e+00 1.6087e+01 -9.7081e+00 6.3454e-01 -1.9778e-01 1.5390e+01 4.0808e+00 -8.4241e+00 9.2885e+00 -6.4723e+00 -5.3047e+00 1.4367e+01 -2.5134e+00 -4.1255e+00 1.0197e+01 2.7900e+00 2.8414e-01 1.4256e+01 -8.5411e-01 9.5299e-01 1.2917e+01 -1.5914e+00 -2.0383e+01 -7.9089e+00 -1.6765e+00 -1.0206e+01 1.2264e+01 -8.3970e+00 3.6501e+00 -1.8266e+01 1.5440e+01 -1.0165e+01 -3.0570e-01 -8.2590e+00 1.5527e+00 5.5841e+00 4.9981e+00 -1.3994e+01 -1.5788e+01 -2.2429e+01 -1.4157e+01 1.5773e+01 1.0947e+01 4.6280e+00 -3.7447e-02 -2.4644e+01 -2.1255e+00 6.1224e+00 -9.8335e+00 1.0433e+01 1.6063e+01 -8.9754e+00 6.6624e+00 -1.2589e+01 -1.0199e+01 -8.0760e+00 6.0587e+00 -8.9871e-01 -1.4187e+01 -1.1050e+01 -1.7645e+01 1.4860e+01 1.2221e+01 9.1693e+00 -1.5179e+01 4.7836e-01 3.4676e+00 -1.4946e+01 -8.9185e+00 -1.3655e+01 2.4443e+00 -5.9306e+00 -2.4625e+01 -1.3699e+01 -1.8270e+01 -9.3024e+00 1.4318e+01 -1.5218e+01 -8.9846e+00 -1.9604e+01 -2.9436e+00 1.3464e+01 -2.5001e+01 -1.8366e+01 -2.1977e+01 9.0259e+00 -3.0376e+00
14 -7.4262e+00 1.5657e+01 -1.9474e+00 -1.3965e+00 1.0612e+01 -2.5735e+00 -7.0811e-01 1.5769e+01 -2.2875e+00 -9.6261e+00 1.2442e+01 -3.7597e-01 -6.4117e+00 1.1817e+01 -1.7865e+00 1.4061e+01 -9.7055e+00 6.7544e+00 -6.4943e+00 1.3558e+01 6.4863e+00 1.2720e+01 -8.9170e+00 -1.4659e+00 -2.6685e+00 1.6204e+01 5.9904e+00 -8.2202e+00 1.0797e+01 -5.0773e+00 -2.4514e+00 1.2175e+01 -1.4587e+00 -7.6713e+00 8.5308e+00 2.3609e+00 1.4740e-01 1.2726e+01 -1.7285e+00 -9.4726e-03 1.4896e+01 -9.9199e-01 -1.8876e+01 -8.2878e+00 -2.5501e+00 -1.7042e+01 1.4736e+01 -1.7705e+01 -2.1721e+00 -1.7719e+01 1.2132e+01 -6.1944e+00 -2.3369e+01 -1.3458e+01 -2.2770e+01 -2.3214e+01 2.0930e+00 -1.4288e+01 -1.6027e+01 -2.2883e+01 -1.3136e+01 1.5509e+01 1.1860e+01 5.6148e+00 1.1021e+01 -2.0131e+01 -8.3203e+00 1.7232e+01 5.0449e+00 -5.5029e+00 -9.5414e+00 3.7339e+00 -2.1447e+01 -1.0915e+01 -1.7630e+01 -1.5417e+01 7.3817e+00 -6.0724e+00 1.0197e+01 8.4118e+00 4.5418e+00 -2.4015e+01 1.0377e+01 6.5381e+00 -1.8695e+01 -8.6308e-02 1.1680e+00 -2.1342e+01 -1.2129e+01 -9.0197e+00 -3.0555e+00 -1.6970e+00 -2.4028e+01 -9.5128e+00 -2.0265e+01 -1.1438e+01 -1.8036e+01 -1.2884e+01 -4.7690e+00 -1.8028e+01 -2.2495e+00 1.3128e+01 -2.3884e+01 -1.9298e+01 -2.1709e+01 8.7046e+00 -8.4898e+00
15 -7.1438e+00 1.4289e+01 -2.1946e+00 -5.1789e+00 1.3118e+01 -3.6461e+00 -2.0970e+00 1.3487e+01 -4.3080e+00 -9.6003e+00 1.2582e+01 1.0749e+00 -7.2735e+00 1.3137e+01 -2.1332e+00 1.2065e+01 -9.6400e+00 7.1717e+00 -7.1133e+00 1.1656e+01 5.1830e+00 1.5865e+01 -9.7544e+00 4.2205e-02 -2.8060e-01 1.6851e+01 4.4523e+00 -8.2300e+00 1.0870e+01 -5.0677e+00 -6.8024e+00 1.5161e+01 -2.2752e+00 -8.5009e+00 1.4049e+01 1.5213e+00 -6.5213e+00 1.3718e+01 -1.8209e+00 -3.8938e+00 1.3912e+01 -2.8638e+00 -2.1026e+01 -9.5199e+00 -5.2945e+00 -1.3689e+01 1.2996e+01 -1.8592e+01 -3.2797e+00 -1.1016e+01 5.7730e+00 1.6495e+00 -2.0979e+01 -1.0424e+01 -2.4859e+01 1.0066e+00 7.8203e+00 -1.3903e+01 -1.6435e+01 -2.2553e+01 -1.2042e+01 1.5041e+01 1.0621e+01 4.7759e+00 -5.3417e-01 -2.5597e+01 -2.2514e-01 -9.9425e+00 2.4675e+00 1.8793e+01 1.1348e+01 7.3926e-01 -2.1744e+01 -1.2619e+01 -1.8397e+01 -1.4152e+01 9.4490e+00 -2.4614e+01 4.0987e+00 4.6673e+00 -1.5600e+01 1.1764e+01 -8.4269e+00 -1.7538e+01 -2.0985e+01 -1.2651e+01 1.4659e+01 -2.0055e+01 -1.0075e+01 -1.2191e+01 2.3690e+00 -7.9519e+00 -2.4467e+01 -1.4389e+01 -1.4795e+01 7.4506e+00 -2.1306e+01 -2.4847e+01 -1.2648e+01 -1.3316e+01 -1.6353e+01 1.8675e+01 -2.2942e+01 -1.8467e+01 -2.1960e+01 8.8372e+00 -1.1656e+00
16 -7.7109e+00 1.3741e+01 3.8549e+00 -3.0283e+00 8.3741e+00 1.6008e+00 -5.8768e-03 1.4499e+01 -3.8290e+00 -9.5881e+00 1.4245e+01 9.3274e-01 -7.2896e+00 1.2331e+01 -1.9865e+00 1.0703e+01 -9.5672e+00 7.8652e+00 -6.4395e+00 1.2338e+01 6.0083e+00 1.6514e+01 -9.7521e+00 8.8178e-01 -1.2705e-01 1.6321e+01 5.6977e+00 -7.5571e+00 1.1038e+01 -5.3750e+00 -4.4398e+00 1.2657e+01 -1.8403e+00 -7.2019e+00 1.4947e+01 1.9483e+00 -5.7054e+00 1.3111e+01 -1.3398e+00 -3.6541e+00 1.4271e+01 5.7934e-02 -2.2041e+01 -1.1508e+01 -6.4507e+00 -6.8421e+00 9.1280e+00 -8.6283e+00 4.2966e+00 -1.7754e+01 1.4654e+01 -8.8908e+00 -2.3990e+01 -1.2777e+01 -2.4808e+01 -6.1334e-01 9.1920e+00 -1.9199e+01 -1.5402e+01 -2.0231e+01 -1.8838e+01 1.7705e+01 1.0730e+01 5.4223e+00 -2.4972e+00 -2.4836e+01 -2.0098e+00 5.9548e+00 1.5533e+00 1.3132e+01 1.1712e+01 1.1345e+00 -2.1451e+01 -1.1559e+01 -1.7245e+01 -1.4529e+01 9.0938e+00 -2.4253e+01 3.9945e+00 3.9444e+00 -1.6442e+01 1.1344e+01 -1.6611e+01 -2.1046e+01 -1.7463e+01 -1.6887e+01 6.6496e+00 -2.3064e+01 -9.0133e+00 -4.7391e+00 -1.3157e+00 -6.9167e+00 -2.6352e+01 -1.7147e+01 -1.6888e+01 6.3094e+00 -2.4201e+01 -2.4515e+01 -1.2754e+01 -1.1425e+01 -1.1736e+01 1.7173e+01 -2.5729e+01 -1.9207e+01 -1.4733e+01 7.0533e+00 -1.7254e+01
17 -6.9987e+00 1.4947e+01 -1.3988e+00 -3.3882e+00 9.1722e+00 -1.9125e+00 8.9061e-01 1.3785e+01 -3.3449e+00 -9.5506e+00 1.3845e+01 1.0983e+00 -6.9729e+00 1.2794e+01 -1.7608e+00 1.2534e+01 -9.7513e+00 7.1930e+00 -8.1936e+00 1.4667e+01 7.4932e+00 1.1116e+01 -8.5715e+00 -1.8758e+00 -3.3665e+00 1.6257e+01 6.9786e+00 -7.9642e+00 6.7314e+00 -5.5993e+00 -5.0791e+00 1.3534e+01 -1.4046e+00 -8.1524e+00 1.3312e+01 2.6044e+00 -6.1246e+00 1.3251e+01 -2.2224e+00 5.2942e-01 1.3345e+01 -3.2397e+00 -2.0478e+01 -9.0951e+00 -3.1905e+00 -1.0326e+01 1.1551e+01 -9.2701e+00 2.7106e+00 -1.6932e+01 1.4055e+01 -7.9707e+00 -2.4640e+01 -1.2877e+01 -2.4178e+01 -9.5523e+00 1.4324e+01 -1.9422e+01 -1.5509e+01 -2.1332e+01 -1.7841e+01 1.7377e+01 8.9277e-01 -5.2563e+00 1.3089e+01 2.9562e+00 -2.6448e+01 1.6682e+01 4.2969e+00 -9.9425e+00 -1.0204e+01 5.1394e+00 -5.3747e-01 -1.4531e+01 -9.8931e+00 -7.9108e+00 5.9096e+00 -8.5362e+00 1.0026e+01 8.5773e+00 5.9551e+00 -2.1600e+01 -1.6835e+01 -2.0001e+01 -1.7501e+01 -1.7182e+01 2.5089e+00 -2.0309e+01 -1.3990e+01 -8.6487e+00 1.9108e+00 -1.0402e+01 -2.6093e+01 -1.6218e+01 -1.8063e+01 7.6849e+00 -2.1398e+01 -2.5124e+01 -1.2660e+01 -1.2940e+01 -8.9467e+00 1.5806e+01 -2.1262e+01 -2.0788e+01 -2.2048e+01 8.9252e+00 -7.8329e+00
18 -5.9317e+00 1.3902e+01 -2.5688e+00 -3.7079e+00 1.1429e+01 -2.7317e+00 1.2336e+00 1.4144e+01 -4.2359e+00 -9.6485e+00 1.2984e+01 3.5549e-01 -6.5579e+00 1.0945e+01 -1.7257e+00 1.1902e+01 -9.6184e+00 7.1146e+00 -7.0650e+00 1.1491e+01 5.9392e+00 1.1639e+01 -8.0244e+00 -2.7261e+00 1.0438e+00 1.5801e+01 4.6889e+00 -7.0552e+00 1.3006e+01 -5.3003e+00 -5.9772e+00 1.4845e+01 -1.5588e+00 -8.2639e+00 1.2064e+01 1.5184e+00 -5.9868e+00 1.2777e+01 -1.5293e+00 3.8729e-01 1.4554e+01 -1.4652e+00 -2.0451e+01 -7.7887e+00 -4.5697e+00 -1.4582e+01 1.3163e+01 -1.3046e+01 7.5363e-01 -1.4673e+01 1.1238e+01 -4.6615e+00 -2.4011e+01 -1.2433e+01 -2.5218e+01 -1.6174e+00 9.8595e+00 -1.8865e+01 -1.4620e+01 -1.8864e+01 -2.0321e+01 1.7957e+01 1.1490e+01 7.9643e+00 1.3672e+01 -1.0550e+01 -1.8415e+01 -2.0468e+00 -2.6628e+00 1.6378e+01 1.4490e+01 -1.9691e+00 -2.1172e+01 -1.2419e+01 -1.9857e+01 -1.6119e+01 7.9255e+00 -7.8142e+00 1.0593e+01 1.2411e+01 4.4208e+00 -2.1531e+01 -1.9420e+01 -2.1458e+01 -9.8359e+00 -9.9713e+00 3.4558e+00 -2.1768e+01 -8.4766e+00 -5.5301e+00 4.3208e-01 -9.6589e+00 -2.4431e+01 -1.3947e+01 -1.7516e+01 5.6022e-01 -2.5837e+01 -2.4404e+01 -1.2997e+01 -1.6618e+01 -1.3091e+01 1.7868e+01 -1.7455e+01 -1.9677e+01 -2.1633e+01 8.9617e+00 -1.1249e+01
19 -8.2951e+00 1.5923e+01 -1.5794e+00 -3.6708e+00 1.2283e+01 -4.3104e+00 -2.1707e+00 1.4988e+01 -4.2587e+00 -9.6166e+00 1.2168e+01 1.2550e+00 -7.1076e+00 1.4357e+01 -1.6411e+00 1.4119e+01 -9.7260e+00 6.3923e+00 -5.6198e+00 1.3464e+01 6.3927e+00 1.2101e+01 -8.5370e+00 -1.1107e+00 -9.2190e-01 1.5671e+01 6.1613e+00 -7.6453e+00 1.1601e+01 -5.6714e+00 -3.1684e+00 1.1493e+01 -1.0540e+00 -7.5453e+00 1.2845e+01 7.3257e-01 -1.9902e-01 1.3112e+01 -2.8115e+00 4.0886e-01 1.4783e+01 -1.6979e+00 -2.1179e+01 -1.2230e+01 -5.7226e+00 -1.5045e+01 1.1885e+01 -1.7626e+01 -2.4393e+00 -1.6330e+01 1.2052e+01 -5.3205e+00 -2.2859e+01 -1.1519e+01 -2.5531e+01 -4.2774e+00 1.2600e+01 -1.2621e+01 -1.6310e+01 -2.2844e+01 -1.1185e+01 1.4163e+01 1.0071e+01 4.2128e+00 -3.8943e-01 -2.6199e+01 1.4568e+00 1.7540e+01 5.1311e+00 -4.4148e+00 -9.7449e+00 3.6165e+00 -2.2199e+01 -1.2504e+01 -1.9820e+01 -1.6043e+01 8.1991e+00 -7.1661e+00 1.0698e+01 8.5702e+00 4.4841e+00 -2.3814e+01 -1.8360e+01 -2.0437e+01 -1.2854e+01 -1.2026e+01 6.8167e+00 -2.2652e+01 -1.1462e+01 -8.4789e+00 -5.1652e+00 2.4499e+00 -2.0475e+01 -2.0898e+01 -2.3208e+01 -2.6580e+01 4.6426e+00 -1.9414e+01 -8.9456e+00 -1.4302e+01 -6.5671e+00 1.5133e+01 -2.5260e+01 -1.8569e+01 -2.1290e+01 8.0264e+00 -8.2774e+00
