frame G1:C1-C2 G1:C3-C4 G1:C1-CC G2:C1-C2 G2:C3-C4 G2:C1-CC C3:C1-C2 C3:C3-C4 C3:C1-CC A4:C1-C2 A4:C3-C4 A4:C1-CC C5:C1-C2 C5:C3-C4 C5:C1-CC G6:C1-C2 G6:C3-C4 G6:C1-CC A7:C1-C2 A7:C3-C4 A7:C1-CC A8:C1-C2 A8:C3-C4 A8:C1-CC G9:C1-C2 G9:C3-C4 G9:C1-CC G10:C1-C2 G10:C3-C4 G10:C1-CC U11:C1-C2 U11:C3-C4 U11:C1-CC G12:C1-C2 G12:C3-C4 G12:C1-CC C13:C1-C2 C13:C3-C4 C13:C1-CC C14:C1-C2 C14:C3-C4 C14:C1-CC G1:C4p-P-plus G1:C3p-P-plus G2:C4p-P G2:C5p-P G2:C5s-P G2:C4p-P-plus G2:C3p-P-plus C3:C4p-P C3:C5p-P C3:C5s-P C3:C4p-P-plus C3:C3p-P-plus A4:C4p-P A4:C5p-P A4:C5s-P A4:C4p-P-plus A4:C3p-P-plus C5:C4p-P C5:C5p-P C5:C5s-P C5:C4p-P-plus C5:C3p-P-plus G6:C4p-P G6:C5p-P G6:C5s-P G6:C4p-P-plus G6:C3p-P-plus A7:C4p-P A7:C5p-P A7:C5s-P A7:C4p-P-plus A7:C3p-P-plus A8:C4p-P A8:C5p-P A8:C5s-P A8:C4p-P-plus A8:C3p-P-plus G9:C4p-P G9:C5p-P G9:C5s-P G9:C4p-P-plus G9:C3p-P-plus G10:C4p-P G10:C5p-P G10:C5s-P G10:C4p-P-plus G10:C3p-P-plus U11:C4p-P U11:C5p-P U11:C5s-P U11:C4p-P-plus U11:C3p-P-plus G12:C4p-P G12:C5p-P G12:C5s-P G12:C4p-P-plus G12:C3p-P-plus C13:C4p-P C13:C5p-P C13:C5s-P C13:C4p-P-plus C13:C3p-P-plus C14:C4p-P C14:C5p-P C14:C5s-P
0 -8.0985e+00 1.8994e+01 -3.9921e+00 -8.4862e+00 1.8180e+01 -2.3799e+00 -8.4645e+00 1.7649e+01 -3.0321e+00 -8.3169e+00 1.7844e+01 -3.8456e-01 -7.9466e+00 1.7820e+01 -3.6904e+00 -7.7714e+00 1.7919e+01 -1.1887e+00 -8.3042e+00 1.7655e+01 -3.1595e+00 -8.6403e+00 1.7267e+01 -1.5468e+00 -8.6303e+00 1.7408e+01 -5.4198e-01 -8.3009e+00 1.8183e+01 -3.6999e+00 -7.8695e+00 1.7946e+01 -3.0538e+00 -8.7478e+00 1.5863e+01 -4.5226e+00 -8.2490e+00 1.7343e+01 -4.1216e+00 -7.7785e+00 1.7907e+01 -2.9912e+00 -2.4319e+01 -2.2703e+01 -2.6533e+01 -1.4943e+01 2.1406e+01 -2.6748e+01 -2.3681e+01 -2.6805e+01 -1.3826e+01 2.1114e+01 -2.7924e+01 -2.3498e+01 -2.8328e+01 -9.5618e+00 1.7852e+01 -2.6413e+01 -2.3758e+01 -2.7651e+01 -1.0047e+01 1.8594e+01 -2.3164e+01 -2.4158e+01 -2.9053e+01 -1.0470e+01 1.6865e+01 -8.5300e+00 -1.0375e+01 2.0516e+01 -2.3389e+01 7.4405e+00 -1.9174e+01 -1.4734e+01 -2.3071e+01 -3.0470e+00 1.7032e+01 -2.3808e+01 -2.4724e+01 -2.8577e+01 -9.0614e+00 1.7101e+01 -2.5602e+01 -2.5133e+01 -5.4689e+00 -5.4535e+00 -1.5454e+00 -2.6017e+01 -2.3625e+01 -2.6949e+01 -1.5575e+01 2.1147e+01 -2.9351e+01 -2.3077e+01 -2.9018e+01 -2.8566e+01 -3.5109e+00 -2.3450e+01 -1.8107e+01 -2.6925e+01 -1.0584e+01 1.9434e+01 -2.3798e+01 -2.3142e+01 -2.9350e+01 -1.2544e+01 1.8192e+01
1 -8.4271e+00 1.8650e+01 -3.3010e+00 -8.3139e+00 1.8403e+01 -1.9905e+00 -8.2859e+00 1.8173e+01 -3.0557e+00 -8.5695e+00 1.8183e+01 -1.5597e-01 -8.1670e+00 1.7951e+01 -2.9115e+00 -8.5650e+00 1.7754e+01 1.0730e-01 -8.0267e+00 1.6892e+01 -2.7975e+00 -8.6704e+00 1.6549e+01 -1.6708e+00 -8.5815e+00 1.7739e+01 -1.9064e-01 -8.8626e+00 1.6987e+01 -1.1266e+00 -8.2546e+00 1.8347e+01 -3.9123e+00 -8.1768e+00 1.7814e+01 -1.8633e+00 -8.1651e+00 1.8264e+01 -3.3161e+00 -7.8346e+00 1.8803e+01 -3.1742e+00 -2.7097e+01 -2.3834e+01 -2.6583e+01 -1.4407e+01 2.1173e+01 -2.6844e+01 -2.4215e+01 -2.7586e+01 -1.2201e+01 1.9737e+01 -2.6470e+01 -2.4152e+01 -2.8549e+01 -7.9892e+00 1.6120e+01 -2.6496e+01 -2.3331e+01 -2.7608e+01 -1.2911e+01 2.0182e+01 -2.3620e+01 -2.2846e+01 -2.8303e+01 -1.3514e+01 1.9902e+01 -1.3770e+01 -1.3098e+01 2.4107e+01 -2.2403e+01 8.2363e+00 -1.5535e+01 -1.6186e+01 -2.6572e+01 -1.2005e+01 2.0720e+01 -2.1808e+01 -2.0230e+01 -2.6975e+01 -1.1392e+01 2.0372e+01 -3.0295e+01 -2.6341e+01 -9.0113e+00 -9.6075e+00 -1.5394e+00 -2.4775e+01 -2.1295e+01 -2.3945e+01 -1.6203e+01 2.2878e+01 -2.6337e+01 -2.1864e+01 -2.7556e+01 -9.0094e+00 1.8522e+01 -2.6118e+01 -2.4283e+01 -2.7755e+01 -1.0411e+01 1.8790e+01 -2.6658e+01 -2.5489e+01 -2.8715e+01 -1.0645e+01 1.7567e+01
2 -8.3577e+00 1.8582e+01 -3.7307e+00 -8.2435e+00 1.7783e+01 -2.8031e+00 -8.3412e+00 1.7641e+01 -3.9961e+00 -8.5151e+00 1.8137e+01 -2.3767e-01 -7.9788e+00 1.8921e+01 -4.3599e+00 -8.1479e+00 1.8230e+01 -1.1321e+00 -8.3227e+00 1.7585e+01 -2.7235e+00 -8.4808e+00 1.7143e+01 -9.3419e-01 -8.4102e+00 1.8714e+01 -1.6624e+00 -8.4300e+00 1.8039e+01 -3.9508e+00 -8.2834e+00 1.7855e+01 -3.5016e+00 -7.9664e+00 1.8376e+01 -3.0294e+00 -8.2128e+00 1.8656e+01 -4.0616e+00 -7.9421e+00 1.8438e+01 -3.4965e+00 -2.7623e+01 -2.5106e+01 -2.7389e+01 -8.9437e+00 1.7200e+01 -2.6318e+01 -2.2821e+01 -2.6414e+01 -1.2033e+01 2.0592e+01 -2.6470e+01 -2.0977e+01 -2.7789e+01 -1.3658e+01 2.0658e+01 -2.6141e+01 -2.5501e+01 -2.6581e+01 -8.7973e+00 1.8005e+01 -2.4618e+01 -2.5932e+01 -2.8845e+01 -1.2583e+01 1.8463e+01 -1.0661e+01 -1.2392e+01 1.9041e+01 -2.3002e+01 7.0076e+00 -1.9554e+01 -1.4892e+01 -2.2584e+01 -4.4812e+00 1.7825e+01 -2.4741e+01 -2.2842e+01 -2.4619e+01 -8.1613e+00 1.9364e+01 -1.8267e+01 -1.9856e+01 -6.3667e+00 -6.5482e+00 -3.1166e+00 -2.5309e+01 -2.2869e+01 -2.7099e+01 -1.7431e+01 2.1891e+01 -2.6627e+01 -2.3332e+01 -2.5785e+01 -9.2845e+00 1.9391e+01 -2.5746e+01 -2.2715e+01 -2.5797e+01 -1.4292e+01 2.2045e+01 -2.7173e+01 -2.5751e+01 -2.8450e+01 -1.4005e+01 2.0059e+01
3 -8.2141e+00 1.8296e+01 -3.8944e+00 -8.2617e+00 1.7723e+01 -2.5628e+00 -8.4827e+00 1.8569e+01 -3.3066e+00 -8.5608e+00 1.7661e+01 -2.6990e-01 -7.9357e+00 1.7803e+01 -3.5508e+00 -8.0253e+00 1.8306e+01 -4.0426e-01 -7.7880e+00 1.6960e+01 -2.5717e+00 -8.5733e+00 1.7314e+01 -9.0375e-01 -8.6021e+00 1.7617e+01 -1.6638e+00 -8.2882e+00 1.7110e+01 -3.4713e+00 -8.4905e+00 1.8184e+01 -3.4677e+00 -8.2849e+00 1.8287e+01 -1.6021e+00 -8.2559e+00 1.7520e+01 -3.7347e+00 -7.7308e+00 1.7990e+01 -3.0468e+00 -2.5734e+01 -2.2576e+01 -2.7036e+01 -1.4598e+01 2.0878e+01 -2.3668e+01 -1.9114e+01 -2.5262e+01 -1.3612e+01 2.1831e+01 -2.6645e+01 -2.4047e+01 -2.7980e+01 -1.1536e+01 1.9580e+01 -2.7435e+01 -2.4523e+01 -2.7073e+01 -7.6616e+00 1.7506e+01 -2.3217e+01 -2.4150e+01 -2.9115e+01 -9.5991e+00 1.6465e+01 -9.8284e+00 -1.0801e+01 2.1095e+01 -2.8046e+01 8.6933e+00 -1.4610e+01 -1.7713e+01 -2.8215e+01 -3.2928e+00 1.4524e+01 -2.5105e+01 -2.3587e+01 -2.5985e+01 -8.7746e+00 1.9506e+01 -2.3079e+01 -2.0846e+01 -8.9221e+00 -9.6701e+00 1.0126e+00 -2.3523e+01 -2.0737e+01 -2.6894e+01 -1.3458e+01 2.0990e+01 -2.7340e+01 -2.3542e+01 -2.7681e+01 -7.2934e+00 1.7255e+01 -2.5719e+01 -2.3615e+01 -2.6890e+01 -1.0669e+01 1.9407e+01 -2.4694e+01 -2.3381e+01 -2.9220e+01 -1.4233e+01 1.9391e+01
4 -8.3790e+00 1.7807e+01 -3.6931e+00 -8.1286e+00 1.8265e+01 -2.0397e+00 -8.2838e+00 1.8231e+01 -3.1166e+00 -8.4915e+00 1.8559e+01 1.3870e-01 -7.9183e+00 1.9068e+01 -3.5981e+00 -7.6267e+00 1.7883e+01 -8.1289e-02 -7.8128e+00 1.7425e+01 -6.4783e-01 -8.1087e+00 1.7247e+01 -1.2446e+00 -8.7551e+00 1.7677e+01 -1.0851e+00 -8.3342e+00 1.7911e+01 -3.5117e+00 -8.1806e+00 1.8340e+01 -3.7488e+00 -8.3302e+00 1.8028e+01 -1.4802e+00 -7.9141e+00 1.8081e+01 -3.4889e+00 -7.9910e+00 1.9094e+01 -3.3118e+00 -2.6016e+01 -2.3073e+01 -2.7397e+01 -1.3409e+01 2.0326e+01 -2.6547e+01 -2.2889e+01 -2.7137e+01 -1.1545e+01 2.0180e+01 -2.5893e+01 -2.3538e+01 -2.8354e+01 -1.1761e+01 1.8853e+01 -2.6209e+01 -2.5133e+01 -2.5449e+01 -1.0568e+01 1.9562e+01 -2.5796e+01 -2.6650e+01 -2.8830e+01 -7.7183e+00 1.4639e+01 -2.6520e+01 -1.8388e+01 7.0427e+00 8.4074e+00 -2.7004e+01 8.3961e+00 8.8440e+00 -2.4482e+01 -3.8047e+00 1.7322e+01 -2.4580e+01 -2.4083e+01 -2.8077e+01 -6.2791e+00 1.6624e+01 -2.4232e+01 -2.2235e+01 -6.1318e+00 -6.6155e+00 1.4773e+00 -2.4328e+01 -2.0722e+01 -2.5124e+01 -1.6971e+01 2.2628e+01 -2.5722e+01 -2.2483e+01 -2.7631e+01 -1.0839e+01 1.9524e+01 -2.7097e+01 -2.3259e+01 -2.6886e+01 -1.1917e+01 2.0054e+01 -2.4411e+01 -2.4372e+01 -2.8400e+01 -1.2544e+01 1.9119e+01
5 -8.2785e+00 1.8704e+01 -4.1747e+00 -8.5397e+00 1.7958e+01 -2.7442e+00 -8.5327e+00 1.7397e+01 -3.0303e+00 -8.1712e+00 1.8022e+01 -1.2103e-01 -7.9265e+00 1.7574e+01 -2.7528e+00 -7.6947e+00 1.8342e+01 -2.8335e-02 -8.3210e+00 1.7358e+01 -5.9543e-01 -8.9517e+00 1.6036e+01 -2.8557e+00 -8.8427e+00 1.8052e+01 -1.7408e+00 -8.3323e+00 1.7253e+01 -3.4572e+00 -8.0468e+00 1.7128e+01 -3.0408e+00 -8.7828e+00 1.5863e+01 -4.8084e+00 -8.3910e+00 1.7761e+01 -3.9584e+00 -7.5438e+00 1.8236e+01 -2.9177e+00 -2.6249e+01 -2.3423e+01 -2.6512e+01 -1.3089e+01 2.0581e+01 -2.6738e+01 -2.4190e+01 -2.7376e+01 -1.2240e+01 2.0040e+01 -2.7348e+01 -2.2234e+01 -2.8442e+01 -1.0171e+01 1.8376e+01 -2.6576e+01 -2.3919e+01 -2.8249e+01 -1.0956e+01 1.8524e+01 -2.1663e+01 -2.3011e+01 -2.8107e+01 -7.9980e+00 1.6331e+01 1.7589e+00 -2.0044e-02 2.2399e+01 -2.7646e+01 8.6117e+00 -2.7686e+01 -2.4050e+01 -2.0178e+01 -1.9063e+01 -1.2110e+01 -2.1335e+01 -2.0554e+01 -2.7711e+01 -9.1265e+00 1.8599e+01 -1.9821e+01 -2.0719e+01 -1.0328e+01 -9.9729e+00 -2.2454e+00 -2.7232e+01 -2.3956e+01 -2.8158e+01 -1.4704e+01 2.0580e+01 -2.9428e+01 -2.0851e+01 -2.6471e+01 -2.5189e+01 -7.7583e+00 -2.2836e+01 -1.7300e+01 -2.6855e+01 -1.1796e+01 2.0413e+01 -2.5806e+01 -2.4698e+01 -2.9110e+01 -1.1184e+01 1.7699e+01
6 -8.5353e+00 1.7747e+01 -3.6509e+00 -8.2356e+00 1.7589e+01 -2.5122e+00 -8.3694e+00 1.7911e+01 -3.5918e+00 -8.8669e+00 1.8912e+01 -1.0655e+00 -7.9333e+00 1.8043e+01 -3.6206e+00 -8.1516e+00 1.7628e+01 -1.0479e+00 -7.9897e+00 1.7412e+01 -3.1719e+00 -8.7232e+00 1.8297e+01 -1.7735e+00 -8.4921e+00 1.7176e+01 -1.0130e+00 -8.5585e+00 1.7410e+01 -2.8872e+00 -8.4628e+00 1.8822e+01 -3.5201e+00 -8.1591e+00 1.8332e+01 -1.8288e+00 -7.5417e+00 1.7139e+01 -3.4729e+00 -8.0574e+00 1.9047e+01 -2.9113e+00 -2.6152e+01 -2.1335e+01 -2.7279e+01 -1.3047e+01 2.0364e+01 -2.5330e+01 -1.9787e+01 -2.7143e+01 -9.9475e+00 1.9521e+01 -2.4815e+01 -2.2612e+01 -2.7876e+01 -1.0334e+01 1.8929e+01 -2.9271e+01 -2.6730e+01 -2.7325e+01 -1.3459e+01 2.0451e+01 -2.4985e+01 -2.4902e+01 -2.8934e+01 -1.0730e+01 1.7480e+01 -9.0547e+00 -9.8601e+00 2.0551e+01 -2.2475e+01 7.0159e+00 -1.6267e+01 -1.3267e+01 -2.2157e+01 -6.1694e+00 1.8918e+01 -2.4808e+01 -2.4897e+01 -2.7974e+01 -1.2680e+01 1.9650e+01 -2.4710e+01 -2.4746e+01 -7.5524e+00 -7.2712e+00 -2.0471e+00 -2.7054e+01 -2.3861e+01 -2.7362e+01 -1.2112e+01 1.9874e+01 -2.7536e+01 -2.4947e+01 -2.7141e+01 -1.0976e+01 1.9085e+01 -2.7513e+01 -2.5086e+01 -2.7670e+01 -9.5594e+00 1.8193e+01 -2.1959e+01 -2.3225e+01 -2.9037e+01 -8.8340e+00 1.6209e+01
7 -8.5374e+00 1.7837e+01 -3.5573e+00 -8.6135e+00 1.7842e+01 -2.5937e+00 -8.3883e+00 1.7744e+01 -3.1282e+00 -7.9862e+00 1.8226e+01 -6.0232e-01 -7.8782e+00 1.8547e+01 -4.1503e+00 -8.1696e+00 1.9047e+01 -1.1789e+00 -7.9251e+00 1.6904e+01 -2.3238e+00 -8.6082e+00 1.7112e+01 -4.8674e-01 -8.4036e+00 1.8005e+01 -1.5634e+00 -8.3060e+00 1.7876e+01 -3.1923e+00 -7.8609e+00 1.8267e+01 -3.2262e+00 -8.6742e+00 1.7086e+01 -4.1258e+00 -8.2918e+00 1.7924e+01 -4.0806e+00 -7.7688e+00 1.8121e+01 -3.1264e+00 -2.6752e+01 -2.3548e+01 -2.7992e+01 -8.8986e+00 1.7412e+01 -2.7649e+01 -2.5433e+01 -2.8275e+01 -1.1215e+01 1.8933e+01 -2.8183e+01 -2.4273e+01 -2.8349e+01 -9.1950e+00 1.7340e+01 -2.5901e+01 -2.3060e+01 -2.6546e+01 -1.0712e+01 1.9908e+01 -2.1527e+01 -2.1995e+01 -2.7975e+01 -1.0316e+01 1.7650e+01 -7.2677e+00 -9.1928e+00 2.0879e+01 -2.8921e+01 8.7708e+00 -1.4746e+01 -1.7521e+01 -2.8045e+01 -4.6119e+00 1.5582e+01 -2.4870e+01 -2.4192e+01 -2.6909e+01 -6.6262e+00 1.7185e+01 -2.1294e+01 -2.2495e+01 -8.0162e+00 -9.6190e+00 3.4368e+00 -2.2810e+01 -2.0269e+01 -2.6044e+01 -2.0439e+01 2.3011e+01 -2.9324e+01 -2.5227e+01 -3.0067e+01 -2.7433e+01 -9.6934e+00 -2.5073e+01 -2.1046e+01 -2.6863e+01 -1.4634e+01 2.1475e+01 -2.5811e+01 -2.4514e+01 -2.9009e+01 -1.2303e+01 1.8516e+01
8 -8.4056e+00 1.7151e+01 -3.6833e+00 -8.3880e+00 1.8171e+01 -2.0782e+00 -8.3114e+00 1.7652e+01 -3.1180e+00 -8.5268e+00 1.7591e+01 -2.6981e-01 -7.8765e+00 1.7549e+01 -3.5319e+00 -7.8401e+00 1.7673e+01 -6.3178e-01 -8.1301e+00 1.7384e+01 -1.7196e+00 -8.1060e+00 1.7763e+01 -1.1860e-01 -8.4643e+00 1.8333e+01 -1.6387e+00 -8.6355e+00 1.6440e+01 -2.9454e+00 -8.4430e+00 1.7544e+01 -3.5009e+00 -8.2835e+00 1.7798e+01 -1.5494e+00 -8.1353e+00 1.8265e+01 -3.5241e+00 -7.6529e+00 1.8208e+01 -2.8749e+00 -2.5611e+01 -2.1540e+01 -2.7572e+01 -1.2629e+01 1.9902e+01 -2.6797e+01 -2.3657e+01 -2.7307e+01 -1.1659e+01 1.9795e+01 -2.7142e+01 -2.3621e+01 -2.8596e+01 -8.5470e+00 1.6879e+01 -2.6418e+01 -2.3160e+01 -2.6875e+01 -1.0802e+01 1.9300e+01 -2.2227e+01 -2.3496e+01 -2.8772e+01 -8.7672e+00 1.6553e+01 -7.0837e+00 -7.5441e+00 2.1192e+01 -2.6535e+01 8.5189e+00 -1.5702e+01 -1.5246e+01 -2.4629e+01 -6.5840e+00 1.8804e+01 -2.5234e+01 -2.4176e+01 -2.6412e+01 -7.4134e+00 1.8098e+01 -2.1846e+01 -2.2975e+01 -9.9072e+00 -9.5072e+00 -3.2250e+00 -2.6569e+01 -2.2590e+01 -2.7946e+01 -1.1208e+01 1.9191e+01 -2.7046e+01 -2.2922e+01 -2.7862e+01 -8.5126e+00 1.7832e+01 -2.6428e+01 -2.4057e+01 -2.7173e+01 -9.9216e+00 1.8841e+01 -2.6136e+01 -2.5557e+01 -2.8986e+01 -1.1260e+01 1.7465e+01
9 -7.7988e+00 1.9358e+01 -2.9874e+00 -8.4663e+00 1.9017e+01 -1.2594e+00 -8.3226e+00 1.8703e+01 -3.5653e+00 -8.6226e+00 1.7781e+01 -6.7911e-01 -7.9658e+00 1.8935e+01 -4.0728e+00 -7.9202e+00 1.8025e+01 -1.2487e+00 -8.3389e+00 1.7518e+01 -3.3695e+00 -8.5561e+00 1.7175e+01 -1.5906e+00 -8.5358e+00 1.7153e+01 -7.6346e-01 -8.3112e+00 1.7097e+01 -3.3792e+00 -8.1919e+00 1.9217e+01 -4.2760e+00 -8.5713e+00 1.8156e+01 -1.5100e+00 -8.0933e+00 1.8223e+01 -3.6459e+00 -7.4952e+00 1.9196e+01 -3.5360e+00 -2.5677e+01 -2.5747e+01 -2.7283e+01 -8.7258e+00 1.7890e+01 -2.6403e+01 -2.3956e+01 -2.5997e+01 -1.0932e+01 2.0332e+01 -2.6066e+01 -2.3248e+01 -2.8001e+01 -1.2824e+01 1.9999e+01 -2.6208e+01 -2.3866e+01 -2.5965e+01 -1.2696e+01 2.0918e+01 -2.5193e+01 -2.5649e+01 -2.9181e+01 -1.1901e+01 1.7868e+01 -9.6788e+00 -1.1274e+01 2.0761e+01 -2.4070e+01 7.7641e+00 -2.0235e+01 -1.5305e+01 -2.3239e+01 -2.9038e+00 1.6907e+01 -2.3647e+01 -2.3575e+01 -2.8248e+01 -1.0670e+01 1.8773e+01 -2.4952e+01 -2.4294e+01 -9.5921e+00 -1.0064e+01 -7.0588e-01 -2.2749e+01 -2.2097e+01 -2.6975e+01 -1.2430e+01 1.9780e+01 -2.4166e+01 -2.3842e+01 -2.6401e+01 -1.2422e+01 2.0485e+01 -2.7287e+01 -2.4777e+01 -2.7524e+01 -1.0618e+01 1.8709e+01 -2.5433e+01 -2.5514e+01 -2.7625e+01 -1.1466e+01 1.8365e+01
10 -8.6121e+00 1.8122e+01 -3.7808e+00 -8.5191e+00 1.7145e+01 -2.2783e+00 -8.3990e+00 1.6998e+01 -3.6937e+00 -8.1742e+00 1.7271e+01 -3.6634e-01 -7.8759e+00 1.8439e+01 -4.9803e+00 -7.9167e+00 1.8040e+01 -1.4582e+00 -8.3726e+00 1.7536e+01 -3.9475e+00 -8.5155e+00 1.7095e+01 -1.4836e+00 -8.2906e+00 1.7484e+01 -1.1494e+00 -8.7328e+00 1.7207e+01 -3.0926e+00 -8.3430e+00 1.7971e+01 -3.4293e+00 -8.2828e+00 1.8006e+01 -2.3630e+00 -8.3788e+00 1.8031e+01 -4.3842e+00 -7.8931e+00 1.8445e+01 -3.6906e+00 -2.8277e+01 -2.4620e+01 -2.8433e+01 -1.2030e+01 1.8513e+01 -2.5079e+01 -2.0774e+01 -2.7339e+01 -1.0385e+01 1.9487e+01 -2.6163e+01 -2.1273e+01 -2.8375e+01 -1.0456e+01 1.8554e+01 -2.5676e+01 -2.1944e+01 -2.6084e+01 -9.0448e+00 1.9598e+01 -2.5952e+01 -2.5536e+01 -2.9393e+01 -1.4899e+01 1.9237e+01 -1.0414e+01 -1.1607e+01 1.9985e+01 -2.5693e+01 8.0670e+00 -1.9604e+01 -1.4953e+01 -2.3323e+01 -2.6846e+00 1.6758e+01 -2.4267e+01 -2.3789e+01 -2.7239e+01 -1.0088e+01 1.9456e+01 -1.8761e+01 -1.8242e+01 -1.3231e+01 -1.4657e+01 5.0628e+00 -2.7861e+01 -2.2942e+01 -2.7739e+01 -1.0140e+01 1.8983e+01 -2.7521e+01 -2.3357e+01 -2.6715e+01 -9.9111e+00 1.9402e+01 -2.5213e+01 -2.2128e+01 -2.7216e+01 -1.1102e+01 2.0192e+01 -2.5000e+01 -2.3623e+01 -2.8204e+01 -1.1376e+01 1.8935e+01
11 -8.4027e+00 1.7077e+01 -5.3526e+00 -8.2809e+00 1.8161e+01 -3.4598e+00 -8.3781e+00 1.8296e+01 -3.5136e+00 -8.3879e+00 1.7920e+01 -1.7482e-01 -8.0665e+00 1.6805e+01 -3.2223e+00 -8.2787e+00 1.7591e+01 1.4962e-01 -8.0502e+00 1.7448e+01 -3.5647e+00 -8.5887e+00 1.6129e+01 -2.1556e+00 -8.4881e+00 1.7890e+01 -9.2728e-01 -8.6841e+00 1.7169e+01 -2.3707e+00 -8.0068e+00 1.7545e+01 -3.2348e+00 -8.4740e+00 1.7874e+01 -4.2639e+00 -8.4332e+00 1.7498e+01 -3.8623e+00 -7.5403e+00 1.8415e+01 -3.7032e+00 -2.5893e+01 -2.0254e+01 -2.6107e+01 -1.2848e+01 2.1207e+01 -2.3797e+01 -2.1653e+01 -2.7092e+01 -1.1313e+01 1.9476e+01 -2.6605e+01 -2.4103e+01 -2.8214e+01 -1.2360e+01 1.9629e+01 -2.7695e+01 -2.2467e+01 -2.8320e+01 -1.0848e+01 1.9149e+01 -2.1700e+01 -2.1595e+01 -2.9165e+01 -9.2608e+00 1.6221e+01 -1.6290e+01 -1.6337e+01 2.1657e+01 -2.2294e+01 7.2895e+00 -1.8851e+01 -1.6915e+01 -2.2505e+01 -1.4423e+01 2.2986e+01 -1.9270e+01 -1.7994e+01 -2.7414e+01 -9.2723e+00 1.8985e+01 -2.9851e+01 -2.6330e+01 -7.7516e+00 -7.5888e+00 -4.2264e+00 -2.6108e+01 -2.3522e+01 -2.7610e+01 -1.5099e+01 2.0685e+01 -2.9483e+01 -2.2463e+01 -2.5352e+01 -2.3978e+01 -7.7412e+00 -2.5392e+01 -2.1461e+01 -2.7611e+01 -1.0914e+01 1.9544e+01 -2.6460e+01 -2.6020e+01 -2.9167e+01 -7.2583e+00 1.3636e+01
12 -8.4279e+00 1.7066e+01 -3.4903e+00 -8.1302e+00 1.8315e+01 -2.1095e+00 -8.4424e+00 1.8006e+01 -2.9466e+00 -8.6404e+00 1.8015e+01 7.5550e-01 -7.8808e+00 1.8473e+01 -3.6457e+00 -8.2473e+00 1.8681e+01 -7.8376e-01 -8.1118e+00 1.6827e+01 -2.6157e+00 -8.5906e+00 1.6995e+01 -1.3737e+00 -8.2351e+00 1.8494e+01 1.3359e-01 -8.4777e+00 1.7140e+01 -1.4121e+00 -8.5115e+00 1.8431e+01 -2.8554e+00 -8.0787e+00 1.7607e+01 -1.9143e+00 -8.1408e+00 1.7784e+01 -3.4465e+00 -7.8121e+00 1.8116e+01 -2.9350e+00 -2.5322e+01 -2.1528e+01 -2.7512e+01 -1.2326e+01 1.9738e+01 -2.6022e+01 -2.3811e+01 -2.7219e+01 -1.3056e+01 2.0516e+01 -2.6780e+01 -2.3475e+01 -2.8703e+01 -1.0313e+01 1.7793e+01 -2.7288e+01 -2.3171e+01 -2.3084e+01 -1.1138e+01 2.1309e+01 -2.5612e+01 -2.5575e+01 -2.8883e+01 -8.9670e+00 1.5776e+01 -1.5443e+01 -1.5772e+01 2.4316e+01 -2.2135e+01 8.2784e+00 -1.6739e+01 -1.6771e+01 -2.6852e+01 -9.6490e+00 1.9545e+01 -1.9473e+01 -2.0161e+01 -2.6899e+01 -5.4699e+00 1.6275e+01 1.9371e+01 1.8679e+01 2.1963e+01 2.7517e+01 -9.1085e+00 -2.6481e+01 -2.4208e+01 -2.7863e+01 -7.9568e+00 1.7007e+01 -2.7390e+01 -2.3929e+01 -2.6470e+01 -1.0476e+01 1.9725e+01 -2.6831e+01 -2.3349e+01 -2.7676e+01 -9.7512e+00 1.8742e+01 -2.6212e+01 -2.4787e+01 -2.9207e+01 -1.0759e+01 1.7526e+01
13 -8.4778e+00 1.6445e+01 -5.4308e+00 -8.4345e+00 1.7860e+01 -3.3843e+00 -8.3585e+00 1.7089e+01 -3.5336e+00 -8.3964e+00 1.7767e+01 2.7251e-02 -7.7090e+00 1.8473e+01 -3.5670e+00 -7.7929e+00 1.8564e+01 -4.4964e-01 -8.5742e+00 1.8210e+01 -2.4210e+00 -8.1520e+00 1.7768e+01 -1.3512e+00 -8.6663e+00 1.7967e+01 -1.4817e+00 -8.2081e+00 1.7383e+01 -3.0443e+00 -8.5104e+00 1.8786e+01 -3.4169e+00 -8.2485e+00 1.8000e+01 -2.4699e+00 -8.4731e+00 1.7804e+01 -3.8051e+00 -7.7554e+00 1.7587e+01 -3.1742e+00 -2.3063e+01 -1.4911e+01 -2.4644e+01 -1.4787e+01 2.2577e+01 -2.6053e+01 -2.1453e+01 -2.7098e+01 -1.3756e+01 2.1263e+01 -2.6508e+01 -2.2872e+01 -2.8548e+01 -9.2854e+00 1.7441e+01 -2.5749e+01 -2.3334e+01 -2.7384e+01 -9.9743e+00 1.8721e+01 -2.3700e+01 -2.4176e+01 -2.8168e+01 -1.1355e+01 1.8463e+01 -7.4806e+00 -9.6364e+00 2.1379e+01 -2.6285e+01 8.4947e+00 -1.7551e+01 -1.5230e+01 -2.2900e+01 -6.3442e+00 1.9034e+01 -2.5778e+01 -2.5618e+01 -2.7351e+01 -9.1346e+00 1.8646e+01 -2.1802e+01 -2.1644e+01 -9.0579e+00 -8.8159e+00 -2.8416e+00 -2.5280e+01 -2.0611e+01 -2.6606e+01 -1.0222e+01 1.9386e+01 -2.6621e+01 -2.4881e+01 -2.7218e+01 -9.3757e+00 1.8603e+01 -2.5141e+01 -2.2507e+01 -2.7461e+01 -8.5281e+00 1.8218e+01 -2.5931e+01 -2.4292e+01 -2.9296e+01 -1.4181e+01 1.9314e+01
14 -8.3608e+00 1.7912e+01 -3.6916e+00 -8.2935e+00 1.7630e+01 -2.4514e+00 -8.2213e+00 1.7835e+01 -3.3020e+00 -8.4280e+00 1.7850e+01 -9.0375e-01 -7.8060e+00 1.7697e+01 -3.7451e+00 -8.4949e+00 1.6958e+01 -2.1287e+00 -8.3339e+00 1.7575e+01 -3.5920e+00 -8.3908e+00 1.7265e+01 -2.1261e+00 -8.1421e+00 1.7474e+01 -1.6917e+00 -8.3763e+00 1.7803e+01 -3.8476e+00 -8.5944e+00 1.8471e+01 -4.0857e+00 -8.5136e+00 1.8008e+01 -1.3687e+00 -8.2061e+00 1.8096e+01 -3.4957e+00 -7.8778e+00 1.8222e+01 -2.8106e+00 -2.6407e+01 -2.2920e+01 -2.7742e+01 -1.0438e+01 1.8459e+01 -2.7042e+01 -2.3516e+01 -2.8277e+01 -9.8279e+00 1.7850e+01 -2.6611e+01 -2.5308e+01 -2.8548e+01 -7.3651e+00 1.5327e+01 -2.5862e+01 -2.2277e+01 -2.7854e+01 -6.9749e+00 1.6517e+01 -1.9382e+01 -1.7727e+01 -3.1932e+01 -3.1929e+01 3.1045e+00 -1.2884e+01 -1.1538e+01 2.4323e+01 -2.1383e+01 8.1252e+00 -1.9720e+01 -1.5966e+01 -2.1755e+01 -1.2059e+01 2.2005e+01 -2.3159e+01 -2.2089e+01 -2.6284e+01 -1.1909e+01 2.0755e+01 -2.8777e+01 -2.2963e+01 -7.7884e+00 -7.6278e+00 -3.0298e+00 -2.1644e+01 -1.6996e+01 -2.3976e+01 -1.5188e+01 2.2828e+01 -2.6556e+01 -2.3353e+01 -2.7765e+01 -1.0581e+01 1.9273e+01 -2.7607e+01 -2.5771e+01 -2.8287e+01 -7.1485e+00 1.5957e+01 -2.5820e+01 -2.5055e+01 -2.9136e+01 -1.3359e+01 1.8917e+01
15 -8.5186e+00 1.7363e+01 -2.1392e+00 -8.1821e+00 1.8395e+01 -3.5581e+00 -8.2707e+00 1.8475e+01 -3.5115e+00 -8.5934e+00 1.7411e+01 -5.3926e-01 -8.0355e+00 1.8038e+01 -3.5471e+00 -8.4715e+00 1.7521e+01 3.2626e-01 -8.0900e+00 1.7415e+01 -3.4194e+00 -8.5631e+00 1.7216e+01 -2.3716e+00 -8.3618e+00 1.7533e+01 8.6990e-01 -8.1835e+00 1.7936e+01 -2.2599e+00 -8.1687e+00 1.8346e+01 -4.0732e+00 -7.9526e+00 1.7248e+01 -1.7682e+00 -8.3760e+00 1.8034e+01 -3.1807e+00 -7.6706e+00 1.7942e+01 -2.9678e+00 -2.5704e+01 -2.0866e+01 -2.4306e+01 -9.6553e+00 2.0244e+01 -2.3690e+01 -1.8029e+01 -2.2588e+01 -1.6469e+01 2.3758e+01 -2.5085e+01 -2.2739e+01 -2.8246e+01 -9.9959e+00 1.8256e+01 -2.6014e+01 -2.1978e+01 -2.7548e+01 -1.0399e+01 1.9142e+01 -2.4687e+01 -2.4538e+01 -2.9000e+01 -1.1601e+01 1.7915e+01 -1.6125e+01 -1.5099e+01 2.3934e+01 -2.0824e+01 7.8407e+00 -1.4825e+01 -1.4691e+01 -2.5979e+01 -6.9021e+00 1.8644e+01 -2.1913e+01 -1.9545e+01 -2.6059e+01 -1.3460e+01 2.1704e+01 -3.0323e+01 -2.5025e+01 -2.4914e+00 -3.5314e+00 2.6071e-01 -2.4494e+01 -2.1527e+01 -2.5157e+01 -1.1256e+01 2.0301e+01 -2.5931e+01 -2.2797e+01 -2.7416e+01 -9.1297e+00 1.8763e+01 -2.4612e+01 -2.1880e+01 -2.7592e+01 -9.5292e+00 1.8550e+01 -2.8544e+01 -2.6323e+01 -2.9291e+01 -9.6875e+00 1.6228e+01
16 -8.5332e+00 1.7500e+01 -3.3151e+00 -8.2870e+00 1.7784e+01 -1.8495e+00 -8.3044e+00 1.8325e+01 -3.6565e+00 -8.4664e+00 1.7585e+01 -1.1300e+00 -7.8230e+00 1.7704e+01 -4.1008e+00 -7.7523e+00 1.8048e+01 -5.3725e-01 -8.3034e+00 1.7342e+01 -1.5493e+00 -8.1700e+00 1.7317e+01 9.6877e-02 -8.7584e+00 1.8223e+01 -1.4446e+00 -8.3796e+00 1.7849e+01 -2.9810e+00 -8.1968e+00 1.7793e+01 -3.8419e+00 -8.4093e+00 1.8725e+01 -2.0626e+00 -8.1793e+00 1.7965e+01 -3.0605e+00 -8.3612e+00 1.8946e+01 -2.7317e+00 -2.6855e+01 -2.3979e+01 -2.8319e+01 -9.2936e+00 1.6980e+01 -2.6241e+01 -2.2713e+01 -2.6393e+01 -1.0662e+01 1.9754e+01 -2.7213e+01 -2.4347e+01 -2.8082e+01 -9.1171e+00 1.7656e+01 -2.6715e+01 -2.2845e+01 -2.6618e+01 -1.0186e+01 1.9599e+01 -2.3132e+01 -2.3595e+01 -2.8764e+01 -1.1455e+01 1.7853e+01 -7.1544e+00 -8.4811e+00 2.2500e+01 -2.6684e+01 8.6328e+00 -1.7051e+01 -1.6279e+01 -2.5164e+01 -7.9577e+00 1.9328e+01 -2.4614e+01 -2.3401e+01 -2.6507e+01 -7.5296e+00 1.8510e+01 -2.3195e+01 -2.2097e+01 -6.1729e+00 -6.7145e+00 1.5972e-01 -2.4061e+01 -1.9866e+01 -2.3688e+01 -1.8813e+01 2.3844e+01 -2.5918e+01 -2.2798e+01 -2.7317e+01 -8.7778e+00 1.8464e+01 -2.7457e+01 -2.5229e+01 -2.7571e+01 -1.1267e+01 1.9000e+01 -2.4840e+01 -2.4573e+01 -2.8391e+01 -9.6025e+00 1.7908e+01
17 -8.5518e+00 1.8309e+01 -2.8422e+00 -8.0153e+00 1.8802e+01 -2.7249e+00 -8.1063e+00 1.8668e+01 -3.3921e+00 -8.2618e+00 1.7948e+01 -6.1483e-01 -7.9085e+00 1.8932e+01 -3.4687e+00 -8.3035e+00 1.9136e+01 -1.2921e+00 1.8327e+01 1.5108e+01 -5.1051e+00 -8.0787e+00 -2.4821e+00 -8.9213e+00 -8.3929e+00 1.6920e+01 -1.6902e+00 -8.8517e+00 1.6800e+01 -3.9695e+00 -8.5223e+00 1.7858e+01 -4.0842e+00 -8.6165e+00 1.7703e+01 -2.1608e+00 -7.7375e+00 1.8043e+01 -3.5410e+00 -7.6187e+00 1.8892e+01 -3.0265e+00 -2.5495e+01 -2.3505e+01 -2.6624e+01 -1.3887e+01 2.0529e+01 -2.6090e+01 -2.4540e+01 -2.4680e+01 -1.5602e+01 2.2404e+01 -2.8247e+01 -2.6045e+01 -2.8634e+01 -6.2536e+00 1.5651e+01 -2.6124e+01 -2.5827e+01 -2.8568e+01 -6.3752e+00 1.4247e+01 -1.9038e+01 -2.0247e+01 -2.7374e+01 -1.2376e+01 2.0435e+01 4.4093e+00 4.9931e+00 4.4702e+00 -3.8057e+00 -4.1644e-01 8.3624e+00 1.4697e+00 -9.5654e-01 3.6333e+00 8.2227e+00 6.2794e+00 1.0830e+01 -2.7817e+01 -1.0979e+01 1.9131e+01 -2.8720e+01 -2.6355e+01 -1.0889e+01 -1.0357e+01 -5.2800e+00 -2.5060e+01 -2.1025e+01 -2.6069e+01 -1.6033e+01 2.2125e+01 -2.6738e+01 -2.1739e+01 -2.7367e+01 -8.7375e+00 1.8570e+01 -2.5941e+01 -2.4320e+01 -2.7078e+01 -1.1718e+01 1.9307e+01 -2.6332e+01 -2.5018e+01 -2.8681e+01 -8.9592e+00 1.6364e+01
18 -8.2429e+00 1.7967e+01 -4.6196e+00 -8.2736e+00 1.8667e+01 -3.4388e+00 -8.3888e+00 1.8182e+01 -3.7081e+00 -8.5204e+00 1.8064e+01 -2.4420e-01 -7.9749e+00 1.7875e+01 -2.4960e+00 -8.3302e+00 1.7617e+01 4.3139e-01 -8.0005e+00 1.7408e+01 -2.9467e+00 -8.6679e+00 1.6806e+01 -2.0287e+00 -8.3171e+00 1.7218e+01 -3.2243e-02 -8.5141e+00 1.8080e+01 -2.3256e+00 -8.2938e+00 1.8539e+01 -3.4103e+00 -8.5672e+00 1.8433e+01 -2.4112e+00 -8.0602e+00 1.6779e+01 -3.9853e+00 -7.5981e+00 1.7942e+01 -3.3445e+00 -2.1582e+01 -1.7730e+01 -2.5038e+01 -1.4863e+01 2.2208e+01 -2.4996e+01 -2.3441e+01 -2.6271e+01 -1.2128e+01 2.0470e+01 -2.6116e+01 -2.3779e+01 -2.8025e+01 -1.1662e+01 1.9003e+01 -2.7119e+01 -2.4706e+01 -2.8555e+01 -1.0694e+01 1.7792e+01 -2.3070e+01 -2.3490e+01 -2.8781e+01 -9.8791e+00 1.7297e+01 -1.5405e+01 -1.6181e+01 2.2764e+01 -2.1050e+01 7.3164e+00 -1.6931e+01 -1.6058e+01 -2.4552e+01 -9.9441e+00 2.0687e+01 -2.0509e+01 -1.9704e+01 -2.7103e+01 -1.3339e+01 2.0845e+01 -3.0305e+01 -2.5521e+01 -5.7176e+00 -5.5937e+00 -3.0759e+00 -2.6294e+01 -2.3506e+01 -2.6276e+01 -1.4601e+01 2.1377e+01 -2.6255e+01 -2.3796e+01 -2.6928e+01 -8.9151e+00 1.8753e+01 -2.7482e+01 -2.4045e+01 -2.5938e+01 -1.4125e+01 2.1468e+01 -2.5544e+01 -2.2794e+01 -2.9186e+01 -1.1994e+01 1.8398e+01
19 -8.3513e+00 1.8759e+01 -4.6246e+00 -8.2330e+00 1.7136e+01 -3.0907e+00 -8.1774e+00 1.7499e+01 -3.5036e+00 -8.0433e+00 1.8292e+01 -7.4419e-01 -7.8234e+00 1.8453e+01 -3.6291e+00 -8.0306e+00 1.8348e+01 -1.5124e+00 -8.2662e+00 1.7375e+01 -1.9274e+00 -8.7265e+00 1.7084e+01 -9.4047e-01 -8.4854e+00 1.7476e+01 -1.9366e+00 -8.3155e+00 1.7824e+01 -3.2279e+00 -8.3312e+00 1.7892e+01 -3.6464e+00 -8.0693e+00 1.8389e+01 -1.6141e+00 -8.3138e+00 1.8232e+01 -3.7672e+00 -7.8157e+00 1.7473e+01 -2.7814e+00 -2.6031e+01 -2.2263e+01 -2.4670e+01 -1.6121e+01 2.2675e+01 -2.4215e+01 -1.9514e+01 -2.7026e+01 -1.1620e+01 2.0232e+01 -2.5224e+01 -2.0960e+01 -2.6772e+01 -6.5204e+00 1.6505e+01 -2.3403e+01 -2.4330e+01 -2.7577e+01 -1.0101e+01 1.9093e+01 -2.3500e+01 -2.3664e+01 -2.7940e+01 -9.8262e+00 1.7934e+01 -8.1478e+00 -9.0291e+00 2.2731e+01 -2.8940e+01 8.5417e+00 -1.6123e+01 -1.7450e+01 -2.7889e+01 -4.9225e+00 1.5739e+01 -2.4821e+01 -2.3951e+01 -2.6935e+01 -8.0871e+00 1.8207e+01 -2.6009e+01 -2.5024e+01 -6.7859e+00 -6.5392e+00 -2.3316e+00 -2.4566e+01 -2.1943e+01 -2.6984e+01 -1.3377e+01 2.0312e+01 -2.5407e+01 -2.1700e+01 -2.7649e+01 -7.7238e+00 1.7547e+01 -2.6260e+01 -2.4607e+01 -2.6717e+01 -1.0650e+01 1.9651e+01 -2.6869e+01 -2.5398e+01 -2.9408e+01 -1.2327e+01 1.7816e+01
