0 0.5046209692955017 0.5643525719642639 0.3646528720855713 0.2382836937904358 0.2405693382024765 0.3595743775367737 4.026965618133545 4.1267595291137695 4.052711486816406 4.002689838409424 11.006376266479492 11.048349380493164 10.941619873046875 10.783754348754883 10.839388847351074 9.307656288146973 6.696741104125977 4.026882171630859 9.156951904296875 9.2943696975708 8.659832000732422 7.093130588531494 9.887300491333008 7.320305824279785 7.1136016845703125 7.999518394470215 3.0099172592163086 1.6789625883102417 9.988523483276367 8.68332290649414 2.4024105072021484 1.839929223060608 3.253207206726074 4.216174125671387 2.2908716201782227 2.3478026390075684
1 0.41694965958595276 0.27291759848594666 0.47631189227104187 0.22702497243881226 0.25917360186576843 0.15299594402313232 3.994072914123535 3.986219882965088 4.193855285644531 4.041830062866211 11.061636924743652 10.985292434692383 10.626058578491211 10.489799499511719 10.978265762329102 8.937872886657715 6.688278675079346 7.406646728515625 7.7061614990234375 9.837868690490723 8.469202995300293 7.632121562957764 9.893123626708984 9.056717872619629 6.194576740264893 8.234734535217285 2.9446425437927246 2.453002452850342 10.278664588928223 4.238940238952637 4.104055881500244 1.8868345022201538 2.298713207244873 4.966244220733643 1.2169098854064941 1.2640340328216553
2 0.48697930574417114 0.4300302267074585 0.3535958230495453 0.29774364829063416 0.3091540038585663 0.30740076303482056 3.6343493461608887 3.903365135192871 4.1690144538879395 3.6075596809387207 11.467375755310059 11.17584228515625 10.917989730834961 10.731328010559082 11.397954940795898 9.508034706115723 6.940997123718262 4.18752384185791 8.292377471923828 8.408221244812012 8.523478507995605 6.773231029510498 9.71124267578125 8.441667556762695 8.30728816986084 8.169075965881348 3.173790454864502 1.8366094827651978 9.940108299255371 8.642756462097168 5.459048748016357 1.7291871309280396 3.01462459564209 4.109869480133057 2.2516088485717773 0.9948263168334961
3 0.5240728855133057 0.46060699224472046 0.5493699312210083 0.2583925426006317 0.2431589961051941 0.3553768992424011 4.206239223480225 3.8801112174987793 3.9544382095336914 3.956164836883545 10.999972343444824 11.20652961730957 10.654248237609863 10.800790786743164 10.936015129089355 9.149691581726074 6.458104610443115 7.7719831466674805 8.559408187866211 8.217690467834473 7.7542877197265625 7.330978870391846 10.04444694519043 8.125044822692871 8.525961875915527 9.010109901428223 3.427988052368164 1.8021610975265503 9.12470531463623 3.741939067840576 5.087813377380371 1.5758742094039917 3.064195156097412 2.779481887817383 1.414730429649353 1.0246385335922241
4 0.5105125308036804 0.6103216409683228 0.5534396171569824 0.4377136826515198 0.18857479095458984 0.3484223484992981 3.5849609375 4.046996116638184 4.159425735473633 3.8545122146606445 11.526191711425781 11.034113883972168 10.8480806350708 10.77525520324707 10.9603910446167 9.697192192077637 4.633512496948242 3.279137372970581 8.892792701721191 8.42362117767334 8.208699226379395 6.450137615203857 10.761388778686523 7.693759918212891 8.289088249206543 8.53598690032959 3.6669235229492188 1.633081316947937 6.678194999694824 7.120929718017578 3.5551915168762207 1.4505566358566284 3.328904151916504 1.1293425559997559 1.2723703384399414 1.506991982460022
5 0.5005788803100586 0.5828560590744019 0.36130571365356445 0.14335766434669495 0.16894249618053436 0.3583030700683594 4.003506183624268 3.879642963409424 4.082170486450195 3.6537680625915527 10.905607223510742 11.224336624145508 10.826234817504883 10.348917007446289 11.102604866027832 9.116658210754395 4.869374752044678 9.007024765014648 8.237236022949219 8.413946151733398 8.520971298217773 7.3792405128479 10.718290328979492 8.50407600402832 8.300532341003418 8.17213249206543 2.491905689239502 2.3652071952819824 9.341287612915039 1.4034693241119385 3.597066879272461 2.261915683746338 2.384817123413086 3.0677781105041504 7.425665378570557 1.4854015111923218
6 0.4965657591819763 0.4201945960521698 0.4823124408721924 0.20384332537651062 0.2881726622581482 0.26670223474502563 3.838366985321045 4.050178527832031 3.6914005279541016 4.047313213348389 11.098586082458496 10.935955047607422 10.839760780334473 11.205321311950684 10.743464469909668 9.434493064880371 6.636610984802246 4.318005084991455 9.221404075622559 9.205842018127441 8.670345306396484 6.8931450843811035 9.928274154663086 7.224478721618652 7.247796535491943 7.986164569854736 2.9468493461608887 1.908237338066101 10.106260299682617 8.332206726074219 2.6013288497924805 1.885219931602478 2.9156012535095215 4.494541645050049 1.9778931140899658 2.1625986099243164
7 0.5182716250419617 0.40362635254859924 0.49736589193344116 0.25496160984039307 0.31266042590141296 0.3566919267177582 3.6904759407043457 3.5844225883483887 4.045476913452148 3.6809065341949463 11.306503295898438 11.522330284118652 10.634449005126953 10.716690063476562 11.091524124145508 8.841097831726074 5.88477087020874 7.899811744689941 9.040168762207031 8.181578636169434 8.032774925231934 7.763431549072266 10.362619400024414 7.4891180992126465 8.566072463989258 8.727018356323242 3.958010673522949 2.179630756378174 8.933107376098633 3.734659194946289 3.8114547729492188 1.3204847574234009 2.5820860862731934 2.552680015563965 1.418136477470398 1.382979393005371
8 0.5318224430084229 0.538332462310791 0.42679840326309204 0.43319690227508545 0.2917194962501526 0.24294671416282654 4.222809791564941 4.133644104003906 3.9980721473693848 3.5669875144958496 10.895631790161133 10.95429515838623 10.828842163085938 10.985340118408203 11.225146293640137 9.05826473236084 6.112888336181641 6.1083221435546875 8.999635696411133 8.88005256652832 8.38490104675293 7.463355541229248 10.246044158935547 7.546310901641846 7.711030960083008 8.334702491760254 3.2543773651123047 2.171358585357666 9.52584171295166 6.3004560470581055 4.248654365539551 1.678235650062561 2.591403007507324 3.345097064971924 1.0484867095947266 1.2136965990066528
9 0.48499155044555664 0.5026975870132446 0.34802141785621643 0.26890382170677185 0.27884557843208313 0.3474831283092499 3.526907444000244 3.951275587081909 4.1222052574157715 4.160771369934082 11.465201377868652 11.091958999633789 10.890861511230469 10.745241165161133 10.737604141235352 9.418475151062012 6.7426252365112305 4.117178440093994 8.76610279083252 9.207415580749512 8.420106887817383 6.9188690185546875 9.85540771484375 7.862630844116211 7.24544095993042 8.293248176574707 3.8293328285217285 1.712934136390686 9.916406631469727 8.625263214111328 2.8415846824645996 1.3750370740890503 3.1991138458251953 4.059382915496826 2.2349472045898438 1.9643172025680542
10 0.528019368648529 0.5039554834365845 0.335689514875412 0.2849571108818054 0.36083078384399414 0.20229893922805786 3.6800293922424316 3.9969584941864014 4.105520248413086 4.072786808013916 11.262349128723145 11.098106384277344 10.897229194641113 10.711483001708984 10.88176441192627 9.506376266479492 6.630322456359863 4.222280025482178 8.778895378112793 8.01852035522461 8.190230369567871 6.775967121124268 9.932506561279297 7.84586238861084 8.74207592010498 8.556500434875488 4.813685417175293 1.5588346719741821 9.521665573120117 8.5737943649292 3.9534072875976562 1.0675890445709229 3.4586071968078613 3.338459014892578 2.186807155609131 1.3223589658737183
11 0.45925337076187134 0.37282615900039673 0.4573744237422943 0.26373881101608276 0.28733953833580017 0.21454691886901855 4.471835613250732 4.068720817565918 4.47092866897583 3.781881332397461 10.618850708007812 10.920598983764648 10.854981422424316 10.32303524017334 11.03702449798584 8.86510944366455 7.540754318237305 6.002947807312012 7.445568084716797 9.971476554870605 8.7908353805542 7.731204509735107 9.21185302734375 9.297638893127441 5.937933921813965 7.830158233642578 3.074662208557129 1.7888010740280151 10.200024604797363 6.913420677185059 3.9253716468811035 1.795000672340393 3.0837788581848145 4.740100383758545 1.1986031532287598 1.3338892459869385
12 0.5216566920280457 0.37764739990234375 0.4326317310333252 0.25039708614349365 0.37743788957595825 0.2881300151348114 3.844331741333008 3.618607759475708 4.162079811096191 3.7026188373565674 11.275055885314941 11.362703323364258 10.613238334655762 10.670136451721191 11.312938690185547 9.43150520324707 6.871923923492432 7.441219329833984 7.957967758178711 2.62331223487854 9.14276123046875 6.897953510284424 9.762601852416992 8.805344581604004 10.405250549316406 7.341144561767578 5.983333110809326 1.6860698461532593 10.314846992492676 4.359847068786621 3.7847800254821777 1.0082314014434814 3.2417588233947754 5.0776567459106445 1.1786587238311768 1.3950024843215942
13 0.5835286378860474 0.5462197661399841 0.25904542207717896 0.3990955054759979 0.22113032639026642 0.38689643144607544 3.701054573059082 3.735255479812622 3.6992945671081543 3.823357343673706 11.275428771972656 11.314559936523438 11.167871475219727 10.989812850952148 11.071051597595215 9.158890724182129 6.587357521057129 5.100305557250977 9.004349708557129 8.611734390258789 7.708142280578613 7.317451477050781 9.961145401000977 7.539694786071777 8.06009292602539 9.054813385009766 3.1863021850585938 2.289517402648926 9.586958885192871 7.79407262802124 3.684812068939209 1.7211304903030396 2.462646007537842 3.4443793296813965 1.601094126701355 1.441865086555481
14 0.5468294620513916 0.2879483103752136 0.349298357963562 0.33075934648513794 0.41403064131736755 0.33046695590019226 4.002000331878662 4.226907730102539 4.155034065246582 4.020717620849609 10.95574951171875 10.658486366271973 10.914012908935547 10.781329154968262 10.86489200592041 7.159884452819824 5.79349946975708 5.160628318786621 8.183757781982422 9.29432487487793 6.425373077392578 9.540193557739258 10.405546188354492 8.563663482666016 7.11367130279541 10.064863204956055 3.028707981109619 1.1761295795440674 10.399492263793945 7.669288635253906 4.299356460571289 1.8267284631729126 4.36828088760376 5.360335826873779 1.5290918350219727 1.1973280906677246
15 0.45938432216644287 0.30059903860092163 0.44118553400039673 0.26267746090888977 0.33394938707351685 0.40605127811431885 3.8403000831604004 4.028372287750244 3.9900264739990234 4.019716262817383 11.096160888671875 10.892804145812988 10.84206771850586 10.760339736938477 10.892053604125977 9.344504356384277 6.954527854919434 6.06734037399292 7.04587459564209 9.913790702819824 8.508893013000488 7.035890102386475 9.701034545898438 9.630867004394531 6.050530433654785 8.186822891235352 3.303037166595459 1.8533228635787964 10.451290130615234 5.655977249145508 4.6079511642456055 1.6485463380813599 2.9910454750061035 5.551807403564453 0.9922029972076416 1.1116751432418823
16 0.5424105525016785 0.5687767267227173 0.36095261573791504 0.41177642345428467 0.1887756884098053 0.32999005913734436 4.106009483337402 4.05281925201416 4.135233402252197 3.6047797203063965 10.95927906036377 11.101490020751953 10.811400413513184 10.80256175994873 11.173957824707031 9.135174751281738 6.150168418884277 6.572120189666748 8.749002456665039 8.406463623046875 7.833498954772949 7.352248668670654 10.22573471069336 7.884946346282959 8.30936336517334 8.93193531036377 3.937519073486328 1.8837207555770874 9.549598693847656 5.589936256408691 4.7001214027404785 1.3288657665252686 2.9489030838012695 3.3832168579101562 0.9920615553855896 1.0906548500061035
17 0.49999722838401794 0.32897424697875977 7.179861068725586 7.565526962280273 0.3315381109714508 0.15659697353839874 3.3736367225646973 2.8710410594940186 4.344465732574463 4.323232650756836 11.470685005187988 11.547792434692383 7.15763521194458 1.7387655973434448 10.64334487915039 8.028951644897461 9.956883430480957 1.0494229793548584 4.883005142211914 9.571869850158691 8.128609657287598 8.731063842773438 5.966686248779297 6.980027675628662 6.666638374328613 8.62415885925293 1.9038585424423218 3.5568995475769043 12.311478614807129 1.9158461093902588 3.017486095428467 2.9215078353881836 1.506102204322815 5.112641334533691 17.580228805541992 1.8345941305160522
18 0.4879859983921051 0.35147854685783386 0.4752907156944275 0.23187482357025146 0.3610125780105591 0.28057485818862915 4.015431880950928 4.033290863037109 4.245677947998047 4.220251560211182 11.029607772827148 10.926704406738281 10.838966369628906 10.594380378723145 10.76278018951416 9.054245948791504 7.443029403686523 6.175331115722656 8.008768081665039 9.830879211425781 8.608502388000488 7.469089984893799 9.299893379211426 8.752341270446777 6.207612037658691 8.06413459777832 2.100156307220459 2.1717357635498047 10.400626182556152 6.300014972686768 3.4543042182922363 2.6736607551574707 2.5909767150878906 5.3643622398376465 1.048413872718811 1.5612088441848755
19 0.5374308228492737 0.45978158712387085 0.3790190815925598 0.20756933093070984 0.29365646839141846 0.35571038722991943 3.774372100830078 3.8265271186828613 4.010218620300293 4.031558036804199 11.268228530883789 11.226972579956055 10.833052635192871 10.705676078796387 10.867192268371582 8.970874786376953 5.657570838928223 8.03331470489502 8.945406913757324 9.235491752624512 8.654919624328613 7.586469650268555 10.465521812438965 7.621740818023682 7.203273773193359 8.005743980407715 3.3941597938537598 2.601161479949951 9.014230728149414 3.6686267852783203 3.9002299308776855 1.5950497388839722 2.1627440452575684 2.645735263824463 1.449722409248352 1.3444141149520874
