0	5.09625	2.4479773	5.355227	5.1866198	6.1498127	3.9545817	4.452521	5.100467	2.759652	4.813772	1.7652136	4.1484327	2.3505526	5.5883403	3.0094433	3.2683868	5.464737	3.534739	3.6599312	6.732869	4.9832907	2.6258154	3.7622511	5.0238533	5.4816113	5.09625	6.633564	4.7352324	5.327734	4.754019	1.7653849	6.40349	5.0147734	2.6394904	4.7275057	3.6270227	1.7692783	4.359158	4.4637523	3.8274698	4.341226	5.028969	5.1146502	6.2640786	3.7906094	5.006674	6.362434	3.8330057	5.172717	5.0431356	4.029892	3.6038804	2.771529	3.5472841	4.5053263	3.381883	2.4779806	2.4283955	4.5336347	3.033166	5.0088596	2.0926032	3.5967014	1.7716647	4.718072	4.5516806	3.8724742	2.1169956	5.9278584	3.8743486	2.9459918	2.1188114	3.1705878	4.492215	2.0689251	1.7461907	5.37428	3.7143483	6.5762944	3.2247617	3.943627	5.4932933	3.8352191	5.8059735	2.6874826	7.625317	6.0823364	6.7469697	8.20118	4.5941777	5.7662625	4.2413335	4.2146797	3.9493945	5.4703164	3.7866256	2.7102265	3.0959992	4.2896204	3.8124156	4.477009	3.9431133	2.6144066	4.6428833	3.7591875	4.125833	5.904951	5.5406766	3.0552807	5.905981	3.1203465	3.8583612	4.816825	5.452403	6.5897427	3.5799205	4.2858596	5.7652187	6.6109796	6.0977983	4.49091	6.220005	3.5727894	3.8346972	2.8976846	3.9001606	6.5577326	5.340922	2.8837128	5.1031165	3.8072734	4.7650533	4.3855495	6.0690947	5.158632
1	5.111247	2.5526495	5.357084	5.1965475	6.1077385	3.9436316	4.333549	5.097571	2.7598171	4.853667	1.7653476	4.1530256	2.365192	5.575145	3.013439	3.2622547	5.348621	3.537371	3.6928258	6.767374	4.981998	2.7233148	3.8590646	5.032563	5.6609445	5.111247	6.684689	4.802016	5.3891935	4.7951183	1.7674363	6.4462323	5.050883	2.4091392	4.702278	3.6498442	1.7670829	4.303978	4.559533	3.7573824	4.3243217	5.0509257	5.251711	6.3486786	3.7966611	5.134815	6.1371202	3.851231	5.13554	5.1371937	4.311004	3.610194	2.7616434	3.554361	4.4808416	3.4159198	2.4598267	2.4240718	4.553621	3.0286815	5.0742044	2.113962	3.6653903	1.7720861	4.694549	4.591084	3.8375256	2.1385572	5.9006925	3.9085436	2.9617536	2.0957825	3.0830326	4.578774	2.1208832	1.745399	5.372333	3.7004707	6.6032577	3.1682575	3.914046	5.5220757	3.8430345	5.8416185	2.5763867	7.6920505	6.213651	6.7720723	8.2060375	4.505024	5.688531	4.1628404	4.1886673	3.8188198	5.6030045	3.7922719	2.5802073	3.009813	4.2994432	3.8316808	4.468829	3.7994409	2.6268542	4.6438193	3.7575655	4.1720033	5.9760213	5.5674906	3.0503056	5.833205	3.1343353	3.8849757	4.797021	5.4701176	6.5403485	3.6071672	4.268601	5.8061924	6.58071	6.155367	4.5013757	6.2174296	3.7125683	3.8345706	2.8920035	3.8926	6.5258226	5.465788	2.877861	5.042222	3.8301234	4.7973895	4.3748803	6.1298466	5.1122932
2	4.948273	2.7409587	5.3603606	5.1955504	6.1311336	3.937395	4.5063515	5.0966907	2.7032914	4.868135	1.7670423	4.247606	2.3734198	5.2878475	3.0257103	3.2424097	5.1752896	3.567832	3.7743475	6.7404385	4.969181	2.7313626	3.760467	5.0029445	5.5450892	4.948273	6.6308823	5.189202	5.7448597	5.1037464	1.7728363	6.0058537	4.4479795	2.8633313	4.722932	3.727984	1.7716163	4.2373295	4.585225	3.6900237	4.384344	4.9959016	5.0926247	6.5059166	4.1007667	6.1408854	6.4974213	3.5900316	5.1133366	5.0957766	4.131778	3.6106682	2.7740266	3.530604	4.463271	3.422322	2.4534621	2.4263942	4.541095	3.0298545	5.2058783	2.31008	3.551774	1.7715942	4.7270627	4.604713	3.8214488	2.046658	5.8523636	3.4766736	3.0093594	2.6300838	2.7804203	4.5596623	2.0816114	1.7455822	5.375222	3.7031076	6.55051	3.1593585	3.9308648	5.454666	3.8227317	5.6336117	2.7242062	7.6804247	6.16691	6.779079	8.278555	4.3569164	5.6485577	4.566174	4.225418	4.044381	5.5379086	3.7603965	2.6245656	2.974032	4.3223333	3.7397032	4.496023	3.9589455	2.6837971	4.7783837	3.7042813	4.122687	5.837874	5.537584	3.0056999	5.479287	3.4311745	3.9886477	4.673215	5.1604323	6.5476246	3.64581	4.219755	6.3837357	6.6038938	6.0175037	4.473108	6.2450166	3.855734	3.8434017	2.8713584	3.8816931	6.790261	5.386822	2.9315958	5.3885555	3.004961	4.4248896	4.400961	5.822279	5.06191
3	5.0037737	2.5375628	5.365107	5.198287	6.1319594	3.935742	4.43602	5.100262	2.709272	4.8807445	1.7673863	4.1765885	2.3821793	5.196124	3.0198693	3.2423851	5.27808	3.5606012	3.7200747	6.740715	4.978836	2.6342247	3.7889047	5.006257	5.6187544	5.0037737	6.657844	5.194979	5.886488	5.087244	1.7716043	5.90529	4.3775864	2.9057002	4.7190056	3.729003	1.7677288	4.230374	4.46044	3.7947412	4.3651953	5.0091977	5.181487	6.503868	3.9329996	6.11608	6.4593935	3.597661	5.2233787	5.118943	4.035324	3.6137655	2.762239	3.5575202	4.4902115	3.4066896	2.4742556	2.431199	4.546491	3.03474	5.227651	2.296081	3.6022806	1.7707446	4.7129	4.5318084	3.8150618	2.0776703	5.9806385	3.5137882	3.0055354	2.5017257	2.7174659	4.524675	2.082055	1.7467952	5.381852	3.7130919	6.572031	3.2107248	3.9291766	5.500003	3.833742	5.541835	2.6512673	7.623535	6.1055145	6.7980103	8.268406	4.3509283	5.631901	4.365335	4.2319236	3.9545746	5.590623	3.7680361	2.5436733	2.8767445	4.3061447	3.773467	4.475841	3.9336572	2.7303994	4.761939	3.7117753	4.215818	5.8722076	5.552388	2.9988375	5.4451456	3.4122825	3.9923787	4.6496387	5.2027774	6.572041	3.708111	4.123101	6.2562203	6.5859084	5.8908195	4.477148	6.152877	3.810711	3.8655586	2.8662705	3.8727098	6.8136435	5.3920965	2.9384775	5.4710717	3.001729	4.4437017	4.390031	5.851516	5.058096
4	4.973846	2.3406806	5.3702593	5.176629	6.2037525	3.9581447	4.438917	5.1072164	2.7632868	4.7975087	1.7695973	4.1652117	2.3613229	5.5433373	3.0142639	3.2444506	5.4022923	3.5197272	3.6435173	6.7132688	4.9118967	2.6443467	3.757992	5.0275903	5.343945	4.973846	6.5845966	4.7024326	5.369206	4.766378	1.7630546	6.50683	4.930034	2.664482	4.7389355	3.6609123	1.7672536	4.3302417	4.480005	3.879913	4.3532877	5.065503	5.017148	6.2363677	3.7573705	4.966785	6.3678627	3.7712684	5.099153	5.0965233	4.0791535	3.6159074	2.7820864	3.5083363	4.462226	3.3647072	2.4600787	2.437192	4.5271688	3.0322523	5.0766253	2.165762	3.6140254	1.7700264	4.695447	4.4826183	3.8828397	2.1009872	6.0485673	3.9494941	2.940145	2.0897107	2.9657843	4.4533434	2.0992556	1.7456465	5.38624	3.7058415	6.5986657	3.2681012	3.9785595	5.523176	3.8386626	5.7097683	2.7313282	7.724495	6.1849127	6.7638016	8.17447	4.549849	5.7570243	4.280722	4.2274723	3.9428651	5.38332	3.7880921	2.7817485	3.0432835	4.311426	3.7868068	4.479273	3.835319	2.634078	4.643141	3.7617514	4.142714	6.133632	5.5676007	3.0485346	5.908396	3.128704	3.8617694	4.822309	5.4895077	6.5927367	3.5964794	4.252029	5.827906	6.619003	5.9026356	4.5000024	6.228726	3.7617555	3.8505135	2.8774168	3.8898482	6.590294	5.485469	2.9236128	5.098911	3.7186053	4.7433443	4.3993797	6.0924745	5.1383696
5	4.8676844	2.3941188	5.3676367	5.1849136	6.158569	3.9133956	4.509542	5.0914006	2.7596154	4.886065	1.7663329	4.2174234	2.3804486	5.134006	3.0181887	3.2303529	5.395588	3.5454752	3.7133179	6.7200775	4.9593964	2.689261	3.768839	4.9928975	5.5388107	4.8676844	6.5900764	5.0348682	5.4565973	4.884836	1.770874	6.578182	4.328717	2.884531	4.752815	3.6928968	1.768543	4.307078	4.5180864	3.6296465	4.3531694	5.019422	5.1031322	6.350388	3.886303	5.062457	6.5108976	3.4687545	5.1234775	5.114963	4.0772676	3.6121798	2.7763011	3.547521	4.4189687	3.3911226	2.477769	2.4351716	4.5493026	3.036951	5.2911444	2.0643952	3.575091	1.7699231	4.7837167	4.402022	3.8987925	2.0534935	5.967098	3.6910787	2.9549475	2.1875093	2.7634346	4.7172985	2.1731713	1.7437942	5.3800135	3.717318	6.581598	3.2461133	3.948783	5.4965453	3.8152223	5.307995	2.7061532	7.7508507	6.2451744	6.697883	8.252899	4.3178015	5.7356067	4.236879	4.2882166	3.9914327	5.566993	3.746688	2.829351	2.933091	4.2853456	3.756702	4.4951286	3.940132	2.6487226	4.723615	3.7324014	4.1058154	5.6613398	5.5099792	3.0123117	5.6392603	3.3012967	3.9618278	4.630265	5.358231	6.6984024	3.5603585	4.28074	6.093579	6.573918	5.3691154	4.478208	6.281687	3.6883397	3.868988	2.8553283	3.8800898	6.5723314	5.2327275	2.9781318	5.205985	2.925708	4.246136	4.37748	5.6667156	5.085296
6	5.1490517	2.5207675	5.363093	5.189323	6.1564755	3.9405158	4.5029063	5.1035395	2.7635071	4.8554225	1.7661967	4.1939917	2.3703508	5.5581236	3.0127404	2.9356697	5.158138	3.5217872	3.6557984	6.7557287	4.9348965	2.809329	3.77035	4.97947	5.3561096	5.1490517	6.6291833	4.673066	5.166547	4.738925	1.7665067	6.4763603	4.684072	2.7927766	4.5496755	3.8113017	1.764271	4.2741327	4.6486287	3.6988153	4.368131	4.997044	5.127513	6.216136	3.8416934	4.9433146	6.4688053	3.4108365	5.027225	5.0885267	4.2991457	3.6167235	2.7716837	3.5247884	4.4355316	3.4115183	2.4557593	2.4276628	4.5397344	3.0348854	4.9884357	2.1637545	3.5803344	1.7721424	4.704702	4.619017	3.8932128	2.1485922	5.8606853	3.88663	2.9434347	2.2196636	2.944001	4.4853253	2.0835688	1.7438102	5.377508	3.7028108	6.6109333	3.1775002	3.9499905	5.4994116	3.8284793	5.858521	2.696176	7.648153	6.1387596	6.7935734	8.266095	4.6279416	5.847501	4.2921114	4.2320685	3.9997232	5.400483	3.7833595	2.850654	3.2348597	4.2913966	3.8522067	4.4783525	3.981435	2.6187387	4.6801558	3.7492824	4.0304065	6.0214653	5.5435934	3.058361	6.0003276	3.0635452	3.8360105	4.8097925	5.335894	6.568806	3.5255198	4.3223295	5.819915	6.612971	6.0126476	4.470874	6.217134	3.670607	3.8562438	2.8867097	3.912419	6.6537666	5.4648256	2.8920388	5.003093	3.8774014	4.9413786	4.4900713	5.749912	5.1693177
7	5.1788974	2.671609	5.370306	5.1769977	6.212194	3.9403844	4.44393	5.0931187	2.757101	4.841298	1.7703624	4.2008924	2.384193	5.494432	3.021286	3.302369	5.3762293	3.5157838	3.709086	6.7703032	4.8626566	2.6457431	3.7330751	4.9659495	5.434766	5.1788974	6.6013694	4.832201	5.3889565	4.7508864	1.7717998	6.5533214	5.079568	2.2809412	4.699183	3.7047787	1.769086	4.3301296	4.473067	3.6261365	4.3588862	5.001999	5.0701237	6.3165708	3.8296094	4.96692	6.045392	3.9090407	5.085278	5.1524825	4.2386417	3.6221943	2.782318	3.4890625	4.4061985	3.3668685	2.464059	2.437153	4.5240455	3.036637	4.893819	2.2478848	3.586708	1.7693706	4.739263	4.666812	3.8739567	2.115375	5.7721276	3.8713167	2.9215577	2.2362523	2.9862437	4.7162943	2.2116425	1.7441334	5.3814797	3.705164	6.571002	3.2969246	3.9859915	5.487203	3.828933	6.059253	2.7216604	7.744024	6.283138	6.7012115	8.2437315	4.7149057	5.694475	4.118214	4.2482038	3.964629	5.4385147	3.7609339	2.798374	3.271245	4.2988114	3.8140755	4.4894924	4.2464037	2.6765254	4.62587	3.7758718	4.0922017	5.893488	5.536498	3.0605648	5.9141064	3.0980964	3.8741944	4.8033333	5.4246054	6.5871997	3.5288098	4.3663745	5.722203	6.5362816	6.4327927	4.5028915	6.2431808	3.5588088	3.828676	2.860239	3.8821702	6.6014433	5.394479	2.8965173	5.116021	4.085785	4.7913504	4.3657966	6.097721	5.1450105
8	5.3102083	2.531291	5.3573303	5.179238	6.155867	3.8664737	4.509471	5.0682282	2.7513685	5.015092	1.7637169	4.1913476	2.3604212	5.592102	3.008172	3.2396781	5.1840477	3.5837052	3.6921704	6.769291	4.8644814	3.0540621	3.979578	5.0028014	5.8143578	5.3102083	6.7179985	4.694429	5.2558737	4.731042	1.7693152	6.498557	4.9473505	2.5999656	4.730248	3.6471424	1.769942	4.3590846	4.848345	3.3782423	4.394563	4.9996905	5.5928035	6.2506456	3.7795208	4.949594	6.30118	3.7622023	5.0684495	5.141248	4.3193665	3.6098938	2.7906017	3.521756	4.2909617	3.4154024	2.4726338	2.4281173	4.556897	3.0537634	5.0254197	2.069111	3.5502384	1.7686508	4.7563086	4.598995	3.8941288	2.1965594	5.861124	3.9202304	2.9301934	2.1570745	3.0701728	4.587934	2.1490922	1.7462684	5.372958	3.7116032	6.6385417	3.1806743	3.969532	5.513265	3.8166623	5.520959	2.5610957	7.623108	6.162601	6.6658025	8.306338	4.591673	5.8936744	3.9936466	4.3260465	4.031003	5.7437825	3.772411	2.8013291	3.095226	4.2560167	3.8186197	4.48263	3.9753783	2.5958362	4.6578646	3.7645683	4.055367	5.8912754	5.517134	3.0565212	5.967026	3.1123776	3.8428876	4.830995	5.4544115	6.546924	3.5647104	4.288376	5.7084155	6.5821733	5.6504226	4.4915953	6.299717	3.6974473	3.8314614	2.880321	3.8998387	6.442222	5.4312115	2.912161	4.9426675	3.7660458	4.7445564	4.3941207	6.064942	5.116521
9	4.9260383	2.5035594	5.3632	5.1832066	6.124631	3.9646578	4.5046263	5.100479	2.724677	4.799918	1.7726839	4.243148	2.3907084	5.2761025	3.0271363	3.3462424	5.3226786	3.5288935	3.6077695	6.721383	4.9608145	2.8839607	3.5523078	4.9543114	5.383543	4.9260383	6.5953608	5.322683	6.5308676	5.1104264	1.772313	6.0160294	4.4414372	2.7096734	4.727724	3.714529	1.7700963	4.2868376	4.73713	3.5046794	4.354313	5.3065004	4.989007	6.558075	4.016028	6.173154	6.3454337	3.6832728	5.178599	5.113334	4.0055065	3.6218843	2.7766583	3.5321584	4.3659935	3.4237673	2.454906	2.4185667	4.529354	3.0195732	5.254951	2.2990725	3.5640306	1.7713706	4.62649	4.586626	3.8418584	2.1133037	6.2646194	3.5320654	3.0030653	2.567317	2.8599324	4.618487	2.118024	1.7470398	5.367677	3.7019625	6.6169815	3.0905538	3.9269342	5.465119	3.8170412	5.7231193	2.7657392	7.720662	6.239795	7.310519	8.1363535	4.369715	5.616356	4.7301993	4.1772146	4.000018	5.445774	3.8019612	2.5438406	2.9374454	4.327298	3.8006358	4.471655	4.1102247	3.5248904	4.697624	3.7297802	3.9928117	5.813896	6.3274665	3.0311797	5.584891	3.3958712	4.004798	4.633816	5.2565994	6.5972633	3.6693988	4.2094407	6.613289	6.5496674	6.408968	4.471531	6.280968	3.7126422	3.8338134	2.8690867	3.8571439	6.830709	5.308811	2.8920865	5.598233	3.6663227	4.4852734	4.3665032	5.908461	5.0806737
10	5.1786146	2.8825939	5.362849	5.1966357	6.1280513	3.8965726	4.473524	5.086344	2.7452872	4.9454074	1.7670534	4.1832104	2.3537154	5.58566	3.0106215	3.3082523	5.527459	3.600388	3.670826	6.798298	4.9758115	2.7672565	3.8299367	5.0573726	5.953377	5.1786146	6.695416	4.9441915	5.8138666	4.8255033	1.7718818	6.4805503	5.0327244	2.5046926	4.711942	3.6180978	1.7697487	4.408986	4.605401	3.733257	4.3724403	5.272429	5.4040365	6.4709454	3.9752321	5.3284845	6.2562995	3.8654623	5.1547823	5.054454	4.177005	3.6142728	2.7605965	3.5480487	4.482452	3.4131665	2.4747047	2.4254215	4.558956	3.046734	5.073447	2.1043968	3.5807357	1.7686195	4.6472044	4.883893	3.8652513	2.1155522	6.1014004	3.9310708	2.9703197	2.276126	3.1928792	4.459891	2.0601416	1.7431755	5.3775396	3.7129676	6.6112576	3.186894	3.931724	5.4977922	3.8261435	5.6598926	2.5947382	7.5705743	6.04845	7.46669	8.171347	4.7365403	5.8470497	4.212422	4.296443	3.9964948	5.8872366	3.8160002	2.5631216	3.05364	4.2464743	3.7702253	4.4779224	3.8286946	3.3808289	4.573007	3.7823913	4.026717	5.9437	6.33004	3.080213	6.0119004	3.085356	3.860084	4.789135	5.5057364	6.4706144	3.4998083	4.4010286	6.1938486	6.5456605	6.225463	4.4893084	6.295268	3.4651244	3.830197	2.9054837	3.9006474	6.5321064	5.2777076	2.8564754	5.141876	4.4254284	4.778558	4.357592	6.0783653	5.184603
11	4.995194	2.2909827	5.362748	5.188062	6.119425	3.9543436	4.449525	5.101876	2.7832553	4.8312764	1.7714359	4.20929	2.3647523	5.3680778	3.0120773	3.2995675	5.267649	3.4929218	3.651033	6.7462378	4.8928695	2.795269	3.711982	4.961163	5.361893	4.995194	6.5981436	4.9155574	5.508487	4.848588	1.7707819	6.4568114	4.487606	2.8829794	4.727866	3.6680098	1.7672492	4.2406816	4.56665	3.4876595	4.3474255	5.054947	5.057002	6.3105373	3.8478389	4.969216	6.5346785	3.5679626	5.083209	5.097404	4.032237	3.5971472	2.7787435	3.5329332	4.3594346	3.3990433	2.4699645	2.4291847	4.556765	3.0320392	5.1390705	2.2113523	3.6009035	1.7716687	4.757176	4.367205	3.8927925	2.145734	5.8930597	3.5162592	2.9392097	2.1805935	2.9754112	4.7722106	2.239438	1.7446618	5.3751736	3.7108073	6.607217	3.2160325	3.9426556	5.520568	3.83414	5.671792	2.7138433	7.8393598	6.3628616	6.622508	8.210981	4.3122854	5.6102467	4.605989	4.220126	3.936471	5.3970885	3.7490544	2.8144872	3.0689707	4.308936	3.836653	4.482209	4.1473856	2.614851	4.7435064	3.7170289	4.0109024	5.644078	5.4639935	3.0125022	5.5968065	3.3669999	3.97433	4.653025	5.211837	6.6877027	3.578892	4.2786536	5.874644	6.5847073	5.8863645	4.4901385	6.2954	3.6945672	3.828258	2.877482	3.899388	6.720892	5.2196293	2.915773	5.3342385	3.0121207	4.3425965	4.3630023	5.7421255	5.0949235
12	5.0428333	2.441834	5.3542128	5.187717	6.1331887	3.929957	4.3520994	5.0990953	2.7562766	4.902628	1.7654622	4.1900406	2.3820236	5.2282166	3.0276217	3.3375576	5.365276	3.5974503	3.5930867	6.7465506	4.989916	2.6533403	3.705906	4.960626	5.90488	5.0428333	6.6945267	5.142847	6.2916927	4.932813	1.770421	6.564704	4.4299593	2.6275291	4.6971235	3.6976514	1.7712162	4.21939	4.4976068	3.806808	4.3242025	5.3762765	5.2974634	6.5175743	3.8960538	5.331731	6.2796884	3.6491623	5.26254	5.119891	3.9591074	3.601798	2.7635863	3.5531874	4.4939466	3.3963938	2.4598072	2.4311876	4.5412045	3.0372155	5.2734966	2.2195396	3.645812	1.7667835	4.634511	4.528161	3.8571358	2.0756242	6.198124	3.7569962	2.981212	2.1556408	2.8759172	4.4897323	2.0675786	1.7436266	5.371504	3.699819	6.591678	3.2094903	3.9281645	5.4974513	3.832228	5.499685	2.5798554	7.674361	6.153846	7.2493896	8.160881	4.350498	5.567397	4.4559994	4.2060847	3.8495798	5.826702	3.8188825	2.4428759	2.891414	4.2683754	3.7493563	4.4926686	4.103709	3.4468331	4.6917987	3.7499218	4.1442404	5.7040787	6.2569284	3.0348663	5.6565433	3.3179731	3.9931087	4.585468	5.4650593	6.6488414	3.5838559	4.296291	6.29029	6.5465956	6.189551	4.485083	6.2564425	3.6952214	3.8656883	2.8804603	3.88499	6.761675	5.282085	2.8703167	5.524851	3.612894	4.437382	4.3361883	5.8728657	5.0810027
13	5.096303	2.6460207	5.3597555	5.175013	6.184701	3.9360092	4.3996925	5.1022954	2.698169	4.896179	1.7690872	4.2018185	2.3547337	5.5587487	3.0060148	3.2460294	5.4956446	3.5979106	3.6141067	6.7222266	4.9722767	2.832701	3.7146294	5.017528	5.8087206	5.096303	6.670701	5.111108	6.2366266	5.0501566	1.7726803	6.073962	4.9387197	2.4952772	4.7190347	3.6476257	1.7686515	4.373575	4.685933	3.729707	4.3057375	5.313194	5.2603235	6.4163756	4.067868	6.1941624	6.219612	3.7694728	5.0912924	5.129866	4.1498737	3.6091306	2.7766607	3.540648	4.4055514	3.387257	2.467527	2.4254026	4.5295424	3.0349472	5.1666346	2.0560431	3.6421154	1.7679077	4.622517	4.7430286	3.8298569	2.1047142	6.3550496	3.921244	2.995472	2.6476824	3.0536141	4.5139403	2.1053364	1.7487746	5.380073	3.7157173	6.6641884	3.1848133	3.974893	5.5376196	3.8280475	5.517088	2.623621	7.687817	6.171504	7.3825254	8.07329	4.4731374	5.7347493	4.2142434	4.2164865	3.848537	5.7802534	3.825736	2.4006238	2.8855963	4.2764306	3.7890255	4.478454	3.7868137	3.5282419	4.63689	3.7487602	4.070963	5.888825	6.4591436	3.0680892	5.9482026	3.1621554	3.8597963	4.824547	5.481456	6.543526	3.6069844	4.238407	6.7490215	6.6333113	6.0456996	4.4874387	6.302917	3.6571345	3.838441	2.8925107	3.9017658	6.5258923	5.4217615	2.9076493	5.0785675	4.406006	4.7390213	4.3801966	6.061466	5.1488276
14	6.110197	2.342411	5.369005	5.1807337	6.218698	3.897338	4.48649	5.082302	2.7942567	5.154893	1.7771835	4.180851	2.3771362	5.264003	3.023261	3.309031	5.2830725	3.388976	3.6518126	6.7164607	4.9285975	2.7783642	3.874216	5.0259447	5.7596483	6.110197	6.451287	4.9580355	5.4378395	4.8630557	1.7678633	6.4195037	4.3952966	2.7826426	4.7750583	3.6736164	1.7657061	4.2587686	4.6359076	3.5070288	4.3794	5.0630016	6.6816688	6.3663173	3.8240228	5.085993	6.4196706	3.572649	5.091918	5.1239305	4.106586	3.6243427	2.778481	3.5164146	4.350531	3.38467	2.4831026	2.4362342	4.5347013	3.0458913	5.2915354	2.126703	3.5711312	1.7680309	4.7348824	4.435894	3.8585021	3.465854	5.978046	3.591515	2.9533339	2.120478	2.8401074	4.6731668	2.1577349	1.742571	5.383828	3.7178593	6.6032414	3.2162359	3.9877791	5.4566956	3.830044	5.40228	2.6171696	7.736891	6.2898045	6.7676306	8.269147	4.3577414	5.7832484	4.5017715	4.3120823	4.0098867	5.714147	3.7546792	2.7437403	3.0081656	4.4377537	4.14936	4.4793015	3.7614262	2.6010528	4.725191	3.7372575	3.9952157	5.7393055	5.520795	3.0154128	5.63888	3.3392105	3.9732256	4.65705	5.258917	6.650428	3.6119316	4.266892	5.9490724	6.5863853	5.7882996	4.4893875	6.2578316	3.7043073	3.8481321	2.8560302	3.8895516	6.6414995	5.25512	2.9652932	5.3476057	2.7931383	4.3218346	4.381084	5.7621984	5.1111355
15	5.065629	2.5206718	5.365229	5.1889696	6.1162705	3.9485707	4.4243364	5.10915	2.7740207	4.8739824	1.7712475	4.1819754	2.3801048	5.608553	3.0208611	2.9737031	5.2807145	3.4935615	3.7326882	6.7483544	4.9505672	2.6258543	3.8388672	4.9890633	5.7971168	5.065629	6.62294	4.8494616	5.1945114	4.7375636	1.7672795	6.499558	4.720016	2.57375	4.495234	3.8162065	1.7655896	4.245246	4.437663	3.797441	4.335031	4.9223704	5.139887	6.3337855	3.7794683	4.999522	6.2047424	3.416003	5.082133	5.1762385	3.8827667	3.6067276	2.7643158	3.5418549	4.4885325	3.3929768	2.4697242	2.4338	4.54714	3.0284915	5.09181	2.1769881	3.6265087	1.7716005	4.7897635	4.56208	3.8818464	2.1641912	5.7953396	3.8866897	2.9319227	2.144786	3.0863862	4.5793138	2.1275802	1.7452265	5.3727884	3.7087348	6.5832663	3.248162	3.9172826	5.5223227	3.8340237	5.6412306	2.6624522	7.698436	6.172471	6.7669554	8.282638	4.4181566	5.7416105	4.148348	4.219794	3.9067593	5.707393	3.7335408	2.844118	3.0693913	4.3025045	3.862704	4.483897	4.032721	2.6049411	4.657244	3.746472	4.032182	5.6898184	5.527808	3.055953	5.878886	3.1733582	3.87319	4.8394637	5.380887	6.591756	3.5935378	4.270214	5.7560024	6.570704	6.089919	4.4957614	6.2345877	3.8048978	3.8482175	2.8816566	3.8817391	6.678214	5.5177345	2.7905571	5.04122	3.8873231	5.0023704	4.4616647	5.85294	5.117106
16	5.0040507	2.5107484	5.357791	5.1991816	6.1023755	3.9833856	4.3522096	5.109506	2.7824152	4.731539	1.7734003	4.1618214	2.3715653	5.5805664	3.020061	2.9343138	5.2872553	3.4248254	3.6744933	6.717052	4.985582	2.6890793	3.8004107	5.0240374	5.1058984	5.0040507	6.5491047	4.793245	5.1097255	4.7338066	1.7688204	6.448654	4.6720343	2.7620795	4.516552	3.796078	1.7637119	4.219303	4.512752	3.7388449	4.336025	4.948788	4.9292765	6.3172364	3.752953	5.019107	6.3984437	3.4093685	5.083211	5.1218467	4.1599298	3.606888	2.7514753	3.5575318	4.4659953	3.4269202	2.4781563	2.4238005	4.548194	3.0185351	5.057087	2.14706	3.6597018	1.7711867	4.7567925	4.6352334	3.8727179	2.2544875	5.857156	3.902831	2.9356196	2.1074924	3.0077825	4.526641	2.083784	1.7455148	5.3726673	3.7164214	6.593664	3.1573641	3.913641	5.497259	3.8463867	5.9523125	2.680192	7.65048	6.133361	6.905452	8.210405	4.569339	5.796651	4.261574	4.1404347	3.8396444	5.1451545	3.7644038	2.8462288	3.116847	4.358592	3.8739805	4.479808	3.6933284	2.5946546	4.679157	3.7537715	4.066071	6.040168	5.5544276	3.0549765	5.943981	3.0925298	3.85294	4.809924	5.3740015	6.5518427	3.5913405	4.2710934	5.723839	6.5801935	5.939947	4.493899	6.231366	3.7300215	3.8493671	2.8926027	3.898599	6.644559	5.4958014	2.8370323	5.0078487	3.7788744	4.9742136	4.4631796	5.8111506	5.1590977
17	6.2825108	2.618319	5.371852	5.175011	6.1641903	3.9459348	4.3461013	5.1083045	2.7283783	5.183639	1.7744639	4.30852	2.3916726	5.2675195	3.016977	3.2649026	5.4645357	3.4340034	3.632686	6.7051435	4.943766	2.6424432	3.8501587	5.0166836	5.846682	6.2825108	6.4791822	5.212727	5.8374567	5.1194687	1.7718902	6.1264305	4.589493	2.441877	4.748871	3.736249	1.7712778	4.2482567	4.4802036	3.773898	4.26363	5.0556417	6.705599	6.470294	4.1155443	6.1650352	6.0244446	3.683167	5.118978	5.1635985	3.867568	3.6207592	2.7720773	3.5231063	4.44244	3.3958359	2.4640582	2.430616	4.5107627	3.0397716	5.1817627	2.3648999	3.680778	1.7682855	4.709191	4.65766	3.8118062	3.451663	5.929289	3.4818964	3.0000494	2.6599646	2.6884375	4.551919	2.120207	1.7441748	5.3776827	3.708661	6.613265	3.1830273	3.947619	5.511407	3.8439372	5.7550306	2.6080368	7.7214355	6.192243	6.7789273	8.242606	4.281504	5.3804183	4.4277544	4.2447343	3.7422457	5.7953115	3.7822416	2.4926467	3.0793662	4.4524584	4.112511	4.4839234	3.927692	2.749994	4.7458334	3.7305405	4.2094326	5.8139877	5.5616407	2.998073	5.4050264	3.3844237	4.007033	4.5978847	5.138779	6.6038465	3.621576	4.252397	6.5794888	6.6361313	6.274269	4.501551	6.182523	3.7990327	3.8603678	2.8592396	3.9020162	6.8614864	5.4351177	3.000277	5.4478955	3.1684837	4.4414897	4.3799286	5.869999	5.095087
18	4.936034	2.3892176	5.3655005	5.184415	6.125411	3.9559965	4.434944	5.112735	2.780712	4.8424587	1.768315	4.2076335	2.3650053	5.4734535	3.0164003	3.3768237	5.3195524	3.5018826	3.685638	6.7329	4.9248486	2.7824614	3.763859	4.987788	5.702484	4.936034	6.6560936	5.0363994	5.494652	4.8941927	1.7718686	6.5842094	4.637209	2.6248212	4.6452484	3.657117	1.7674708	4.1871715	4.61624	3.4133978	4.3320084	5.0522194	5.1371007	6.3729286	3.893631	5.055476	6.3723235	3.7571285	5.2873797	5.1428432	4.4355574	3.6220045	2.7706683	3.5222747	4.3418865	3.4251313	2.45428	2.4217043	4.52651	3.0261064	5.2936497	2.150866	3.631307	1.7732191	4.7528114	4.383582	3.884932	2.1447966	5.83287	3.604618	2.9478235	2.1959429	3.172057	4.875173	2.3045292	1.745752	5.3694625	3.700006	6.6224284	3.1155455	3.9268205	5.486017	3.841878	5.5210443	2.6839561	7.771482	6.360667	6.767304	8.255775	4.203802	5.569953	4.859132	4.2043347	3.8858562	5.670362	3.7381892	2.7855184	2.997611	4.305755	3.8335676	4.4874554	3.9905252	2.6444783	4.744275	3.7262225	4.147739	5.8269362	5.5175424	3.006237	5.504501	3.428342	3.999803	4.6341043	5.357246	6.678741	3.5834527	4.297801	6.045516	6.5433526	5.9836154	4.4866858	6.259293	3.8085113	3.8541703	2.9017076	3.9098666	6.712492	5.371187	2.7894104	5.4778485	3.1534224	4.586632	4.3129034	6.012588	5.096614
19	6.1349893	2.330305	5.3610725	5.171621	6.1995435	3.8940108	4.437376	5.0762534	2.8058443	5.1356645	1.7780584	4.2103753	2.3679588	5.4475255	3.012959	3.314377	5.0571084	3.333557	3.6303372	6.7267585	4.943966	2.5333967	3.844117	5.0599613	5.733388	6.1349893	6.458007	4.96972	5.402047	4.897579	1.768904	6.586462	4.4438457	2.908525	4.7100477	3.66389	1.7681633	4.248075	4.3914833	3.8594193	4.367588	5.066504	6.678539	6.362506	3.8094845	5.0778484	6.5825915	3.5968213	5.163967	5.0744743	4.1960173	3.6141646	2.7732158	3.5128107	4.482306	3.3584862	2.4831233	2.4365277	4.523761	3.0487628	5.2997537	2.2190132	3.575065	1.7698092	4.7199416	4.4833536	3.8732457	3.5600305	6.0638723	3.6739626	2.9454417	2.1151402	3.0149136	4.503451	2.089338	1.7413921	5.3811545	3.7150252	6.5692	3.274747	3.9674988	5.4813585	3.822731	5.3998146	2.6081448	7.716654	6.196409	6.859826	8.211109	4.3677754	5.749678	4.538943	4.2973347	3.983749	5.6910205	3.7612967	2.8510518	3.0403457	4.4353757	4.2574615	4.485187	3.562261	2.6205466	4.7367005	3.7419834	4.051011	5.728277	5.555548	3.0080245	5.6289673	3.3312497	3.9854882	4.602122	5.3903294	6.643043	3.5916326	4.2576213	6.088354	6.585186	5.7875705	4.4841056	6.209123	3.9224958	3.8499331	2.8803492	3.9065752	6.734579	5.430626	2.9009504	5.419212	2.8028533	4.446148	4.3480816	5.9050345	5.0571747
