0	15.3175	29.4709	-44.6786	-32.3188	-21.4932	-11.5643	17.8585	28.124	17.9706	22.9431	20.286	19.1662	10.5841	21.5751	9.0755
1	14.5759	29.0016	-43.6918	-34.8395	-22.3111	-12.036	18.5499	28.6681	16.0978	20.5656	19.69	19.6054	9.9782	18.0935	7.8055
2	14.6167	27.9005	-42.3865	-33.2822	-27.3788	-11.3146	17.9354	29.1177	17.2457	20.4245	20.7739	19.7083	12.4004	18.2152	8.2694
3	16.1338	28.0014	-44.5433	-37.3972	-23.664	-9.2966	15.7399	28.136	11.6906	21.4138	22.2337	18.126	6.738	15.856	7.3277
4	13.9852	24.8685	-42.6578	-30.3337	-32.1145	-1.0203	17.4561	30.4585	16.6916	18.2602	21.0226	20.5699	13.7329	17.6114	5.2501
5	12.0716	26.8865	-45.6745	-38.2642	-22.6163	-7.6709	16.2911	29.6935	11.3503	20.3747	23.2706	18.1914	7.347	13.6108	8.9208
6	16.6451	32.0258	-47.1061	-41.8919	-28.8826	-9.2699	18.2709	30.5814	11.6261	20.7968	20.985	19.2938	5.5594	15.0536	4.9124
7	13.7082	27.6794	-45.3106	-35.7305	-32.5944	-6.7336	15.6178	32.9884	14.5628	17.3841	21.0524	19.6564	11.8378	14.6395	4.6027
8	14.411	27.8694	-43.2827	-35.9667	-24.1072	-11.4045	17.4894	29.2617	15.997	20.2942	21.3387	19.9081	11.5648	17.3793	7.7369
9	13.7068	28.0337	-40.7268	-32.5406	-25.345	-12.2289	18.2582	29.7137	20.6251	19.4397	19.273	20.5284	16.3895	18.6979	6.6616
