0 0.054566897451877594 0.2303433120250702 0.32894018292427063 0.1879776120185852 0.1206037774682045 -0.10629425942897797 4.012496471405029 3.626862049102783 4.404126167297363 4.067471504211426 9.990705490112305 11.241451263427734 10.630769729614258 10.350576400756836 10.735994338989258 7.428184509277344 7.383228302001953 6.553874969482422 7.686820983886719 9.842613220214844 8.269187927246094 9.313034057617188 9.35246467590332 9.0752592086792 6.18570613861084 8.468033790588379 2.690512180328369 4.2016777992248535 8.204405784606934 5.045135021209717 5.738166809082031 2.085963726043701 1.2294528484344482 1.877953290939331 1.0301507711410522 0.9938229322433472
1 0.07743481546640396 0.2484634518623352 0.3155318796634674 0.06612914055585861 0.115358866751194 -0.1021076887845993 4.036330699920654 3.4666380882263184 3.543111801147461 4.356943130493164 9.998711585998535 11.439655303955078 10.196907043457031 10.989906311035156 10.30506706237793 6.718605041503906 7.799894332885742 6.355030059814453 8.409658432006836 9.641755104064941 8.444426536560059 9.872171401977539 8.965324401855469 8.305595397949219 6.547133445739746 8.264365196228027 3.1049680709838867 3.61611270904541 9.016977310180664 5.165839672088623 6.231867790222168 1.7745057344436646 1.4757577180862427 2.6489620208740234 1.0156753063201904 1.037682056427002
2 0.011662052944302559 0.3923527002334595 0.27299946546554565 0.1534757763147354 0.15196573734283447 -0.10642216354608536 3.9475059509277344 4.223544120788574 4.470943927764893 3.9917194843292236 9.91208267211914 11.022945404052734 10.505315780639648 10.23788070678711 10.905915260314941 6.934230804443359 7.455769062042236 6.4228668212890625 7.580414772033691 10.012104988098145 8.17199420928955 9.716327667236328 9.288565635681152 9.175361633300781 5.856889247894287 8.576648712158203 2.952714443206787 4.970078468322754 9.109148979187012 5.109370708465576 6.276303291320801 1.8809462785720825 1.040893316268921 2.760136365890503 1.0220184326171875 1.0445482730865479
3 0.13944381475448608 0.23921401798725128 0.26087647676467896 0.07942722737789154 0.10425978899002075 -0.09861776232719421 4.063775539398193 3.704251289367676 4.148995876312256 4.068965435028076 10.053522109985352 11.199822425842285 10.528495788574219 10.538641929626465 10.526839256286621 7.377614974975586 7.45094633102417 6.374214172363281 7.995145320892334 9.83349895477295 7.851510047912598 9.35734748840332 9.292859077453613 8.766631126403809 6.202729225158691 8.913902282714844 2.4732890129089355 3.3124122619628906 8.970629692077637 5.186172008514404 6.426719665527344 2.2794246673583984 1.64291512966156 2.5951988697052 1.0135751962661743 1.0714566707611084
4 0.05723176151514053 0.23805424571037292 0.5470858812332153 0.18219755589962006 0.057937975972890854 -0.10563260316848755 4.028520107269287 3.777466297149658 3.942941188812256 4.119067668914795 9.979327201843262 11.039920806884766 10.95999526977539 10.889296531677246 10.48250675201416 6.5998077392578125 8.028335571289062 5.531467437744141 7.80247688293457 5.952325344085693 9.24718952178955 9.952895164489746 8.731714248657227 8.962770462036133 10.329479217529297 7.185589790344238 2.882744312286377 4.633584976196289 9.893301010131836 5.675958633422852 7.219016075134277 1.9328595399856567 1.1056214570999146 4.011094570159912 0.9924493432044983 1.3115391731262207
5 -0.038515809923410416 0.2751566767692566 0.2752894163131714 0.18633262813091278 0.19744953513145447 -0.1009177565574646 3.9913203716278076 4.227066993713379 4.77310848236084 3.910658836364746 9.488592147827148 10.796557426452637 9.964097023010254 10.048932075500488 11.015218734741211 6.246335983276367 7.598472595214844 6.413048267364502 6.805533409118652 9.951746940612793 9.07574462890625 10.171710968017578 9.158600807189941 9.810796737670898 5.976764678955078 7.4383344650268555 2.207394599914551 4.2400970458984375 9.317057609558105 5.332018852233887 6.932246685028076 2.5511474609375 1.2165244817733765 3.033658981323242 1.0013723373413086 1.2047982215881348
6 0.04497077316045761 0.2426450103521347 0.3191005289554596 0.06874822080135345 0.10545995831489563 -0.10084182024002075 3.6284823417663574 3.8985090255737305 4.278912544250488 3.9231038093566895 10.098865509033203 10.986753463745117 10.769325256347656 10.242937088012695 11.000057220458984 6.88473653793335 7.715206623077393 6.351530075073242 7.2365312576293945 9.905964851379395 8.538568496704102 9.753170013427734 9.048009872436523 9.477288246154785 6.065592288970947 8.150638580322266 2.2297215461730957 3.2624311447143555 9.612727165222168 5.428991794586182 7.477900505065918 2.526650905609131 1.6732689142227173 3.4874582290649414 0.996031641960144 1.4287914037704468
7 0.0012509810039773583 0.4000145494937897 0.43237972259521484 0.21271327137947083 0.05401759594678879 -0.0965038388967514 3.737086296081543 4.01620626449585 4.472024917602539 3.65720796585083 9.865045547485352 11.086524963378906 10.49424934387207 10.268755912780762 11.013875007629395 6.237009048461914 7.40576171875 6.455262184143066 8.433828353881836 10.053999900817871 8.77869701385498 10.177053451538086 9.332771301269531 8.276976585388184 5.771725654602051 7.846124172210693 2.503326892852783 4.48089075088501 8.707342147827148 4.60133171081543 7.318660736083984 2.2512636184692383 1.1440675258636475 2.3145298957824707 1.113264799118042 1.3542444705963135
8 0.039801012724637985 0.2672874927520752 0.16622883081436157 0.046433351933956146 0.13916999101638794 -0.10653802007436752 3.9994406700134277 4.054543495178223 3.8662843704223633 4.2126970291137695 9.978259086608887 10.987082481384277 9.927520751953125 10.746081352233887 10.491941452026367 7.323912620544434 7.515321731567383 6.40535831451416 7.774076461791992 9.736346244812012 8.142261505126953 9.40363883972168 9.23501968383789 8.990752220153809 6.380403518676758 8.609272003173828 3.0452733039855957 4.084742069244385 8.614729881286621 5.2801103591918945 5.051892280578613 1.8152028322219849 1.271170973777771 2.224985122680664 1.005141019821167 1.0292500257492065
9 0.05501851439476013 0.25778162479400635 0.307901531457901 0.15160535275936127 0.15357276797294617 -0.10641759634017944 4.025618553161621 3.7239813804626465 4.158348083496094 4.228418350219727 9.990172386169434 11.119532585144043 9.785120010375977 10.588150978088379 10.635531425476074 6.806861877441406 7.21340274810791 6.584835052490234 8.269584655761719 9.773098945617676 8.389729499816895 9.809843063354492 9.49643611907959 8.467582702636719 6.313987731933594 8.329042434692383 2.6875524520874023 3.7575325965881348 8.003835678100586 5.160280227661133 6.397388458251953 2.0884456634521484 1.4074903726577759 1.7346177101135254 1.0162664651870728 1.0657622814178467
