0 0.569517970085144 0.33112984895706177 0.18113213777542114 -0.10517288744449615 0.27148792147636414 3.389303684234619 3.830519914627075 3.73628830909729 11.40601921081543 11.073272705078125 10.798726081848145 9.98061752319336 9.697409629821777 9.83880615234375 10.999948501586914 10.694771766662598 9.82772159576416 6.4497528076171875 2.3556365966796875 1.245453119277954 6.213486671447754 2.1290483474731445 5.050004482269287 3.790402412414551 1.0663251876831055 2.639836311340332 1.0295000076293945 1.3924494981765747 4.820387363433838
1 1.7762413024902344 0.46392399072647095 0.20093047618865967 -0.10315439105033875 0.23710724711418152 3.9567198753356934 3.8488640785217285 3.8436079025268555 11.622018814086914 10.85696792602539 10.811357498168945 9.85456371307373 10.605195045471191 10.01179313659668 10.999974250793457 10.685593605041504 10.085004806518555 4.4354753494262695 2.3888468742370605 1.234935998916626 5.707601547241211 5.200432300567627 4.8527631759643555 3.9972381591796875 1.0578887462615967 1.0121612548828125 1.0603710412979126 1.3047586679458618 4.866678714752197
2 2.6789069175720215 0.36669522523880005 0.14090284705162048 -0.10648876428604126 0.297761470079422 4.265409469604492 3.535620927810669 3.777209758758545 11.555229187011719 11.0304594039917 11.112563133239746 9.858582496643066 10.511536598205566 9.883621215820312 10.988152503967285 10.698821067810059 10.14589786529541 4.701384544372559 2.0922651290893555 1.2502127885818481 5.578789710998535 22.86146354675293 4.103455543518066 3.745589256286621 1.0502142906188965 3.132093906402588 1.264254093170166 1.4130297899246216 4.911465167999268
3 0.171697199344635 0.3568769693374634 0.17448776960372925 -0.08962853252887726 0.20949101448059082 3.3699357509613037 4.035125732421875 4.115925312042236 11.407550811767578 10.953153610229492 10.742158889770508 9.372658729553223 9.946768760681152 10.106477737426758 10.970126152038574 7.316951751708984 10.139817237854004 5.986510276794434 2.875056743621826 9.409581184387207 5.591833114624023 3.150808334350586 5.959420680999756 3.4019317626953125 1.0150461196899414 1.7441326379776 1.0061907768249512 1.5906132459640503 5.171833515167236
4 1.1393954753875732 0.29534173011779785 -0.08451446890830994 0.5636853575706482 0.06435681879520416 3.7214841842651367 2.9167990684509277 3.488287925720215 11.549286842346191 11.23320198059082 11.328661918640137 11.466466903686523 9.330774307250977 10.172457695007324 1.514420747756958 10.709342956542969 9.958362579345703 7.057299613952637 9.399641036987305 1.2629210948944092 5.963781833648682 3.076326847076416 4.870428085327148 4.119041442871094 5.2827911376953125 22.879804611206055 1.057227373123169 1.2585632801055908 21.462282180786133
5 0.46373265981674194 0.3450750708580017 0.16387924551963806 -0.1057710200548172 0.22514456510543823 3.3699960708618164 3.6261656284332275 3.6451354026794434 11.352067947387695 11.125361442565918 10.97109603881836 9.847184181213379 10.084506034851074 9.929403305053711 10.999625205993652 10.726848602294922 9.53184700012207 5.708641052246094 2.4279489517211914 1.2852388620376587 6.733747959136963 1.8471471071243286 4.163600444793701 3.762434959411621 1.039579153060913 2.999720573425293 1.2426451444625854 1.4052268266677856 4.978783130645752
6 0.36927857995033264 0.4205847680568695 -0.01946171559393406 0.3275529742240906 0.0592215433716774 3.335386276245117 3.1885793209075928 3.370368003845215 11.347809791564941 11.137813568115234 11.27029037475586 11.47736644744873 9.5199613571167 10.2566556930542 10.83708667755127 10.697012901306152 10.084189414978027 6.75349760055542 1.470028281211853 1.2480781078338623 5.709300994873047 3.1712098121643066 4.191539764404297 3.907011032104492 6.184614181518555 1.730857491493225 1.2329285144805908 1.3415578603744507 20.534475326538086
7 0.8466440439224243 0.34082654118537903 0.04230362921953201 -0.018747294321656227 0.12207257002592087 3.6024537086486816 3.5040793418884277 3.241671085357666 11.394824981689453 11.13752269744873 10.90340518951416 11.171642303466797 10.04389762878418 9.823667526245117 10.70482349395752 6.616585731506348 10.274559020996094 5.792413234710693 4.122250080108643 9.941715240478516 5.29265022277832 22.85372543334961 4.342867374420166 3.9469423294067383 4.447497844696045 3.1546525955200195 1.1838043928146362 1.3249990940093994 1.153242588043213
8 0.5320197939872742 0.3409581482410431 0.1812741905450821 -0.10512169450521469 0.14766472578048706 3.3664445877075195 3.8239874839782715 3.7744808197021484 11.392576217651367 11.079108238220215 10.795464515686035 9.972915649414062 9.843544960021973 9.844895362854004 10.999990463256836 10.690591812133789 10.090202331542969 6.183962821960449 2.383035182952881 1.2406196594238281 5.696756362915039 2.3492202758789062 4.807432651519775 3.728867530822754 1.0859479904174805 2.400970935821533 1.0687787532806396 1.4208554029464722 4.722098350524902
9 0.3885003328323364 0.5485367774963379 0.26340731978416443 -0.09107672423124313 0.09689296782016754 3.338374614715576 4.019177436828613 4.170929908752441 11.528715133666992 10.807723045349121 10.733125686645508 9.4678316116333 9.942090034484863 10.112804412841797 10.989481925964355 10.956501960754395 9.91846752166748 5.995646953582764 2.6645569801330566 1.8572231531143188 6.041508197784424 2.1883926391601562 5.955156326293945 3.7951760292053223 1.0113277435302734 2.5722641944885254 1.005841612815857 1.3902926445007324 5.209068298339844
10 3.589963912963867 0.6053861379623413 -0.001569714630022645 -0.10154774785041809 -0.07507744431495667 5.146574020385742 4.4361701011657715 3.612962484359741 11.431312561035156 10.614870071411133 10.002750396728516 9.921607971191406 10.6887845993042 10.848904609680176 10.817791938781738 10.732855796813965 0.7579872012138367 4.175302028656006 3.707956314086914 1.2932546138763428 18.08599090576172 6.386234760284424 3.712252140045166 1.1151149272918701 1.054449200630188 1.0636540651321411 1.4287129640579224 4.593681812286377 4.886403560638428
11 0.3658410310745239 0.30270522832870483 0.0571351982653141 -0.08410018682479858 0.5421384572982788 3.4897572994232178 3.937101125717163 3.4322280883789062 11.21771240234375 11.147622108459473 10.929084777832031 10.318352699279785 10.331835746765137 9.852606773376465 2.4817206859588623 10.967411041259766 10.330492973327637 5.1582932472229 10.319583892822266 1.9208992719650269 5.161500453948975 2.3116283416748047 4.728588581085205 4.0591559410095215 2.972662925720215 2.43955135345459 1.0845798254013062 1.2807810306549072 22.910839080810547
12 0.9756305813789368 0.42513009905815125 0.09781385958194733 -0.1043243557214737 -0.053129892796278 3.6941089630126953 3.9085464477539062 3.693997383117676 11.470849990844727 10.951498985290527 10.962129592895508 10.354072570800781 10.880178451538086 9.91903018951416 2.5814340114593506 1.5234194993972778 0.7974085807800293 3.432021141052246 10.380964279174805 9.411664009094238 17.907697677612305 2.8515729904174805 4.214087963104248 3.8261055946350098 3.2516798973083496 1.9566205739974976 1.2252368927001953 1.3764634132385254 22.81841278076172
