0	nan	-12.9131	-9.0289	-3.9384	1.3852	-1.725	-10.0878	-19.2687	-15.706	6.1349	14.4684	9.9804	2.6418	nan	nan	11.7824	nan	nan	4.911	16.541	0.3264	-8.5681	2.27	16.3198	nan	nan	5.1511	nan	nan	11.4191	-9.4882	nan	-9.6233	nan	-11.2187	nan
1	nan	-12.464	-8.078	-2.9263	0.848	-0.8834	-9.9307	-20.2144	-17.7408	5.3563	13.3875	9.6119	3.1335	nan	nan	13.6979	nan	nan	3.1204	17.5247	3.0558	-8.021	2.8591	16.332	nan	nan	6.2519	nan	nan	13.2136	-8.6456	nan	-10.3747	nan	-11.4354	nan
2	nan	-10.2569	-7.5988	-3.8956	-0.7651	-4.3692	-8.3554	-15.4156	-15.5279	1.5177	11.5911	8.7535	0.6689	nan	nan	12.4997	nan	nan	11.3785	12.608	2.2936	-8.6481	-2.6903	16.8565	nan	nan	5.3516	nan	nan	11.6246	-5.9457	nan	-9.6616	nan	-5.9875	nan
3	nan	-15.7004	-13.164	-9.1622	-2.286	7.4149	-12.5952	-15.2741	-16.856	7.851	13.9023	9.1488	-0.4161	nan	nan	9.9648	nan	nan	7.0219	20.6234	6.5543	-4.1729	7.4916	18.8732	nan	nan	5.7223	nan	nan	13.5381	-1.5409	nan	-5.2931	nan	-5.7948	nan
4	nan	-17.5628	-14.2277	-6.4673	1.3058	-3.8495	-16.1409	-23.2325	-16.9299	7.1811	17.9881	12.4671	2.9547	nan	nan	12.0794	nan	nan	10.3729	12.9101	-7.422	-11.3792	-14.2666	21.4371	nan	nan	6.4893	nan	nan	2.6339	-14.1816	nan	-12.1068	nan	-12.752	nan
5	nan	-15.2434	-12.4254	-8.1274	1.2076	-2.9824	-9.6677	-18.139	-16.6852	6.0066	15.1061	11.3781	0.2488	nan	nan	10.66	nan	nan	3.6027	15.9511	1.64	-8.4814	2.0282	17.286	nan	nan	5.1951	nan	nan	12.8721	-8.7156	nan	-7.6158	nan	-5.7267	nan
6	nan	-19.0639	-15.5153	-3.4013	1.7017	-1.5383	-13.1454	-22.4001	-15.2134	11.4217	18.9001	14.8761	6.0596	nan	nan	9.0731	nan	nan	1.5874	17.5605	-5.7699	-14.6527	-11.3973	17.7397	nan	nan	5.3074	nan	nan	5.048	-14.802	nan	-13.2326	nan	-12.6848	nan
7	nan	-14.2605	-5.5442	-9.5405	-6.7318	-6.6198	-5.6977	-13.6636	-15.2983	6.3013	9.8671	8.6536	7.3485	nan	nan	-5.9697	nan	nan	7.7616	13.7523	0.6546	-9.0938	3.5601	18.5581	nan	nan	-2.1846	nan	nan	14.9319	-7.4109	nan	-9.3661	nan	18.7874	nan
8	nan	0.8397	-17.539	-8.4501	-0.9312	-8.5389	-10.6978	-18.8828	-13.1813	11.7602	12.9555	7.6751	15.2993	nan	nan	-5.3581	nan	nan	-4.1759	11.2837	-6.4093	-7.2029	10.8068	12.789	nan	nan	3.0484	nan	nan	9.2149	-13.63	nan	-7.8697	nan	23.1388	nan
9	nan	-14.0058	-11.8096	-2.778	1.7967	0.5914	-13.3326	-21.0019	-14.1384	3.4201	12.4736	7.4286	7.5328	nan	nan	9.1359	nan	nan	1.2348	17.6027	-3.1015	-7.2088	10.1362	17.4715	nan	nan	3.37	nan	nan	8.2333	-11.0574	nan	-13.2754	nan	-10.0418	nan
10	nan	-10.0779	-5.7894	-2.5336	2.0476	0.376	-4.8135	-16.949	-19.3058	1.1098	10.0844	6.8035	2.4456	nan	nan	14.437	nan	nan	4.8265	15.177	8.7431	-5.1088	-0.2157	16.442	nan	nan	6.6463	nan	nan	15.8533	-3.7675	nan	-10.0108	nan	-8.715	nan
11	nan	-15.335	-12.1381	-7.5826	-0.826	0.8066	-13.7201	-19.9814	-20.1908	8.3637	14.4332	11.396	-0.0458	nan	nan	10.5417	nan	nan	6.0511	19.6291	1.2831	-5.6201	-5.2438	19.9829	nan	nan	4.7836	nan	nan	10.4949	-5.6209	nan	-8.3444	nan	-4.949	nan
12	nan	-13.2026	-11.1555	-9.0386	-5.1065	-0.7889	-14.3085	-16.6242	-17.5715	2.8315	12.2987	6.0617	4.3949	nan	nan	4.7325	nan	nan	8.1763	19.3398	-0.3559	-4.2981	-1.3798	20.7918	nan	nan	-0.7671	nan	nan	8.7577	-5.9001	nan	-7.9027	nan	-2.7788	nan
