0	-51.8789	-38.4978	-11.7514	12.1657	24.6325	31.6243	-36.3604	-46.5847	-30.0302	-23.0683	13.8232	16.4321	28.4751	28.0594	8.0455	19.4198	19.834	16.8962	23.2764	24.8093	3.5616	15.3104	20.6318	24.0645	12.8271	13.7157	19.9375	18.3376	15.8182	2.0423	7.1571	16.603	5.3387	23.6346	10.9418	6.0407
1	-51.3674	-37.2021	-10.3	13.663	24.7697	29.8366	-44.6935	-38.1139	-9.7267	-18.2331	0.1208	22.5209	28.8111	27.8571	9.1027	20.3998	18.9044	16.6426	24.4728	26.7413	8.8267	24.3242	19.0375	26.1804	21.4586	14.5571	20.5075	19.2347	15.3226	1.3054	17.6636	18.426	3.9996	24.3279	9.4301	4.8365
2	-49.353	-32.9779	-7.3683	17.447	24.8364	30.0917	-38.7793	-44.2785	-35.8556	-22.0779	9.0579	20.5512	28.3124	28.7634	11.7182	20.4008	15.6643	12.1299	18.5534	22.2173	1.7852	17.7676	21.3857	21.2788	13.5562	9.2353	18.5257	19.7137	13.0282	-1.7358	6.7664	18.0713	4.4523	21.6129	7.2176	2.991
3	-50.2201	-38.5511	-10.8615	12.9729	21.8265	27.7759	-37.0303	-39.8684	-30.1484	-23.6469	7.3076	22.811	27.2632	26.1309	5.9813	21.3045	18.259	14.9676	22.667	26.1047	8.1334	19.6087	22.1095	25.064	16.6727	13.1769	21.016	19.4142	15.6734	6.4966	12.4073	19.5179	7.5812	24.872	5.2282	4.1612
4	-49.4116	-35.1252	-8.3557	13.8741	19.4759	26.2873	-23.1308	-43.2512	-28.7073	-21.4982	4.6303	24.7999	27.0437	24.7503	10.5087	21.1105	14.9542	11.3717	21.7913	27.805	17.1174	14.872	20.7631	26.3014	17.1186	8.8144	18.8511	19.8726	12.582	12.7936	7.8695	20.3459	6.4974	26.5814	4.2365	1.6367
5	-47.9415	-41.0589	-17.3841	8.6359	22.0952	26.8392	-28.8411	-43.7718	-38.0203	-21.7779	12.2539	14.7152	23.5353	22.8484	4.9136	18.1249	20.3805	16.5939	22.4194	25.4914	7.3309	8.2407	18.7394	23.7005	14.1713	14.3119	20.6973	16.0055	17.3276	7.0028	3.2926	13.5289	8.0012	23.3481	12.2107	11.3998
6	-51.8996	-38.7336	-9.3697	12.1856	22.0587	28.1051	-41.9977	-46.7885	-26.3533	-19.3612	8.2221	23.9812	28.5238	26.2589	7.9379	22.8428	16.2578	11.92	21.7015	27.7719	4.5699	17.6075	22.7589	26.3262	16.1169	9.6053	20.3961	21.4249	14.3784	2.276	8.8706	22.2186	5.9035	27.4873	2.1233	-0.1922
7	-51.2397	-37.9722	-9.4108	12.9022	21.8036	28.2047	-32.2544	-45.216	-36.6823	-19.2893	14.6078	18.6822	26.7674	25.5231	9.2695	21.0363	16.9497	11.7944	20.43	26.5936	2.6107	12.8137	20.3989	25.122	9.21	10.3263	19.2068	20.2797	13.3493	5.3718	3.6051	19.3949	2.8242	25.5399	7.0818	3.8127
8	-49.9547	-37.8224	-12.4705	12.4296	22.1362	26.7192	-36.0724	-40.2507	-32.7809	-22.4671	7.0056	22.1722	26.0108	25.7502	6.9449	20.6897	19.8157	15.83	22.4454	25.3855	8.4985	16.1821	21.7435	24.4861	16.9593	13.7358	21.4579	18.7801	16.3248	5.9004	8.0657	18.0012	7.7798	23.9477	8.7892	6.7829
9	-48.7629	-30.1447	-10.1664	14.6636	22.6637	30.644	-36.8007	-44.7693	-27.3861	-22.2396	3.2183	25.2961	30.257	28.759	12.0769	19.1073	16.9107	13.3332	22.7661	24.7936	5.9843	16.0321	19.8124	24.5726	17.0036	10.098	16.8949	18.7558	11.4153	3.2742	8.7038	17.5611	4.9166	23.3895	6.4387	2.2219
10	-48.4394	-39.1512	-11.1844	14.7065	19.4117	25.5686	-40.4789	-43.5454	-28.0191	-18.8922	8.1958	20.424	25.741	24.9238	2.3398	21.6077	18.0688	12.386	18.8161	23.8593	6.6571	17.5381	23.1362	22.6836	14.4119	10.5485	21.4743	19.3263	15.1832	4.1438	7.1743	19.8969	6.5965	24.2238	-0.7261	5.2515
11	-52.1937	-43.4864	-15.3957	9.0836	23.4558	30.0442	-39.4414	-46.7067	-22.7456	-19.4064	14.7035	16.3714	27.1215	24.762	8.2034	20.7327	18.7172	16.6151	24.2424	29.3936	5.6802	19.0718	20.8674	27.8252	13.168	15.0669	20.5921	19.5569	16.512	4.9002	10.7093	19.3144	-0.2096	27.3874	11.1457	6.4849
12	-52.7741	-33.3787	-1.5928	20.7608	22.8382	28.6587	-49.9644	-39.9043	-9.5974	-16.547	9.4911	22.6073	28.9943	27.8028	13.1328	24.1605	14.4686	11.2764	24.662	28.0961	0.5675	24.6312	21.2938	25.9765	15.6513	9.8313	20.4928	23.5833	12.0738	-8.7657	14.0625	23.2684	7.8915	26.8764	4.3337	-2.0912
13	-49.0452	-43.7458	-13.7186	12.6255	20.4199	25.4318	-37.6022	-46.3064	-32.82	-20.3495	9.2601	20.451	25.219	23.7385	5.1586	22.3302	18.5403	13.4878	21.1721	27.8362	5.8466	11.8847	23.063	25.8827	16.0846	12.4268	22.4717	20.3113	16.8868	6.1284	3.5901	20.8096	7.8724	26.704	4.6603	6.5691
14	-46.7689	-44.5891	-23.432	1.2405	18.2954	26.3778	-42.1385	-38.5427	-18.5807	-19.8051	5.8006	22.7962	25.2796	23.3198	-2.2428	15.1423	22.4969	20.7737	22.8956	25.8207	9.7586	21.3749	18.8566	22.9967	21.0273	19.5152	21.1465	11.9568	20.4431	3.8771	15.9269	12.3235	12.4074	22.2534	12.8729	14.1523
15	-53.8689	-45.1312	-16.6791	13.2998	24.4602	30.3518	-50.0782	-40.0554	-6.6768	-22.5433	-0.1978	24.1344	29.8443	28.4822	5.5704	21.2423	21.6708	16.8596	24.4172	27.5516	6.4402	26.2765	20.9752	26.7494	21.6639	14.5085	22.3847	19.8305	16.929	-4.4942	19.0395	18.1412	6.761	25.7694	7.7471	4.7445
16	-49.8086	-31.6326	-9.2314	14.9242	23.7191	29.1147	-38.0486	-41.5571	-32.6908	-23.8817	3.5733	21.4592	28.94	27.9782	12.6875	21.3302	18.1468	12.9574	21.7865	24.8749	5.6981	16.9674	22.2084	24.1641	16.6344	10.3799	18.6354	20.7517	13.206	2.2816	7.3985	19.4589	5.7913	23.5075	6.6049	2.8571
17	-48.2895	-38.3601	-17.3832	9.156	22.0942	29.1443	0.012	-2.2554	-24.5563	-22.2041	3.3877	23.2036	27.5567	27.1916	7.3993	16.9834	19.5672	17.2349	23.231	24.5831	6.9183	0.0723	18.4957	23.4388	21.5381	15.9445	19.2871	15.6014	15.5094	0.0104	-39.4469	13.0415	7.6938	22.057	13.3105	6.9437
18	-53.2114	-40.4219	-11.5325	13.2896	25.8771	31.1929	-45.1276	-44.1574	-13.4808	-18.2187	8.2255	21.9969	27.4246	28.0474	10.1877	21.8566	18.3816	16.1845	24.417	27.6392	3.7754	23.6231	20.6249	25.4993	19.4887	15.2422	21.5668	20.8666	16.6242	-2.0571	14.5302	20.0361	5.6978	25.2955	11.7432	4.053
19	-49.7127	-41.3125	-13.6965	11.0111	22.07	26.8042	-36.7827	-39.0498	-26.467	-22.1976	6.018	23.2376	26.1729	25.5519	4.8657	21.0072	19.1368	15.16	21.9826	26.1745	9.1857	20.4578	22.3494	24.991	16.8066	12.7639	21.6887	18.9161	16.3612	7.0774	13.4541	18.7034	6.5702	25.2539	7.0539	6.2651
