0 -7.5698 -8.2463 -8.7143 -9.6667 -8.438 18.769 17.976 17.295 15.304 18.049
1 -4.4598 -7.948 -8.6562 -9.6492 -8.5202 19.316 17.449 17.325 14.994 17.876
2 -2.118 -8.1446 -8.8149 -9.6961 -8.4024 19.139 17.869 18.062 15.004 17.867
3 -8.6945 -8.1894 -8.8149 -9.5894 -8.627 18.796 17.678 17.158 13.807 17.94
4 -6.0197 -8.3263 -9.5235 -7.6137 -9.0594 19.105 18.367 18.574 18.933 17.182
5 -7.8644 -8.2023 -8.7413 -9.714 -8.5474 18.654 18.102 17.718 14.983 18.021
6 -8.0472 -8.0208 -9.315 -8.2888 -9.0523 18.637 18.136 18.448 18.941 17.326
7 -6.8034 -8.2091 -9.1745 -9.3112 -8.8509 18.755 18.133 17.553 18.208 17.957
8 -7.652 -8.2172 -8.7237 -9.6695 -8.7702 18.743 17.99 17.288 15.286 17.961
9 -8.0758 -7.715 -8.5027 -9.6001 -8.9208 19.091 17.325 17.136 14.048 17.009
10 0.058142 -7.6102 -9.354 -9.7406 -9.5168 18.854 16.859 15.357 15.174 18.651
11 -8.1308 -8.332 -9.174 -9.7548 -7.7483 18.317 18.156 17.606 16.128 18.653
12 -6.3395 -8.014 -9.0731 -9.7243 -9.4228 18.929 17.678 17.692 16.25 19.256
