0	-35.5495	-29.8387	-13.4687	4.2547	15.3175	29.4709	-44.6786	-32.3188	-21.4932	-11.5643	6.6701	17.2553	17.726	16.465	2.1547	11.2284	15.846	14.4393	17.8585	28.124	17.9706	22.9431	20.286	19.1662	18.9584	13.7628	13.7392	8.7014	13.7312	10.5841	21.5751	5.2975	9.0755	18.798	14.3253	9.3966
1	-31.6959	-24.0731	-15.8151	2.2718	14.5759	29.0016	-43.6918	-34.8395	-22.3111	-12.036	7.4593	20.1638	17.72	13.1942	9.6497	12.7758	15.4519	15.0167	18.5499	28.6681	16.0978	20.5656	19.69	19.6054	17.3216	12.1753	13.2121	7.3668	13.2895	9.9782	18.0935	3.9541	7.8055	19.5817	15.311	13.6133
2	-35.3302	-28.0895	-15.1615	2.5062	14.6167	27.9005	-42.3865	-33.2822	-27.3788	-11.3146	8.8825	18.9257	13.4617	13.9444	5.3462	12.5874	15.5503	13.7654	17.9354	29.1177	17.2457	20.4245	20.7739	19.7083	16.9722	12.3434	13.5925	10.5488	13.5637	12.4004	18.2152	5.1346	8.2694	19.8987	15.9956	10.4798
3	-34.6894	-27.8203	-13.4011	5.6567	16.1338	28.0014	-44.5433	-37.3972	-23.664	-9.2966	7.5415	18.444	13.4849	13.1431	6.2266	13.6829	16.609	13.8741	15.7399	28.136	11.6906	21.4138	22.2337	18.126	15.2129	11.8143	14.7623	11.052	13.6971	6.738	15.856	6.4541	7.3277	19.1531	15.6408	11.3576
4	-34.2568	-28.6437	-15.5822	4.6237	13.9852	24.8685	-42.6578	-30.3337	-32.1145	-1.0203	8.2671	18.2735	14.0525	12.4566	5.6337	12.7425	14.412	12.9407	17.4561	30.4585	16.6916	18.2602	21.0226	20.5699	17.1754	12.0925	12.6309	9.4728	13.295	13.7329	17.6114	5.5021	5.2501	20.9992	15.1155	9.8052
5	-36.6643	-28.0128	-13.6027	7.9915	12.0716	26.8865	-45.6745	-38.2642	-22.6163	-7.6709	9.3448	19.722	17.0504	15.8911	4.7883	14.2404	16.0777	10.325	16.2911	29.6935	11.3503	20.3747	23.2706	18.1914	13.6077	9.2838	15.2794	11.2046	13.3003	7.347	13.6108	4.3885	8.9208	20.3098	12.2523	8.1373
6	-35.303	-21.4505	-12.2647	6.7281	16.6451	32.0258	-47.1061	-41.8919	-28.8826	-9.2699	7.8584	20.8264	20.508	18.6673	10.3926	14.6955	16.489	13.1088	18.2709	30.5814	11.6261	20.7968	20.985	19.2938	16.0105	9.9885	14.9878	12.524	11.5719	5.5594	15.0536	8.2809	4.9124	20.5189	14.1243	7.0804
7	-37.1632	-22.5032	-9.0838	6.5809	13.7082	27.6794	-45.3106	-35.7305	-32.5944	-6.7336	9.2131	19.758	18.5393	15.793	10.76	15.1173	13.3016	9.0597	15.6178	32.9884	14.5628	17.3841	21.0524	19.6564	15.5092	9.2242	13.9173	13.1818	10.7399	11.8378	14.6395	9.2797	4.6027	22.0255	14.0661	4.6575
8	-35.3648	-29.1563	-15.194	4.3017	14.411	27.8694	-43.2827	-35.9667	-24.1072	-11.4045	8.7465	18.9354	16.0993	14.2286	3.8121	12.188	15.4069	13.24	17.4894	29.2617	15.997	20.2942	21.3387	19.9081	16.0421	11.1522	13.8528	9.3687	13.4275	11.5648	17.3793	5.2779	7.7369	20.307	13.2153	10.0132
9	-35.4923	-27.276	-12.2107	3.6962	13.7068	28.0337	-40.7268	-32.5406	-25.345	-12.2289	6.9015	17.7053	18.0729	15.7234	5.8849	12.2639	13.9519	12.5998	18.2582	29.7137	20.6251	19.4397	19.273	20.5284	17.8381	10.9469	13.1791	9.8598	11.827	16.3895	18.6979	6.4005	6.6616	20.0918	13.088	7.1542
