0	24.6325	31.6243	-36.3604	-46.5847	-30.0302	-23.0683	23.2764	24.8093	3.5616	15.3104	20.6318	24.0645	2.0423	7.1571	5.3387
1	24.7697	29.8366	-44.6935	-38.1139	-9.7267	-18.2331	24.4728	26.7413	8.8267	24.3242	19.0375	26.1804	1.3054	17.6636	3.9996
2	24.8364	30.0917	-38.7793	-44.2785	-35.8556	-22.0779	18.5534	22.2173	1.7852	17.7676	21.3857	21.2788	-1.7358	6.7664	4.4523
3	21.8265	27.7759	-37.0303	-39.8684	-30.1484	-23.6469	22.667	26.1047	8.1334	19.6087	22.1095	25.064	6.4966	12.4073	7.5812
4	19.4759	26.2873	-23.1308	-43.2512	-28.7073	-21.4982	21.7913	27.805	17.1174	14.872	20.7631	26.3014	12.7936	7.8695	6.4974
5	22.0952	26.8392	-28.8411	-43.7718	-38.0203	-21.7779	22.4194	25.4914	7.3309	8.2407	18.7394	23.7005	7.0028	3.2926	8.0012
6	22.0587	28.1051	-41.9977	-46.7885	-26.3533	-19.3612	21.7015	27.7719	4.5699	17.6075	22.7589	26.3262	2.276	8.8706	5.9035
7	21.8036	28.2047	-32.2544	-45.216	-36.6823	-19.2893	20.43	26.5936	2.6107	12.8137	20.3989	25.122	5.3718	3.6051	2.8242
8	22.1362	26.7192	-36.0724	-40.2507	-32.7809	-22.4671	22.4454	25.3855	8.4985	16.1821	21.7435	24.4861	5.9004	8.0657	7.7798
9	22.6637	30.644	-36.8007	-44.7693	-27.3861	-22.2396	22.7661	24.7936	5.9843	16.0321	19.8124	24.5726	3.2742	8.7038	4.9166
10	19.4117	25.5686	-40.4789	-43.5454	-28.0191	-18.8922	18.8161	23.8593	6.6571	17.5381	23.1362	22.6836	4.1438	7.1743	6.5965
11	23.4558	30.0442	-39.4414	-46.7067	-22.7456	-19.4064	24.2424	29.3936	5.6802	19.0718	20.8674	27.8252	4.9002	10.7093	-0.2096
12	22.8382	28.6587	-49.9644	-39.9043	-9.5974	-16.547	24.662	28.0961	0.5675	24.6312	21.2938	25.9765	-8.7657	14.0625	7.8915
13	20.4199	25.4318	-37.6022	-46.3064	-32.82	-20.3495	21.1721	27.8362	5.8466	11.8847	23.063	25.8827	6.1284	3.5901	7.8724
14	18.2954	26.3778	-42.1385	-38.5427	-18.5807	-19.8051	22.8956	25.8207	9.7586	21.3749	18.8566	22.9967	3.8771	15.9269	12.4074
15	24.4602	30.3518	-50.0782	-40.0554	-6.6768	-22.5433	24.4172	27.5516	6.4402	26.2765	20.9752	26.7494	-4.4942	19.0395	6.761
16	23.7191	29.1147	-38.0486	-41.5571	-32.6908	-23.8817	21.7865	24.8749	5.6981	16.9674	22.2084	24.1641	2.2816	7.3985	5.7913
17	22.0942	29.1443	0.012	-2.2554	-24.5563	-22.2041	23.231	24.5831	6.9183	0.0723	18.4957	23.4388	0.0104	-39.4469	7.6938
18	25.8771	31.1929	-45.1276	-44.1574	-13.4808	-18.2187	24.417	27.6392	3.7754	23.6231	20.6249	25.4993	-2.0571	14.5302	5.6978
19	22.07	26.8042	-36.7827	-39.0498	-26.467	-22.1976	21.9826	26.1745	9.1857	20.4578	22.3494	24.991	7.0774	13.4541	6.5702
