0	6.481834	2.4048696	3.7599978	5.148697	4.6614785	2.7728593	5.2169886	1.7758812	5.248045	2.4100277	6.282311	3.0243824	2.9649239	6.4691186	3.27716	4.001542	5.0099926	4.696989	5.956746	6.481834	6.7057157	6.056957	5.809086	4.745453	1.7713816	6.3376265	6.9483466	2.7358112	4.5199437	2.3607032	1.7701827	3.9660144	4.470535	4.7988133	7.4688253	4.9985437	3.9614723	6.6106944	5.8102465	5.9951363	2.25346	6.6617727	4.237156	2.807841	3.4425926	2.222271	3.1523979	1.7713625	4.70808	4.9800034	3.810577	3.9552262	6.2859955	2.1209385	2.5081797	4.203186	3.2750175	3.898424	2.9375014	3.5892794	7.5647707	7.229517	5.9122925	4.7048435	4.5514145	2.4555163	2.9185798	6.6171384	3.795272	2.9810834	2.7687864	4.6606956	4.397505	5.25391	4.4462	3.0549061	4.6428933	3.8535438	4.6560555	8.085552	5.664404	2.7516813	5.0183606	3.9259224	3.8105357	2.8250697	3.4809158	7.9507565	3.3659317	4.409122	6.4370375	6.824789	6.7965264	5.2486963	5.908797	2.9932604	3.6626866	2.7036076	3.7542202	6.3184385	6.5512567	3.622327	5.740535	9.552214	8.002878	5.2928824	6.863789	6.628731
1	6.5541744	2.3488195	3.7814784	4.450105	5.000392	2.7732477	5.216098	1.7754601	5.245567	2.4065592	6.3557916	3.0233314	2.9749184	6.412473	3.2891104	4.001954	5.008506	4.8957257	6.8364153	6.5541744	6.4506607	5.9836726	5.8421283	4.7347126	1.7713506	6.3051934	6.9781675	2.613137	4.514946	2.3663669	1.7702943	3.9801433	4.6335297	4.7895107	7.2674866	4.947549	3.9659715	6.564743	5.74829	6.0249977	2.2461925	6.631668	4.1867	2.873086	3.324177	2.2632797	2.8802972	1.7740391	4.7086387	5.0021152	3.8297012	3.9140618	6.443975	2.1347027	2.5068488	4.1947613	3.3015223	3.9067354	3.1227326	3.3668604	7.499569	7.400179	6.0776005	4.795239	4.7191176	2.6547637	5.075556	5.8935366	3.7804463	3.0937803	2.8518293	4.6621094	4.4043283	5.253277	4.585658	3.0019279	4.641357	3.8591025	4.684539	8.140272	5.569126	2.7533987	5.05189	3.891184	3.8113232	2.7851093	3.4319196	8.061806	3.3599687	4.4039364	6.355011	6.91318	6.9958687	5.2481136	5.7454543	2.994336	3.6703877	2.705255	3.763958	6.357593	6.5610943	3.6262987	5.76906	9.466441	8.049629	5.289935	6.9393964	6.6137958
2	6.733031	2.3688378	3.794005	4.977218	4.6090846	2.7790546	5.214135	1.7755868	5.237055	2.408449	6.2477655	3.0209932	2.951271	6.401415	3.2691262	4.006641	5.002184	5.0039124	6.0485134	6.733031	6.532819	6.181419	6.150153	4.736658	1.7700794	6.43699	6.965337	2.626409	4.506602	2.368825	1.7704003	4.000377	4.683313	4.8081336	7.295112	5.148673	4.0713983	6.708542	5.865367	5.984644	2.2527857	6.449356	4.282502	2.9150662	3.356091	2.49784	2.8112535	1.7519467	4.712366	5.0004344	3.817524	3.8991568	6.277789	2.1064076	2.503179	4.2394633	3.3276727	3.8975902	3.8482313	3.2723565	7.1718197	7.263475	5.7814794	4.1777954	5.024195	2.770125	3.6577	6.9859962	3.7744923	3.0194511	3.0421615	4.6639886	4.412113	5.252776	5.227165	3.208257	4.6257553	3.8612323	4.620027	8.129271	5.6354313	2.7517543	4.984936	3.872222	3.790822	2.6889586	3.5740032	8.1826725	3.3181608	4.399416	6.6838284	7.0095882	7.732915	5.252675	5.7445717	2.9987633	3.6434379	2.7031498	3.7642002	6.6055317	6.56413	3.6432824	6.035783	9.639429	7.95224	5.2978845	6.7678967	6.389388
3	6.470139	2.41813	3.7555451	4.6490493	5.201101	2.7715168	5.216003	1.7742293	5.2537527	2.3991568	6.6073465	3.016488	2.9589152	6.285695	3.278178	4.00248	5.0105286	4.669276	6.904167	6.470139	6.5917373	6.0166883	5.68342	4.7651644	1.7706822	5.9245005	7.0057116	2.224204	4.5239487	2.2353745	1.7654555	3.8628159	4.3307414	4.8112307	7.4127526	4.902143	3.9473474	6.5258317	5.142233	6.1240506	2.2452621	7.557049	3.853997	2.7697685	3.1174202	2.204264	3.2409582	1.7761843	4.698931	5.000475	3.8273623	3.9821455	6.4620466	2.1625564	2.5009675	4.17847	3.2413049	3.8673944	2.972133	3.7804155	7.906951	7.135368	6.672515	5.4622884	5.626778	2.487354	4.3653927	5.9987125	3.7927625	3.0273702	2.7477188	4.6575313	4.386448	5.254206	4.294717	3.0807736	4.6118917	3.872863	4.734375	8.526411	5.726412	2.7285135	5.0960217	3.8672624	3.8126135	2.7810564	3.0718312	7.9202228	3.3771858	4.3990335	5.91119	6.804628	6.6390986	5.2511034	6.3001127	2.9952836	3.716249	2.6966562	3.790225	6.3346934	6.5187745	3.6478076	5.678637	9.685207	8.160612	5.288397	7.210392	6.705875
4	6.8752327	2.2793965	3.7697253	5.104864	4.820805	2.7750826	5.212617	1.7761998	5.279293	2.4101098	7.194064	3.0403187	3.0342104	6.5535216	3.2586577	3.8821125	5.0062323	4.67517	6.144596	6.8752327	6.7804546	6.0328	6.4966397	4.6750326	1.7546177	7.3619027	7.4450912	2.3538117	4.665851	2.4456396	1.7591864	3.9548445	4.5033283	4.969359	7.546339	4.960983	3.9409173	6.5616207	5.6908493	7.303304	3.2403471	5.5507965	4.019387	2.8505363	2.6487722	2.2692635	3.0342152	1.7623088	4.650647	4.925003	3.7889056	3.989363	6.1993785	4.7802877	2.447445	4.1984363	3.3741333	3.8137093	4.531953	3.821866	7.2782345	6.466455	6.4642143	4.135386	5.315743	2.8798776	3.3657253	6.415408	3.8336372	2.7525105	3.2021234	4.6511135	4.361177	5.255136	5.4976935	3.3334613	4.6712246	3.85792	6.710494	9.18207	5.593974	2.7196884	4.8492618	3.9830408	3.7297204	2.5567915	4.4782577	8.037915	3.3971035	4.338649	5.9902496	6.6986446	8.274466	5.251632	6.042283	3.7224803	3.6782832	2.7995956	3.7483501	4.680189	6.690586	3.159329	5.226022	10.3876295	8.896074	5.185771	8.32616	7.7507358
5	6.6297083	2.3878403	3.7808921	5.1609664	4.654464	2.7762585	5.211216	1.7744889	5.2461534	2.416338	6.2986445	3.025564	2.9537497	6.505868	3.2592747	4.0030346	5.0089555	4.8914566	6.176175	6.6297083	6.6801543	6.075752	5.9466596	4.7503905	1.7704704	6.281805	6.977785	2.6478217	4.491174	2.3633165	1.7685877	4.0025992	4.44993	4.8003383	7.4142785	5.039757	4.0016136	6.6315513	5.7342076	6.014434	2.2574334	6.7227983	4.2274604	2.7992997	3.280234	2.3410444	3.16443	1.7713821	4.721246	5.0013266	3.809887	3.94281	6.2767887	2.1020288	2.508408	4.2009706	3.3435223	3.899431	3.3000646	3.5943694	7.3524714	7.198103	5.9294434	4.4290857	4.725028	2.4470708	2.8940592	6.844768	3.7727327	2.9865148	2.9207265	4.664119	4.4271655	5.254115	4.783978	3.06593	4.6486506	3.853938	4.6275797	8.067427	5.6044292	2.7545266	5.032489	3.9031477	3.7927485	2.7428298	3.420486	8.05373	3.3538828	4.3987064	6.4460993	6.8935432	7.1966333	5.247083	5.782621	2.9911427	3.6449268	2.696203	3.7513256	6.4651012	6.579648	3.6471856	5.887198	9.575591	8.012321	5.2869945	6.8606462	6.719606
6	6.922718	2.3357778	3.7683673	5.170502	4.663208	2.7784948	5.203088	1.7761422	5.253516	2.426271	6.9935102	3.0256808	3.002678	6.756383	3.2489843	3.8716974	5.0028667	4.710422	6.027442	6.922718	6.8247695	5.964995	6.5456734	4.7519665	1.769784	7.442475	7.361223	2.3813596	4.6382837	2.5404797	1.7654376	3.9030476	4.395267	5.0644283	7.555335	4.9504137	4.022947	6.5317965	5.723047	6.8990846	3.0735037	5.6816864	3.9900274	2.804015	2.706758	2.1105459	3.2140992	1.7720209	4.6225944	5.0072975	3.799099	3.9582393	6.50019	4.8784	2.475252	4.167182	3.3017058	3.859201	4.1929235	3.7412045	7.6081867	6.741498	6.658771	4.573506	4.997218	2.5331805	2.7713861	6.732565	3.828107	2.8219204	3.2573595	4.6548157	4.3807945	5.2535563	5.320882	3.5802531	4.592084	3.8809597	6.741618	9.058972	5.953186	2.7302716	5.170514	3.8611293	3.7496138	2.4909382	4.706355	8.033508	3.344371	4.3355055	6.0627465	6.776717	8.017424	5.2536273	6.0506706	3.432495	3.6887028	2.7706676	3.7417173	4.371459	5.9947357	3.1800864	4.777235	10.164785	8.388298	5.201564	8.027488	8.579017
7	6.5932493	2.37078	3.7851253	5.1035137	4.6002584	2.7768774	5.210159	1.7761654	5.2588134	2.4594698	6.484775	3.0321121	3.7646224	5.9413605	3.2605257	4.001908	5.0075464	4.8629575	6.097677	6.5932493	6.698945	6.1029363	6.0305443	4.7655134	1.7710276	6.220184	6.529119	2.3615642	5.2573614	2.9282532	1.769041	3.9999616	4.482375	4.8125267	7.4375706	5.0886245	4.005328	6.6702204	5.593507	6.4709325	4.1627283	6.530262	4.013385	2.8303053	3.3733413	2.4761772	3.1036086	1.7505099	4.707062	4.977458	3.8042572	3.9514601	6.298573	2.1424832	2.499067	4.20579	2.7118719	3.8853521	3.4070582	3.5557146	7.4254093	7.234212	5.918624	4.5608916	4.99593	2.5265813	3.0655491	6.987275	3.792605	2.9702842	2.8879385	4.658936	4.426982	5.253377	4.875314	3.1053886	4.603228	3.8620338	4.7211137	8.133048	5.596895	2.7168183	4.939461	3.9395542	3.7849035	2.7585435	3.400021	8.056867	3.3857155	4.414925	6.4797773	6.9068456	7.2838707	5.2544026	6.1115594	3.251042	3.8204656	2.7226613	3.7597656	6.7649965	6.461685	3.3695376	6.034049	7.758045	7.291177	4.777083	8.100884	6.347623
8	6.486267	2.3940246	3.764093	5.150483	4.6496553	2.7733097	5.214366	1.7737639	5.2471156	2.4070127	6.2824526	3.0233002	2.961488	6.49476	3.271495	4.002639	5.008845	4.752557	5.993205	6.486267	6.711152	6.0740113	5.822485	4.746917	1.7713425	6.33723	6.9473834	2.6390748	4.519144	2.3678465	1.7704278	4.00191	4.4591255	4.7908187	7.461685	5.0037	3.9637377	6.615217	5.7498794	5.9787273	2.2558389	6.6489797	4.178228	2.807191	3.416709	2.2135234	3.1596997	1.7732515	4.714753	4.9754395	3.8115196	3.9565313	6.2979693	2.108819	2.5077107	4.207975	3.2864027	3.8977847	2.9716697	3.5989213	7.5265284	7.2178545	5.905218	4.7125964	4.5926385	2.4505744	2.9002652	6.70842	3.789091	2.9916465	2.7742064	4.661351	4.409266	5.2537346	4.50716	3.0649197	4.6349583	3.8553433	4.6306443	8.060475	5.6677794	2.748544	5.0202875	3.920845	3.8096597	2.823017	3.4794557	7.975857	3.3635564	4.4116144	6.426116	6.839108	6.8316083	5.2499733	5.9221725	2.9954758	3.658967	2.7024755	3.7560453	6.308037	6.5503874	3.6227858	5.72338	9.5697	7.9960117	5.293097	6.851401	6.5614576
9	6.5016003	2.3546038	3.7539477	4.6348305	5.152364	2.7796354	5.2082963	1.776211	5.2455926	2.4115024	6.5767527	3.015648	2.9602277	6.5134	3.2752905	3.9655318	5.010714	4.636602	6.857792	6.5016003	6.5972614	5.980678	5.860876	4.7344837	1.7724417	6.127486	7.028681	2.7642787	4.5203567	2.294837	1.7668062	4.011131	4.42626	4.876124	7.410118	4.915394	3.9674509	6.5324407	5.9292455	6.1090126	2.2359796	6.606043	3.6223888	2.792717	3.1566403	2.200374	3.1487534	1.7757919	4.6738043	5.002843	3.8345907	3.9611826	6.6132975	2.195818	2.5028124	4.1822724	3.2695189	3.886621	2.9684045	3.6842322	7.8529162	7.171807	6.4773755	5.204704	4.622658	2.4801807	4.549695	5.902839	3.8028626	3.0688622	2.8000095	4.649443	4.387616	5.2544527	4.336783	3.1287303	4.623393	3.8768559	4.7877817	8.27139	5.7421823	2.7538767	5.1128125	3.822836	3.8146434	2.7397628	3.2563233	7.9793067	3.365133	4.40786	6.1269913	6.8693457	6.7031617	5.250947	6.0551863	2.996541	3.7036262	2.6979551	3.8007417	6.3100595	6.524625	3.6261175	5.7114606	9.640651	8.150075	5.2854733	7.161972	6.842222
10	6.857633	2.3592157	3.826876	4.3691254	4.9184656	2.7802918	5.202291	1.7753587	4.6491528	2.411256	6.1920304	3.0296543	3.0005412	6.763073	3.2819014	4.002468	4.9385448	5.0144725	6.9069457	6.857633	6.4571905	6.1445045	6.403102	5.313173	1.7643267	5.109096	7.014079	2.4335966	4.485831	2.3316298	1.7699497	4.00505	4.7527943	4.9822392	7.1775775	6.928051	3.8757787	6.2521772	5.662184	6.100242	2.2770734	6.5199428	3.9899647	2.9379485	3.5475407	2.4700823	2.7421105	1.7750452	4.6413307	5.012806	3.8382874	3.7951527	6.573851	2.0820627	3.0463114	2.2461214	3.3484175	3.9165454	3.5519364	2.9904447	7.456613	7.6533823	5.9866505	4.5716443	4.8516173	2.8773384	5.288606	6.025711	3.7898974	3.180237	3.2316904	4.664837	4.394831	5.254651	4.8357506	3.110366	4.7019935	3.7788012	4.59813	8.081893	5.4202766	2.6942935	4.901047	4.015823	3.7912476	2.903389	3.0868173	8.1383705	3.5748937	4.1346107	5.5185328	8.058884	7.4635944	5.244796	5.4284573	2.9912016	3.6446476	2.6816585	3.7365043	6.6320953	6.605297	3.6549845	5.986329	9.460326	7.9875145	5.283966	6.8156366	6.498166
11	6.4728255	2.292001	3.7721744	5.179925	4.650722	2.7690384	5.21659	1.774883	5.267425	2.4127533	6.9547176	3.03478	3.1987774	6.575452	3.2648816	4.004811	5.008465	4.8914003	6.010403	6.4728255	6.557619	6.087773	5.815258	4.722324	1.7635517	5.834336	7.3879724	2.2269065	4.671872	2.2257502	1.7536806	3.6725056	4.3980217	4.7300596	7.361867	5.0431437	3.9514275	6.647423	5.647631	7.212047	2.413374	6.6521144	4.2222195	2.7905974	3.0876431	2.0660038	3.2370863	1.7718376	4.7372875	4.8645387	3.8111637	3.9825761	6.0048966	2.8615024	2.4972863	4.2547297	3.1135402	3.8884234	3.3605866	3.6662712	7.568111	7.098332	6.527876	4.996256	5.4249477	2.4693663	2.7188253	6.7227087	3.779367	2.9762936	2.758257	4.6638265	4.425812	5.2533245	4.860037	2.8401778	4.677103	3.836165	5.356372	8.917608	5.315135	2.704372	4.63068	3.9988506	3.7801502	2.9107752	2.9952955	8.03	3.4010422	4.441265	5.6807237	6.8579364	7.212373	5.253109	6.437704	4.324259	3.667089	2.6762044	3.6975207	5.695908	7.8898854	3.6615684	5.103002	10.552494	9.084127	5.322394	7.8891573	6.573942
12	6.508877	2.2902377	3.794173	5.1154923	4.7266073	2.7777343	5.226998	1.77589	5.2582874	2.3622675	7.043378	3.0463066	3.2358832	6.643982	3.2977116	4.013396	5.000395	4.911471	5.533728	6.508877	6.4837985	6.0243216	5.637302	4.7249813	1.7648108	5.8216105	7.4068832	2.2126727	4.6757674	2.2451046	1.7568023	4.0028744	4.4576735	4.6201525	7.2681694	4.923804	3.9583108	6.5624638	5.6068306	7.233527	2.4860034	6.7048855	3.9717607	2.8530786	3.070152	2.084605	3.0640597	1.7747439	4.7791195	4.925175	3.8242674	3.8772833	5.9604783	2.8323903	2.500695	4.2870445	3.189019	3.8584504	3.0923934	3.5042574	7.4450502	7.4559264	6.7543287	5.4143276	5.3374195	2.5169687	3.104808	6.4092226	3.7494698	3.0897346	2.8223028	4.6768517	4.407969	5.252982	5.0903277	2.706063	4.664919	3.838074	5.3330035	8.810066	5.2087502	2.7069921	4.6722994	3.9881115	3.778316	2.9183846	2.9924953	8.106386	3.3781626	4.455101	5.415496	6.8629165	6.7191277	5.2530575	6.3754425	4.3646774	3.6692176	2.6914325	3.6996367	5.5572834	7.9352503	3.6534986	4.9508243	10.423507	9.155509	5.3177996	7.9857864	6.3401394
