0 -27.651 -29.053 -28.577 -5.4689 -24.158 -23.164 -25.602 -26.017
1 -27.608 -28.303 -26.975 -9.0113 -22.846 -23.62 -30.295 -24.775
2 -26.581 -28.845 -24.619 -6.3667 -25.932 -24.618 -18.267 -25.309
3 -27.073 -29.115 -25.985 -8.9221 -24.15 -23.217 -23.079 -23.523
4 -25.449 -28.83 -28.077 -6.1318 -26.65 -25.796 -24.232 -24.328
5 -28.249 -28.107 -27.711 -10.328 -23.011 -21.663 -19.821 -27.232
6 -27.325 -28.934 -27.974 -7.5524 -24.902 -24.985 -24.71 -27.054
7 -26.546 -27.975 -26.909 -8.0162 -21.995 -21.527 -21.294 -22.81
8 -26.875 -28.772 -26.412 -9.9072 -23.496 -22.227 -21.846 -26.569
9 -25.965 -29.181 -28.248 -9.5921 -25.649 -25.193 -24.952 -22.749
10 -26.084 -29.393 -27.239 -13.231 -25.536 -25.952 -18.761 -27.861
11 -28.32 -29.165 -27.414 -7.7516 -21.595 -21.7 -29.851 -26.108
12 -23.084 -28.883 -26.899 21.963 -25.575 -25.612 19.371 -26.481
13 -27.384 -28.168 -27.351 -9.0579 -24.176 -23.7 -21.802 -25.28
14 -27.854 -31.932 -26.284 -7.7884 -17.727 -19.382 -28.777 -21.644
15 -27.548 -29.0 -26.059 -2.4914 -24.538 -24.687 -30.323 -24.494
16 -26.618 -28.764 -26.507 -6.1729 -23.595 -23.132 -23.195 -24.061
17 -28.568 -27.374 -27.817 -10.889 -20.247 -19.038 -28.72 -25.06
18 -28.555 -28.781 -27.103 -5.7176 -23.49 -23.07 -30.305 -26.294
19 -27.577 -27.94 -26.935 -6.7859 -23.664 -23.5 -26.009 -24.566
