0	-29.6329	-26.4659	-13.5069	-4.2332	8.7114	7.9124	-15.6072	-19.6878	-24.6344	-1.1433	12.7864	13.9798	13.5924	9.7873	4.2912	9.468	9.5918	9.7174	10.4058	18.0969	-8.9944	2.3899	5.1066	5.3368	4.9979	9.9784	13.8073	11.4702	13.5313	16.7771	1.2078	14.7037	11.5733	15.4972	0.8282	7.2639
1	-28.0967	-26.2867	-10.0383	-1.3767	8.8702	13.0288	-7.9274	-13.134	-22.638	-8.8765	10.2817	7.9943	16.0601	13.2354	12.233	13.9848	11.7849	13.1481	14.9468	18.2765	-1.927	4.2873	3.013	10.2975	10.9691	13.0458	13.4577	13.559	13.4446	17.4094	5.6261	14.9858	14.3394	15.0961	3.792	7.342
2	-29.0112	-25.5421	-11.329	-6.5977	7.3482	9.9844	-12.8289	-17.3421	-18.7113	-2.6168	9.9059	7.01	14.3749	13.5681	6.6815	13.5728	9.3628	12.2141	15.2741	19.4748	-3.3409	4.9811	5.8563	10.2533	10.0149	11.9178	13.359	14.8126	13.2868	18.2699	5.3875	14.9418	13.0605	16.8304	4.7321	-3.0412
3	-26.881	-25.3133	-10.6669	0.4505	12.6177	6.0302	-14.6835	-19.9444	-18.3303	-2.2049	7.9578	9.2656	14.9256	16.5347	6.3425	11.498	12.5761	13.666	10.4317	15.4511	-6.4886	6.8087	6.3175	4.6987	8.7241	14.242	14.3465	12.5582	14.0879	13.1156	4.0818	11.1705	15.906	11.3408	5.7346	5.9779
4	-27.094	-21.1701	-8.4047	0.8461	11.198	7.0922	-10.4779	-13.5805	-17.6698	-6.1144	5.7699	5.7379	13.0684	11.8176	5.2696	10.91	12.1987	11.8062	9.9282	13.9409	-3.6591	6.237	6.0396	6.6759	8.2351	12.079	13.1717	10.9803	12.1158	12.5471	4.2115	10.2386	13.5903	11.6869	4.8144	5.7938
5	-25.397	-22.5835	-6.6457	2.0313	13.3388	11.0004	-11.051	-16.8983	-20.763	-5.0519	9.7732	12.1786	16.7557	14.8026	12.6701	13.0977	7.626	11.293	14.1371	18.6302	-7.209	3.6118	3.1816	8.46	8.5314	11.4754	11.2063	12.6363	10.0812	16.8078	3.0903	13.7239	13.1465	14.5456	3.9314	6.5158
6	-22.3089	-22.848	-7.6331	0.6864	10.5291	9.4041	-9.5255	-10.1608	-14.96	-9.7374	4.3083	6.0989	15.5504	10.0331	11.9452	12.6792	11.4882	13.703	14.7329	16.47	0.1819	7.3615	6.1728	9.7514	11.9275	14.4517	12.4676	11.8456	11.3102	15.0993	9.2532	12.2154	14.4959	13.316	7.5816	11.5254
7	-29.1035	-23.9854	-9.3571	-1.5063	11.3614	8.6624	-13.3953	-15.6517	-25.6382	-3.9755	11.5816	11.2405	15.4935	12.8545	7.752	11.1898	8.8786	10.9771	12.3415	17.6078	-7.2083	0.5247	1.6285	6.5594	7.5853	12.0806	12.6728	11.1896	11.814	15.9059	2.2955	13.9823	12.8807	14.3136	1.1802	5.9427
8	-30.4882	-27.2227	-13.7127	-4.7727	9.0467	9.1735	-18.3806	-19.9935	-23.7481	-1.2225	13.873	11.2566	16.9486	11.6792	11.4474	12.4595	9.8501	11.709	14.9164	20.1924	-7.2133	4.4733	6.643	5.4554	8.5775	12.138	12.6922	12.5302	11.7365	17.7363	2.7893	14.8677	12.9572	16.2946	2.7991	8.7698
9	-25.9973	-20.2136	-6.9019	-0.3972	8.5899	10.0106	-4.8914	-11.2104	-20.7167	-6.786	6.7081	11.4335	14.7183	10.131	11.8419	13.6328	6.7451	9.9238	13.3959	16.8191	-4.2787	0.411	0.8501	10.6627	7.5635	9.6713	11.1238	12.5434	10.1883	13.9763	4.6496	14.2349	11.7129	15.3301	1.0969	6.4866
10	-33.3032	-32.5298	-17.3453	-5.8971	8.9496	6.4591	-20.8095	-21.3042	-29.8191	-0.6255	17.1313	16.464	14.1249	13.2755	-2.0777	5.5542	11.5965	11.4711	12.6816	20.2363	-11.1147	1.4404	4.8174	5.1727	5.5068	11.8008	15.0979	13.2629	14.551	12.1539	0.8329	15.7333	13.2074	15.8402	3.2666	5.6442
11	-24.1827	-24.5533	-9.2947	-0.0213	10.0538	12.9072	-8.5503	-15.9739	-20.4139	-4.6722	11.0785	11.0464	16.8143	14.3498	12.6677	13.0381	6.9084	10.3938	15.4907	20.0752	-4.3641	2.8958	4.7816	11.1189	10.0563	12.0303	10.6174	12.3556	9.9471	18.956	4.9491	15.0477	11.9243	16.335	2.7328	2.8975
12	-29.2544	-22.6277	-7.0094	-0.0122	11.3692	11.1357	-7.2891	-14.4667	-22.5787	-4.8999	10.1557	11.1777	15.9241	15.3416	13.1381	16.3062	8.4537	11.5863	12.2376	17.733	-6.0787	2.8663	1.5298	9.833	8.8387	12.2505	12.8475	14.4316	13.5731	13.7613	3.8617	16.7332	14.1008	15.5481	2.0377	3.2589
13	-23.0274	-22.8856	-6.3285	0.6962	13.4619	9.4621	-8.7775	-14.3831	-24.0516	-9.5915	7.2691	13.2208	18.4416	16.3464	11.6745	12.9545	8.6774	13.5643	14.2263	17.6347	-5.7377	2.0538	0.876	8.2061	9.9064	13.6994	11.5648	12.7497	11.0079	12.241	4.8028	12.7961	14.8427	13.5029	3.9776	6.288
14	-27.6295	-23.8168	-7.4235	-2.0713	11.2381	9.1626	-7.8353	-14.5483	-18.3336	-5.025	8.677	9.0731	16.4461	14.2541	9.5115	11.6106	10.8518	13.0122	15.2835	18.272	-2.4275	4.6585	4.8775	8.7967	11.2498	14.0422	11.5414	9.8903	10.7203	16.6406	5.4063	11.9223	13.9447	13.6005	6.55	8.0012
15	-29.2243	-28.1292	-10.0477	2.5432	13.3931	9.2621	-12.2634	-18.8024	-27.4603	-2.175	11.4884	11.0981	16.295	13.7337	11.1931	16.1045	12.1769	11.9606	9.6841	16.5438	-9.1582	2.3076	1.6227	5.8528	6.586	11.014	14.9845	15.6499	14.5858	15.4061	0.8431	14.5419	14.8584	13.2553	1.0366	5.6665
16	-30.8684	-28.1746	-9.2861	0.7472	9.8167	13.4322	-14.1692	-17.3788	-22.9267	-3.5664	9.4189	9.5485	13.9642	15.1611	-0.0131	12.1998	11.9411	12.5001	12.6789	18.0055	-5.8356	5.5837	6.3243	8.3228	8.2195	13.0404	17.5795	14.8353	16.0844	17.441	3.7339	17.3839	15.0329	16.6705	2.5141	6.9988
17	-27.1009	-22.6281	-6.3338	2.2947	11.5038	8.9378	-7.8346	-14.3445	-17.1689	-6.0926	5.7579	7.6332	13.8814	12.961	6.2751	12.801	10.898	12.0149	10.3061	14.6951	-3.3256	4.7909	3.9448	7.1697	9.9143	14.0155	14.5686	12.9516	12.7624	13.9126	5.0196	13.1888	14.4244	12.9116	4.8526	6.2875
18	-29.6027	-25.9338	-8.9023	0.9936	12.3872	10.8137	-6.736	-17.0074	-25.3856	-6.4533	10.6633	10.731	15.6853	16.1142	9.5468	14.3678	11.5258	12.7764	13.1474	16.8523	-7.2166	2.0548	0.2244	8.7496	8.369	12.4658	14.4713	14.0209	12.9176	15.764	1.4838	14.7943	15.0774	14.0024	4.4064	4.8677
19	-26.8952	-20.3655	-4.8139	2.7519	12.1937	12.9039	-3.5735	-11.7058	-18.7146	-9.4171	4.9672	10.9607	17.0962	15.805	12.1306	12.8411	7.1693	10.0514	15.7304	19.5841	0.6013	2.08	1.3234	12.3119	11.0885	9.4539	8.9968	12.7175	8.7036	18.5189	5.4728	14.5339	11.5632	17.0867	3.8326	-0.2262
