0 -7.9466 -7.7714 -8.3042 -8.6403 -8.6303 -8.3009 17.82 17.919 17.655 17.267 17.408 18.183
1 -8.167 -8.565 -8.0267 -8.6704 -8.5815 -8.8626 17.951 17.754 16.892 16.549 17.739 16.987
2 -7.9788 -8.1479 -8.3227 -8.4808 -8.4102 -8.43 18.921 18.23 17.585 17.143 18.714 18.039
3 -7.9357 -8.0253 -7.788 -8.5733 -8.6021 -8.2882 17.803 18.306 16.96 17.314 17.617 17.11
4 -7.9183 -7.6267 -7.8128 -8.1087 -8.7551 -8.3342 19.068 17.883 17.425 17.247 17.677 17.911
5 -7.9265 -7.6947 -8.321 -8.9517 -8.8427 -8.3323 17.574 18.342 17.358 16.036 18.052 17.253
6 -7.9333 -8.1516 -7.9897 -8.7232 -8.4921 -8.5585 18.043 17.628 17.412 18.297 17.176 17.41
7 -7.8782 -8.1696 -7.9251 -8.6082 -8.4036 -8.306 18.547 19.047 16.904 17.112 18.005 17.876
8 -7.8765 -7.8401 -8.1301 -8.106 -8.4643 -8.6355 17.549 17.673 17.384 17.763 18.333 16.44
9 -7.9658 -7.9202 -8.3389 -8.5561 -8.5358 -8.3112 18.935 18.025 17.518 17.175 17.153 17.097
10 -7.8759 -7.9167 -8.3726 -8.5155 -8.2906 -8.7328 18.439 18.04 17.536 17.095 17.484 17.207
11 -8.0665 -8.2787 -8.0502 -8.5887 -8.4881 -8.6841 16.805 17.591 17.448 16.129 17.89 17.169
12 -7.8808 -8.2473 -8.1118 -8.5906 -8.2351 -8.4777 18.473 18.681 16.827 16.995 18.494 17.14
13 -7.709 -7.7929 -8.5742 -8.152 -8.6663 -8.2081 18.473 18.564 18.21 17.768 17.967 17.383
14 -7.806 -8.4949 -8.3339 -8.3908 -8.1421 -8.3763 17.697 16.958 17.575 17.265 17.474 17.803
15 -8.0355 -8.4715 -8.09 -8.5631 -8.3618 -8.1835 18.038 17.521 17.415 17.216 17.533 17.936
16 -7.823 -7.7523 -8.3034 -8.17 -8.7584 -8.3796 17.704 18.048 17.342 17.317 18.223 17.849
17 -7.9085 -8.3035 18.327 -8.0787 -8.3929 -8.8517 18.932 19.136 15.108 -2.4821 16.92 16.8
18 -7.9749 -8.3302 -8.0005 -8.6679 -8.3171 -8.5141 17.875 17.617 17.408 16.806 17.218 18.08
19 -7.8234 -8.0306 -8.2662 -8.7265 -8.4854 -8.3155 18.453 18.348 17.375 17.084 17.476 17.824
