0	5.714409	2.62701	5.1690836	5.0152617	6.1902065	3.6051168	4.4978886	5.024691	2.601675	5.024971	1.5954227	5.0508585	2.2967877	6.483097	2.837688	3.5468206	5.3235364	3.2224584	4.030143	6.0325217	5.2333813	2.8602111	6.1733665	4.651514	7.397685	5.714409	6.5442367	6.450554	6.3914304	4.570152	1.5964088	5.775208	6.8038936	3.579879	5.053754	2.9484596	1.5964	4.055999	4.6436486	3.134816	4.272795	4.554222	7.344001	5.589394	3.6431775	7.059092	6.6371155	6.1914463	4.0945096	6.6650534	4.3357472	3.4611127	2.6097405	3.800695	4.3402805	3.1874952	3.5972214	2.3193355	4.5065665	2.619463	3.9536989	2.3207824	3.1853032	1.5956755	4.773247	4.8998017	3.6008716	3.7886229	6.3100953	2.179774	2.3443635	4.093218	2.8962657	4.5707135	2.2828386	1.697509	4.5394344	2.4159381	4.914657	3.5625136	4.0860825	4.4001412	3.6036139	3.8027744	3.8957014	6.6092844	7.954126	8.682293	7.523641	6.3857203	5.1630588	4.6146913	3.0184436	4.3478036	6.338982	3.5675616	3.144797	2.1863904	4.549784	4.2631574	5.141243	4.1071634	3.5865126	4.72104	3.6006448	4.5512652	9.252666	5.9128957	2.5877872	4.6856275	3.961969	3.5980744	2.9907746	2.9173877	7.8932285	3.2780254	4.185456	6.182068	6.9361663	7.0378647	5.1409035	7.477911	3.3157194	3.6152663	2.5952477	3.6020937	6.3941402	6.0139217	3.2710786	5.5532236	7.743387	6.40136	4.532624	7.498842	6.8185396
1	5.8751464	2.2570338	5.1816015	5.0408115	6.1587677	3.6170337	4.5288534	5.0574646	2.6073182	5.0823636	1.5953372	5.050058	2.2910092	6.7079835	2.8338842	3.552308	5.269332	3.2964456	3.9926043	5.8146734	5.2013426	2.7393153	6.000276	4.522638	7.106871	5.8751464	6.748345	5.9674644	5.614948	4.517704	1.5949417	5.7279277	6.935652	3.8991866	5.06175	2.9719224	1.596052	3.9529622	4.5455413	3.0600586	4.18611	4.5956745	7.449828	4.7385554	3.4786117	6.294103	6.5638313	6.437798	4.147801	7.2373734	3.9304671	3.480341	2.5990083	3.751865	4.1809444	3.2085373	3.5967827	2.3185265	4.5341763	2.597376	4.518486	2.7521353	3.2367902	1.5956156	4.761355	4.5867167	3.6419072	3.7378855	5.923395	2.3108761	2.3126838	4.0583873	2.8690603	4.656891	2.3189728	1.6976047	4.5386596	2.4159167	4.9570684	3.5206687	4.0515113	4.389877	3.627585	3.237872	3.862214	6.2570863	7.6265945	8.940308	7.804037	6.7623477	5.129466	4.7716336	2.8790545	4.2017593	6.049681	3.575385	3.2161975	2.3741908	4.623903	4.236789	5.1410728	4.4136662	2.9858468	4.7242084	3.5988305	4.694913	9.937695	5.4717894	2.5907998	4.6760216	3.9718876	3.6107388	3.023138	2.8429034	7.721854	3.3134506	4.172767	6.728895	6.439016	6.627928	5.141386	7.6453285	3.555454	3.6224792	2.5938306	3.5989213	6.7435513	6.2796636	3.2471082	6.1187816	7.622632	6.7111235	4.5558233	7.7966375	6.7457466
2	5.707141	2.6626673	5.1583834	5.0099463	6.3348284	3.6069582	4.5071306	5.028608	2.6044078	5.0298448	1.5952951	5.0540934	2.3138542	6.506547	2.8672433	3.576336	5.5443	3.2268796	4.011007	5.996146	5.2708654	2.8690162	6.1561584	4.7451563	7.4754276	5.707141	6.5326853	6.3558397	6.3248057	4.5642724	1.5950025	5.7252026	6.703451	3.5694444	5.030074	2.9526522	1.5961355	4.0693083	4.6348248	3.2717454	4.2651052	4.59577	7.330063	5.494378	3.637659	6.977358	6.655879	6.403739	4.2589664	6.4585834	4.277841	3.4439847	2.6075408	3.8504748	4.3632917	3.1062975	3.5973253	2.3195775	4.536749	2.6022902	3.8692272	2.1784487	3.1703303	1.5956794	4.7583046	4.9253073	3.6013918	3.784387	6.306093	2.1685824	2.340128	4.09045	2.9278567	4.649076	2.3957093	1.6977674	4.539456	2.415771	4.9677024	3.7486985	4.224624	4.524329	3.6045635	3.7550297	3.9018106	6.6690407	8.08021	8.664522	7.391466	6.363536	5.111085	4.4584165	2.9935563	4.3761845	6.4340477	3.576758	3.1079066	2.1864507	4.558999	4.2434244	5.141175	3.8374157	3.5726879	4.701351	3.6127613	4.5516267	9.043847	5.932499	2.5964043	4.7518477	3.9212446	3.6106207	2.9651551	2.8607812	7.787123	3.2794383	4.185693	6.200623	6.8402414	6.993166	5.1411633	7.022172	3.285729	3.5949798	2.6070783	3.5677423	6.340504	6.163495	3.1665769	5.6246023	8.019274	6.92367	4.5428853	7.854829	6.61862
3	5.9772377	2.4093447	5.171435	5.047805	6.206235	3.5881686	4.4995584	5.023353	2.6101522	5.0220804	1.5954994	5.0286264	2.2941844	6.6119676	2.8271394	3.5703256	5.4989295	3.2456543	3.9721537	6.0488515	5.2183795	2.916553	6.077807	4.600709	7.351966	5.9772377	6.649642	6.0959005	5.6582093	4.531231	1.5958133	5.7199864	6.7886567	3.5569987	5.040653	2.9140978	1.5953661	4.042515	4.6987157	3.1947155	4.243778	4.6270595	7.4264674	4.924478	3.6318798	6.4296646	6.6521173	6.4286213	4.1188874	6.6716914	4.0959573	3.4650466	2.6089396	3.7846062	4.384552	3.203423	3.597686	2.31848	4.5738215	2.611668	4.020733	2.3378472	3.169359	1.5961629	4.752922	4.7309537	3.6035683	3.699864	5.931492	2.0931704	2.3516219	4.042086	2.9521713	4.65325	2.3175948	1.6979635	4.538634	2.4159808	5.050233	3.6496603	4.112769	4.524409	3.6194537	3.6286023	3.8631606	6.5788484	7.9570475	8.481344	7.552624	6.404731	5.1767945	4.637434	2.8882513	4.327973	6.306448	3.5799422	3.1277516	2.4810045	4.5284185	4.212254	5.140476	4.1514893	3.1513288	4.7013445	3.613443	4.520176	9.239338	5.6525855	2.591076	4.7499723	3.925396	3.591311	2.919258	2.8715923	7.726242	3.2687054	4.186452	6.3522983	6.5923004	6.9317894	5.1408453	7.2952747	3.4253697	3.5938945	2.5944724	3.581898	6.4264936	6.3625736	3.2449436	5.6516833	7.800116	6.9747233	4.562044	7.9186053	6.6687355
4	3.972733	3.6163645	5.1713066	5.003171	6.3701196	3.5942206	4.488698	4.996336	2.6181962	4.500465	1.5950805	5.0298414	2.3042939	6.579815	2.8272378	3.5701683	5.4229164	3.2112322	2.6444817	6.019525	5.234895	2.7932143	9.870861	9.292694	12.506575	3.972733	4.942053	6.1371098	8.608824	4.5674915	1.5950494	5.700152	6.81668	3.5349703	5.0352283	2.9215012	1.5961964	4.039741	4.5953126	3.301371	4.2703123	6.301339	5.157794	5.2157536	3.7917662	6.7472844	6.669092	6.35891	4.089158	6.521491	4.2479525	3.4644508	2.6148267	3.7999334	4.3439026	3.079227	3.5977783	2.318435	4.5263143	2.624176	3.8469841	2.354324	3.160745	1.5957677	5.625085	5.2887006	3.6299944	6.80029	6.2341433	2.1192126	2.3628438	4.16091	2.9035692	4.781826	2.4504476	1.6977848	4.539074	2.4166183	5.0668697	3.794808	4.2377415	4.5831494	3.624032	3.9797041	3.830924	6.5269094	7.935951	7.6986737	8.427517	6.511219	5.235911	4.631096	2.9045355	4.28227	11.638767	2.906214	4.320764	1.9841752	5.033435	5.901184	5.1403546	3.3175955	6.4028125	4.7118306	3.606284	4.5531025	9.167586	7.6747184	2.6091216	4.740156	3.9223802	3.6115446	3.0217588	2.8836963	4.711522	3.2435381	4.248997	6.1830115	4.998292	7.3551226	5.14098	8.975422	3.3433294	3.6050594	2.596555	3.5898733	6.4415	6.1515336	3.239306	5.650425	10.611125	6.7020273	4.5433526	7.7157087	6.8551974
5	6.3924475	3.2658591	5.184211	5.0067716	6.105653	3.5745597	4.4973707	4.9936705	2.6013622	5.0537114	1.5957035	4.538287	2.330065	6.3422003	2.8437548	3.5560834	5.776565	3.2490087	3.8966994	5.758007	5.1886654	2.7202845	6.1403084	4.425489	7.3294773	6.3924475	6.9387693	6.5423326	6.2820654	5.0120344	1.595923	4.7844152	6.8938465	3.3083656	5.0362043	2.9727364	1.5955199	4.0385313	4.5463676	3.138982	4.2741723	4.7873874	7.589823	7.1672335	4.2048807	6.7235656	6.5112705	6.322502	4.2022333	6.4748693	4.279299	3.4849584	2.6128058	3.735601	4.1005564	3.2091749	3.5965014	2.3189237	4.477871	2.622398	3.7789354	2.2452455	3.1381395	1.5959824	4.692855	5.4145184	3.614863	3.6279788	5.571357	2.3200305	2.812827	2.791544	2.9823148	4.816308	2.5146315	1.6972481	4.539669	2.4160914	4.820881	3.4941788	3.9916518	4.3436875	3.6250033	4.3940425	3.8319924	6.1314945	7.5061207	8.792611	7.6406054	6.518218	5.2493525	4.4829044	2.8747478	4.3022137	6.237994	3.6187143	2.9647925	3.0520663	4.5347805	4.2062	5.141033	4.0424056	3.5286698	4.762098	3.5739207	4.6022296	8.939703	5.8399057	2.5676107	4.5448303	4.0305653	3.6372745	3.1680484	2.6455786	7.5534096	3.274573	4.204124	5.277388	7.6547832	7.703151	5.141435	7.5073533	2.9785576	3.592951	2.5919838	3.616838	6.3658357	5.6689377	3.2189288	5.503437	7.7294116	6.2694955	4.5018406	7.327589	7.02722
6	5.7166452	2.599758	5.1705008	4.999905	6.213051	3.610326	4.5186243	5.038848	2.614853	5.0388327	1.5963179	5.034733	2.2927222	6.469819	2.8373637	3.536807	5.4404964	3.2456698	4.020171	5.9219546	5.2351894	2.796773	6.0993013	4.60098	7.352887	5.7166452	6.560662	6.2573137	6.0914164	4.539619	1.5952795	5.841442	6.823904	3.5833933	5.037426	2.9567294	1.5959485	4.0226517	4.589759	3.1392808	4.243845	4.567357	7.3540754	5.3885484	3.712298	6.886046	6.631456	6.1915245	4.0989375	6.7367315	4.18513	3.46317	2.6102738	3.799749	4.272625	3.17056	3.5975375	2.318886	4.478822	2.6132371	3.9770021	2.3162408	3.2211802	1.595031	4.773878	4.85028	3.6072683	3.8126361	6.123317	2.1797302	2.3445072	4.199717	2.9331377	4.5710073	2.254344	1.6972997	4.539274	2.4162958	4.9858007	3.5487337	4.0973577	4.440536	3.606051	3.6805925	3.9095864	6.575113	7.9553723	8.590834	7.464445	6.2821207	5.059571	4.7516823	2.983543	4.2742424	6.305829	3.5675166	3.1795697	2.2118015	4.583798	4.252976	5.1413565	4.1144285	3.4184818	4.7282343	3.595838	4.542976	9.351366	5.788973	2.5924788	4.666092	3.9856863	3.5846064	2.9696143	2.934501	7.725017	3.206221	4.2026863	6.310417	6.7953405	6.9789386	5.1408725	7.452571	3.3225086	3.6069405	2.5979946	3.5957212	6.400762	6.0676994	3.2688136	5.5123177	7.6076035	6.420453	4.5012035	7.520613	6.760604
7	5.966273	2.4683182	5.161723	4.9935136	6.2969403	3.5755455	4.5191927	5.01616	2.6149368	5.015655	1.5954894	5.0442924	2.3016217	6.630178	2.8571346	3.5656815	5.420692	3.2448375	3.974323	6.074488	5.2627363	2.8436482	6.219898	4.6117907	7.3367815	5.966273	6.75088	6.0233264	5.5947595	4.5454507	1.5954592	5.7669125	6.767039	3.7090108	5.000367	2.90784	1.5953245	4.0231857	4.621221	3.2576382	4.247404	4.648699	7.5104656	4.849439	3.6361995	6.3685565	6.7747025	6.37573	4.1412487	6.5993443	4.1757193	3.449888	2.6168413	3.8384054	4.316211	3.1297243	3.5965478	2.3188763	4.4872155	2.6075788	4.0435658	2.2759051	3.1015463	1.5964991	4.7452455	4.763643	3.6002445	3.6551638	5.879381	2.1734784	2.3449054	4.0520735	2.9205093	4.786996	2.554402	1.6975433	4.53934	2.4161227	4.8382196	3.6530447	4.179039	4.4512844	3.6039379	3.7595253	3.9146469	6.638098	8.011878	8.563409	7.565528	6.47925	5.19284	4.539687	2.915545	4.409467	6.2263184	3.5851264	3.1019664	2.4889424	4.5047364	4.201267	5.140405	4.046997	3.124127	4.6888504	3.6210842	4.5756583	9.306088	5.6462235	2.59518	4.7890778	3.906918	3.6136296	2.9271708	2.9135165	7.6369243	3.2837186	4.188044	6.3969507	6.495895	7.0047135	5.1419306	7.349783	3.4419262	3.5964756	2.5993955	3.5613909	6.4173365	6.303778	3.204362	5.6810856	7.690952	6.8972273	4.503577	7.873039	6.793204
8	6.0860972	2.767236	5.1721377	5.039729	6.132251	3.6135302	4.514118	5.023591	2.6108527	5.051194	1.5963191	5.0145884	2.3200397	6.6623507	2.8573549	3.571486	5.663696	3.2572632	3.9506536	5.8538556	5.218778	2.855626	6.1638684	4.5866017	7.370543	6.0860972	6.734727	6.0807652	5.995867	4.537065	1.595403	5.749888	6.713175	3.3683076	5.009241	2.9293828	1.5953312	4.030779	4.6427917	3.0909076	4.2577925	4.6971507	7.4701347	5.119377	3.821765	6.629486	6.458897	6.319009	4.2026224	6.5891924	4.098743	3.4658134	2.6074317	3.7823582	4.218418	3.2261844	3.596199	2.3194005	4.5479736	2.6212883	3.8343554	2.2251008	3.1914666	1.5965984	4.725696	5.0551744	3.6072931	3.6704774	5.971561	2.1857843	2.353677	4.1797585	2.9296148	4.6436367	2.3106115	1.6975138	4.539045	2.41511	4.980967	3.5400078	4.0417733	4.4391594	3.6141782	4.1079764	3.8713386	6.3259196	7.7155085	8.721613	7.6070776	6.686782	5.2713137	4.5519295	2.9715536	4.2920933	6.297639	3.5978036	3.0524988	2.6202712	4.542265	4.2256365	5.1410666	4.2270355	3.4397783	4.6780868	3.627372	4.5671396	9.098049	5.8924527	2.609711	4.845194	3.8613658	3.5970304	2.9009023	2.887681	7.6105547	3.1986651	4.240572	6.3279047	6.578926	7.442855	5.140946	7.216194	3.3685758	3.5947194	2.6039407	3.5736551	6.375012	6.180701	3.186731	5.6293654	7.887265	6.8567057	4.508931	7.846757	6.942647
9	5.718441	2.5940943	5.1626673	4.9848	6.3737326	3.5917475	4.4770455	5.0136395	2.6040125	5.029841	1.5959339	5.0572634	2.2868683	6.572278	2.8321173	3.5399613	5.339169	3.229387	4.0447345	6.07368	5.2643924	2.8217144	6.2098527	4.687455	7.410077	5.718441	6.568131	6.4367266	6.349526	4.5764713	1.595772	5.7232027	6.8406415	3.5549614	5.058031	2.9539685	1.5964005	4.039063	4.602454	3.1942704	4.2643986	4.5348473	7.35918	5.5749125	3.652121	7.045143	6.5653353	6.256014	4.1025505	6.7747397	4.108856	3.4511268	2.6141477	3.8386786	4.3720403	3.0859814	3.5967162	2.3191106	4.486663	2.6130965	3.950791	2.3470335	3.1787524	1.5960091	4.780199	4.880334	3.6027286	3.7601635	6.3065195	2.1229298	2.345889	4.1074076	2.930935	4.609622	2.3442485	1.6968818	4.538975	2.4157746	4.9188423	3.7122676	4.242678	4.4416313	3.6026108	3.7957618	3.905698	6.5828333	7.9468484	8.609524	7.5729933	6.4012365	5.1850276	4.6186	2.9794412	4.337985	6.3497467	3.5630803	3.1625867	2.187314	4.552692	4.262911	5.1407313	4.1831613	3.5231094	4.7224183	3.5989165	4.517409	9.275148	5.8499346	2.593091	4.687203	3.961164	3.6077147	3.0146086	2.8700778	7.9321375	3.286397	4.196381	6.1639028	6.963815	7.0289187	5.141634	7.4642973	3.4164248	3.6123958	2.5916371	3.605603	6.4041653	6.1412706	3.2790515	5.541872	7.770258	6.505413	4.5356746	7.607933	6.8216796
10	5.722594	2.6363893	5.1452613	4.9994044	6.347503	3.5955467	4.463546	5.0112267	2.6031005	5.030503	1.5954628	5.053321	2.2910464	6.431498	2.826347	3.5597088	5.438133	3.2335205	4.0761456	6.1204586	5.29385	2.9582288	6.2799625	4.761739	7.5027895	5.722594	6.5463266	6.3940315	6.1587553	4.5743256	1.5959046	5.7124243	6.746692	3.7936554	5.02442	2.9414322	1.5956881	4.040991	4.701328	3.2771347	4.258338	4.4778037	7.367481	5.553771	3.666428	7.021249	6.849478	6.255651	4.176038	6.5037766	4.0171423	3.4250565	2.6056507	3.8864884	4.416457	3.131877	3.5976985	2.3185067	4.508217	2.6137824	3.8647184	2.2393618	3.1721737	1.5956635	4.8010798	4.907455	3.602017	3.786264	6.2796154	2.1439133	2.3490968	4.0994005	2.9565468	4.6221733	2.3500085	1.6981913	4.5390806	2.4163713	5.0592713	3.7211678	4.2457047	4.5984674	3.5983548	3.7610402	3.9169323	6.8713803	8.284621	8.383672	7.5610538	6.328909	5.111884	4.498386	3.003532	4.358748	6.4509716	3.548888	3.2108533	2.1943877	4.563611	4.281288	5.141204	4.0321465	3.3218958	4.718484	3.6014347	4.519328	9.148006	5.6479187	2.5945992	4.699901	3.952181	3.6066594	3.0053596	2.865347	7.930173	3.2893918	4.205232	6.1437173	6.985865	7.0050054	5.1407104	6.9233284	3.1789017	3.6040082	2.605019	3.594717	6.371741	6.0162153	3.2187476	5.554019	7.548503	6.6014395	4.5210986	7.6026087	6.7062626
11	5.701842	2.2722805	5.176491	5.0595026	6.0727377	3.6134722	4.515993	5.0454097	2.6123405	5.0421104	1.5950744	5.068527	2.3012338	6.641454	2.8396297	3.5556226	5.384791	3.2512403	4.0409517	6.011465	5.2177815	2.8545525	6.0727615	4.698915	7.281985	5.701842	6.485154	6.0388703	5.7020187	4.5363803	1.5959685	5.6058116	6.9528623	3.791468	5.0064917	2.9638395	1.59563	4.0092726	4.636081	2.9898777	4.2026463	4.530426	7.2853966	4.944886	3.4411807	6.4998617	6.5016837	6.466739	4.1689506	7.2216215	4.080187	3.473034	2.6111176	3.7761922	4.281584	3.2623007	3.5968924	2.3187578	4.5505548	2.6103065	4.4767513	2.7394323	3.230727	1.5953193	4.786057	4.582573	3.605397	3.8116958	6.098254	2.3483675	2.30344	4.0926304	2.8967426	4.6806436	2.3269343	1.6975534	4.539158	2.415997	4.972744	3.4154537	3.9902549	4.4008303	3.62834	3.3529038	3.8474975	6.2056665	7.521875	9.069663	7.804653	6.917694	5.261342	4.646489	2.8782163	4.21086	6.2436666	3.5581925	3.2044816	2.1547887	4.5871563	4.2698407	5.141158	4.2131014	3.0104394	4.7390103	3.5885205	4.71036	9.812451	5.461039	2.590858	4.632339	3.987296	3.6318922	3.1204712	2.7294528	7.753559	3.3303494	4.172694	6.4848094	6.571926	6.7009993	5.141099	7.519236	3.4188044	3.6083274	2.59428	3.5767257	6.766279	6.134001	3.1973803	6.131424	7.587815	6.6275654	4.4859796	7.7027016	6.7877555
12	5.890777	2.3597946	5.1697617	5.0106897	6.2472525	3.585409	4.50367	5.0175433	2.6077423	5.0290484	1.5949363	5.0535727	2.3074224	6.69331	2.8695476	3.573287	4.791342	3.2581115	3.9932065	6.110287	5.2339263	2.815289	5.9857073	4.5246444	7.0095406	5.890777	6.776659	6.0047717	5.621361	4.537361	1.5950148	5.768106	6.933246	4.5371175	5.0004535	2.9230428	1.5963557	3.9437377	4.6097	3.3564057	4.24889	4.613665	7.4619455	4.799729	3.5312924	6.3460827	7.4861736	6.4658585	4.171723	6.2835307	4.1728315	3.462602	2.6141012	3.7997093	4.436039	3.142129	3.596919	2.319136	4.5302935	2.609963	4.483928	2.6394536	3.145347	1.5962839	4.7536144	4.6450005	3.6109042	3.7051508	5.8663893	2.5698326	2.321448	4.070698	2.802985	4.6974616	2.372491	1.6972265	4.5391455	2.4156902	5.13305	3.6851296	4.1338096	4.6379266	3.6119473	3.3670878	3.900383	7.0328336	8.427136	9.162426	7.6962466	7.0511746	5.269196	4.507161	2.895706	4.3431554	5.9285855	3.5789287	3.1283612	2.3871865	4.5487947	4.1899548	5.1412706	4.2334127	3.0791113	4.7150903	3.6035466	4.9057307	10.128631	5.5836954	2.593002	4.708108	3.9532328	3.6044517	2.9814744	2.9166505	7.655797	3.2953384	4.1668596	6.6885376	6.433988	6.7219853	5.1404133	7.6598096	3.4396	3.6273518	2.6008716	3.56799	6.7435493	6.0678453	3.149796	6.197658	7.780079	6.6981497	4.5106597	7.7415347	7.0270233
13	6.0020714	2.9139824	5.171751	4.980365	6.294075	3.5928037	4.4464607	4.976043	2.5935602	5.0100994	1.5954138	4.986572	2.2981408	6.445555	2.8359654	3.5672097	5.6045775	3.1890783	4.005365	5.875104	5.2229333	2.788148	6.181588	4.670985	7.422643	6.0020714	6.711465	6.259554	6.148722	4.5133057	1.5960056	5.7987804	6.743839	3.5542533	5.0432653	2.94514	1.5957606	4.019983	4.600453	3.2299492	4.2788453	4.6131625	7.450246	5.366769	3.799581	6.860038	6.672025	6.209981	4.147537	6.6192794	4.2102246	3.4653587	2.617309	3.7863855	4.181463	3.1185853	3.5973623	2.3183587	4.4717193	2.6204445	3.8591745	2.3033757	3.1009197	1.5956845	4.7478414	5.123412	3.579597	3.725846	6.01503	2.1878395	2.345821	4.157671	2.923092	4.797788	2.5102873	1.6974301	4.5392594	2.4166636	4.867738	3.681396	4.161008	4.422098	3.617655	4.135485	3.8585522	6.3810816	7.775381	8.737393	7.6079817	6.53985	5.189643	4.5679207	2.905758	4.374327	6.3665814	3.5830417	3.014189	2.5136352	4.4921145	4.273361	5.141763	4.1547923	3.5061712	4.7151537	3.6043572	4.5327625	9.1475315	5.863574	2.5820055	4.718949	3.9118278	3.5361047	2.8727577	2.930465	7.6615887	3.200574	4.245992	6.3029737	6.672873	7.44991	5.1416163	7.3105936	3.189255	3.597832	2.5912862	3.575721	6.384876	5.916127	3.2327354	5.5890446	7.698511	6.5012383	4.55298	7.5304704	7.0003514
14	5.716059	2.509534	5.1684527	5.0009847	6.124853	3.6096237	5.055029	4.47923	2.603556	5.0306406	1.5959594	5.054014	2.288308	6.47456	2.841322	3.5460446	5.645194	3.2294068	4.056615	6.26995	5.2361	2.8319335	6.206016	4.6374636	6.075957	5.716059	6.8748617	6.168018	5.8317566	4.5362153	1.5951345	5.64974	6.82778	3.4235728	5.0086975	2.9511225	1.596262	4.0601406	4.6217885	3.5872183	4.180564	4.5130086	7.53117	5.136649	3.6061897	6.678812	6.042008	6.30777	4.1791787	7.3765354	4.282202	3.4599068	2.6153848	3.8027105	4.295272	3.1947782	3.5977354	2.319295	4.5079713	2.6007578	4.3856	2.839553	3.2858205	1.5958415	4.788912	4.746934	3.600228	3.7646985	6.032256	2.2150304	2.3154888	4.203269	2.97756	5.7232957	3.7465632	1.6979547	4.5391917	2.4157956	4.259785	3.5852573	4.0277777	4.341201	3.585287	3.4542677	3.981602	5.633359	6.8834977	9.132648	7.7349715	6.911945	5.225406	4.524514	3.057248	2.6137404	6.6787667	3.5573878	3.180121	2.1918569	4.54941	4.290518	5.141858	4.2405696	3.1942663	4.739131	3.5891829	4.5924654	9.253103	5.6366453	2.5983438	4.6456585	3.9802191	3.6086023	3.0663867	2.738651	7.7484636	3.2681491	4.219422	6.5694084	6.6558037	6.778497	5.141688	7.3157687	3.1585884	3.5937312	2.6076918	3.575684	6.9324307	5.9480324	3.2224128	6.200136	7.5725164	6.5380406	4.4841228	7.5714025	6.613595
15	5.804887	2.4199362	5.171772	5.0046787	6.1763687	3.61268	4.526476	5.05496	2.611469	5.0424013	1.5949476	5.0307937	2.3003547	6.822625	2.834796	3.5414777	5.0447674	3.2516198	4.036516	5.969951	5.234954	2.782259	5.966732	4.555103	7.0820293	5.804887	6.7030277	6.2234282	5.78459	4.5189424	1.5949963	5.6979184	7.0745654	3.9669542	5.038443	2.9790688	1.5956471	3.9681413	4.5740743	3.1417654	4.1839175	4.540829	7.410884	5.1252193	3.6140604	6.6421084	6.6918135	6.555739	4.1297636	6.9397635	4.2009907	3.4655306	2.6076534	3.7980967	4.2987413	3.1790497	3.5967107	2.318802	4.4961076	2.6044717	4.616759	2.740244	3.251449	1.595776	4.7819257	4.6907024	3.6064193	3.7952013	5.948554	2.5332432	2.3380833	4.1319237	2.7903044	4.687858	2.3281932	1.6976333	4.5393004	2.416212	5.090883	3.5647986	4.0674343	4.531895	3.6309242	3.2866952	3.849293	6.363694	7.758919	9.231037	7.862329	6.9184666	5.274362	4.672959	2.8529356	4.1640644	6.0386887	3.5607886	3.1942677	2.28427	4.587822	4.2517605	5.1414394	4.3164964	3.163419	4.747236	3.5846236	4.9382563	10.051657	5.6281366	2.601371	4.6201024	4.0097656	3.6059654	3.066311	2.883792	7.7993383	3.2655022	4.214701	6.7910504	6.6871223	6.660532	5.141545	7.870403	3.6463497	3.6410022	2.6063142	3.60287	6.7902813	6.355059	3.2377882	6.138401	7.896235	6.73018	4.5066175	7.85204	6.778696
16	6.108797	2.700162	5.162692	5.024024	6.158456	3.607744	4.4983172	5.0209193	2.6067681	5.040539	1.5951253	5.028808	2.3225555	6.7118044	2.8400397	3.5765939	5.4933906	3.2563262	3.9509254	5.975957	5.2479987	2.8777213	6.1003428	4.5406404	7.287348	6.108797	6.809693	6.1211777	6.0651183	4.5409555	1.5956746	5.7181764	6.7146373	3.603393	5.030668	2.9337254	1.5955449	4.0168457	4.6476583	3.2002625	4.2663703	4.704892	7.4993944	5.0724454	3.7437792	6.5903797	6.7287827	6.3550453	4.160947	6.560444	4.2063394	3.451521	2.6080475	3.8225267	4.303923	3.205526	3.596767	2.3190382	4.5360646	2.6219492	3.8699057	2.252451	3.1711373	1.5955861	4.720766	5.0025263	3.6031585	3.6197326	5.9678583	2.1369562	2.3466916	4.1268225	2.9073377	4.701124	2.3951945	1.6973417	4.5400133	2.416457	5.0164227	3.5621083	4.070353	4.5345635	3.6156588	4.030369	3.8635159	6.5877743	7.9989004	8.699992	7.621916	6.696556	5.312723	4.5734606	2.9562297	4.3400154	6.222937	3.6002886	3.0188785	2.6328664	4.5103507	4.206732	5.141576	4.331725	3.4696927	4.672622	3.630361	4.547381	9.243181	5.9269695	2.6085923	4.8590956	3.8530288	3.6089973	2.9052668	2.8600059	7.6731853	3.2402167	4.2246056	6.298167	6.540103	7.3693895	5.142076	7.2581825	3.4308848	3.5979965	2.5915961	3.583427	6.3537645	6.2901354	3.2089453	5.611028	8.025141	6.958996	4.539366	7.9360604	6.9683256
17	6.228038	5.8798428	5.173592	4.9497113	6.2986684	3.4927728	4.395686	4.928838	2.4119213	2.3087678	1.335141	3.0060296	2.2804377	6.8017044	2.829712	3.5447164	5.7105136	2.3597398	2.4369307	5.764282	5.2304955	2.7114267	7.30782	6.340442	9.158677	6.228038	7.8683453	5.755253	6.7265615	3.184396	1.3729947	3.4867203	5.2245717	2.9496348	5.0483294	2.9281092	1.5961832	4.0960617	4.5291114	3.0344715	4.276248	1.3315568	7.939029	4.9122434	3.545667	4.2508535	5.8279524	4.83074	4.1172085	7.07708	4.130775	3.4675262	2.613698	3.790486	3.9759352	3.0658975	3.5974483	2.318754	4.4480915	2.6040792	3.8815048	2.3892405	3.0628488	1.5955677	1.3390945	5.9550023	2.661697	3.516954	7.1274114	5.2191744	5.482871	2.5367947	3.0326414	4.9297023	2.7379165	1.6976876	4.539708	2.4167917	4.561426	3.7330546	4.1569114	4.1683702	3.6019895	8.547913	3.9370441	5.800717	7.109689	8.092162	7.413803	5.679226	5.4778476	4.714933	2.7549653	4.3754115	8.184187	4.0159802	1.3737574	6.1179657	1.34987	4.6158476	4.3328986	5.6522474	6.752904	3.6131833	2.2985487	2.8055062	6.566265	6.2944345	2.839854	3.2771826	3.6560516	3.5576859	5.169709	6.290656	6.472865	7.655749	6.911975	3.7277856	3.7629032	8.994513	5.042679	7.350953	5.5409884	3.5942783	2.598307	3.61364	6.452812	5.9840794	3.2709422	5.583306	7.93963	4.6675954	4.5344553	6.206994	8.848456
18	5.7726116	2.3262346	5.189578	5.016861	6.144724	3.603296	4.5235915	5.0449047	2.6135707	5.039317	1.5961375	5.0644875	2.2857678	6.587164	2.834951	3.538721	5.316389	3.249892	4.007998	5.866973	5.1753035	2.6990314	5.9034824	4.5904922	7.158223	5.7726116	6.5513315	6.093517	5.7936115	4.5528584	1.5959263	5.6726656	6.906904	3.7531934	5.0595074	2.9611201	1.5958506	3.9949841	4.533807	3.0385451	4.197084	4.5892878	7.3082995	5.026006	3.5245247	6.5597563	6.461978	6.290336	4.1442966	7.160857	4.238358	3.4911702	2.6093092	3.7149394	4.1992416	3.1903481	3.5974102	2.3192499	4.5084167	2.6041687	4.488421	2.7768447	3.237643	1.5959293	4.7655444	4.6268144	3.6046858	3.8150845	6.0294394	2.3693182	2.323406	4.0930443	2.904007	4.707652	2.3474555	1.6983945	4.5391684	2.4158738	4.9208097	3.5443287	4.025017	4.3375998	3.6327372	3.286059	3.8333607	6.0486555	7.368041	9.173225	7.7090616	6.914139	5.218751	4.664614	2.8398612	4.169554	6.1448283	3.57192	3.1543756	2.234191	4.5853963	4.241	5.140736	4.1739326	3.139099	4.737201	3.590682	4.7146087	9.741125	5.5906734	2.588775	4.6378827	3.990552	3.6164162	3.0633173	2.8085616	7.7193747	3.3086915	4.1740336	6.6054688	6.5958157	6.6638083	5.1414676	7.6259937	3.3322976	3.6245952	2.6025388	3.6151087	6.8110185	6.0193496	3.2665274	6.0960107	7.5383787	6.4661574	4.535376	7.5677514	6.764575
19	5.9466767	2.4506407	5.1712065	4.9900837	6.269426	3.5729098	4.506156	5.012412	2.603325	5.050358	1.5962595	5.050702	2.2968073	6.5833645	2.8371773	3.5637321	5.4431763	3.2419677	3.963382	5.8376417	5.230853	2.783797	6.2140183	4.6566668	7.382308	5.9466767	6.855241	5.9658422	5.596796	4.554983	1.5968906	5.711423	6.804464	3.4231045	5.0446615	2.8972692	1.5961018	4.0247173	4.5851893	3.0926147	4.2589717	4.6693773	7.553534	4.8243423	3.6147926	6.34598	6.4612956	6.361474	4.1438265	6.8137674	4.273866	3.46354	2.6130083	3.795078	4.160563	3.1339386	3.5971112	2.319394	4.4807024	2.6133907	4.016851	2.3450623	3.1656206	1.5960313	4.7317877	4.7239895	3.6160607	3.6695046	5.836029	2.076697	2.3490648	4.039361	3.0201628	4.627827	2.3204978	1.697688	4.5396156	2.415903	4.901959	3.6151338	4.14298	4.375067	3.597859	3.6688323	3.9282675	6.422576	7.7961235	8.496378	7.5036106	6.3797264	5.130372	4.7342424	2.9671993	4.3135304	6.297276	3.5926948	3.0757298	2.4606314	4.5484858	4.241616	5.140584	4.103736	3.0990875	4.7027397	3.612039	4.4704256	9.251212	5.6121373	2.5919657	4.740546	3.9389677	3.6131477	2.957768	2.859376	7.587108	3.2960825	4.1800213	6.3218646	6.4451256	6.96593	5.141192	7.363823	3.3637328	3.5891728	2.5992522	3.6039712	6.4423223	6.2529507	3.2542088	5.6649866	7.6225977	6.8272524	4.5566854	7.8014555	6.607067
