0	1.3852	-1.725	-10.0878	-19.2687	-15.706	6.1349	4.911	16.541	0.3264	-8.5681	2.27	16.3198	11.4191	-9.4882	-9.6233
1	0.848	-0.8834	-9.9307	-20.2144	-17.7408	5.3563	3.1204	17.5247	3.0558	-8.021	2.8591	16.332	13.2136	-8.6456	-10.3747
2	-0.7651	-4.3692	-8.3554	-15.4156	-15.5279	1.5177	11.3785	12.608	2.2936	-8.6481	-2.6903	16.8565	11.6246	-5.9457	-9.6616
3	-2.286	7.4149	-12.5952	-15.2741	-16.856	7.851	7.0219	20.6234	6.5543	-4.1729	7.4916	18.8732	13.5381	-1.5409	-5.2931
4	1.3058	-3.8495	-16.1409	-23.2325	-16.9299	7.1811	10.3729	12.9101	-7.422	-11.3792	-14.2666	21.4371	2.6339	-14.1816	-12.1068
5	1.2076	-2.9824	-9.6677	-18.139	-16.6852	6.0066	3.6027	15.9511	1.64	-8.4814	2.0282	17.286	12.8721	-8.7156	-7.6158
6	1.7017	-1.5383	-13.1454	-22.4001	-15.2134	11.4217	1.5874	17.5605	-5.7699	-14.6527	-11.3973	17.7397	5.048	-14.802	-13.2326
7	-6.7318	-6.6198	-5.6977	-13.6636	-15.2983	6.3013	7.7616	13.7523	0.6546	-9.0938	3.5601	18.5581	14.9319	-7.4109	-9.3661
8	-0.9312	-8.5389	-10.6978	-18.8828	-13.1813	11.7602	-4.1759	11.2837	-6.4093	-7.2029	10.8068	12.789	9.2149	-13.63	-7.8697
9	1.7967	0.5914	-13.3326	-21.0019	-14.1384	3.4201	1.2348	17.6027	-3.1015	-7.2088	10.1362	17.4715	8.2333	-11.0574	-13.2754
10	2.0476	0.376	-4.8135	-16.949	-19.3058	1.1098	4.8265	15.177	8.7431	-5.1088	-0.2157	16.442	15.8533	-3.7675	-10.0108
11	-0.826	0.8066	-13.7201	-19.9814	-20.1908	8.3637	6.0511	19.6291	1.2831	-5.6201	-5.2438	19.9829	10.4949	-5.6209	-8.3444
12	-5.1065	-0.7889	-14.3085	-16.6242	-17.5715	2.8315	8.1763	19.3398	-0.3559	-4.2981	-1.3798	20.7918	8.7577	-5.9001	-7.9027
