0 0.8223263025283813 8.636611938476562 0.6312230825424194 10.344452857971191 3.966752529144287 0.23217922449111938 5.615646839141846 5.040087699890137 3.1594696044921875 6.458017349243164 9.347146987915039 -0.016555365175008774 8.331438064575195 -0.1021277904510498 10.00849437713623 10.82555866241455 0.699285089969635 10.906888008117676 9.65477466583252 10.920015335083008 10.525025367736816 1.4461196660995483 7.790102005004883 6.524532318115234 3.222569465637207 4.664470672607422 2.106523036956787 3.159264087677002 9.297968864440918 0.9930115938186646 1.9327720403671265 2.6661548614501953 1.738613486289978 3.0071330070495605 5.7066264152526855 2.8828577995300293
1 0.8912171125411987 8.680255889892578 0.45899152755737305 10.099922180175781 3.592893123626709 0.6200345158576965 5.956961631774902 4.6325297355651855 3.274750232696533 6.1850690841674805 8.765974044799805 -0.1062045693397522 8.933385848999023 -0.10415555536746979 10.31062126159668 10.920283317565918 0.8586941361427307 10.845396995544434 9.656465530395508 10.9740571975708 10.447489738464355 1.699051022529602 8.220426559448242 6.5215888023376465 2.839146137237549 4.871196269989014 4.192112922668457 3.0946574211120605 9.2083158493042 1.013540506362915 1.7698477506637573 1.2327311038970947 1.781441330909729 2.8864638805389404 6.039217472076416 3.1119275093078613
2 1.0219902992248535 8.68766975402832 0.22820737957954407 8.638727188110352 2.7209739685058594 0.347089022397995 5.9768452644348145 5.22596549987793 5.294069290161133 5.781944274902344 8.653035163879395 0.06312406063079834 8.833198547363281 0.21648070216178894 10.731683731079102 10.990817070007324 1.0108782052993774 10.952445983886719 0.2812434732913971 10.837993621826172 10.99865436553955 2.644914150238037 8.561934471130371 21.680444717407227 1.4719706773757935 2.276761054992676 2.7720184326171875 3.860480785369873 8.79786491394043 10.595502853393555 2.2738265991210938 2.0191025733947754 1.3614097833633423 2.4065091609954834 10.958666801452637 2.479219913482666
3 0.7749742269515991 8.822736740112305 0.23008817434310913 8.455418586730957 2.569624662399292 0.40724217891693115 5.654590129852295 4.875334739685059 5.103189468383789 5.529828071594238 9.122822761535645 -0.06252439320087433 8.93687915802002 0.003381764516234398 10.778656005859375 10.818445205688477 0.9011749625205994 10.89689826965332 0.2849399447441101 10.742531776428223 10.252728462219238 1.4320305585861206 8.321510314941406 21.404512405395508 1.3065742254257202 5.3426594734191895 2.794900417327881 3.5732526779174805 8.74382209777832 10.627344131469727 2.375387191772461 2.000854015350342 1.4976142644882202 2.351055145263672 10.751405715942383 2.3746118545532227
4 0.9817451238632202 8.493738174438477 0.8317304849624634 10.272705078125 3.195478677749634 0.22458556294441223 5.81570291519165 5.137059211730957 2.9990875720977783 6.125736236572266 9.172649383544922 -0.030318379402160645 8.131373405456543 -0.0877518504858017 10.32252025604248 10.847341537475586 0.7600181698799133 10.880661964416504 9.764264106750488 10.998677253723145 9.502972602844238 1.492505431175232 7.96478796005249 6.33004093170166 2.475233554840088 6.781581401824951 1.8685146570205688 2.9043664932250977 9.35593032836914 1.005528211593628 1.336998701095581 2.969865322113037 1.9166070222854614 3.0886449813842773 5.951285362243652 3.9179000854492188
5 0.9500283002853394 9.050755500793457 0.6908324360847473 9.050172805786133 2.480165958404541 0.20598064363002777 5.824050426483154 4.755186557769775 5.139918327331543 5.618099212646484 9.001392364501953 -0.050420552492141724 7.931017875671387 0.37478554248809814 10.49553108215332 10.888538360595703 1.1253702640533447 10.905606269836426 0.28871017694473267 10.733658790588379 10.51541805267334 3.3908638954162598 8.786200523376465 21.957521438598633 1.2943415641784668 4.690805435180664 1.988303780555725 4.61507511138916 8.140563011169434 1.3175681829452515 1.4633535146713257 2.8108091354370117 1.1099754571914673 1.8305882215499878 3.965207576751709 3.640928268432617
6 1.1247954368591309 8.772866249084473 0.8878943920135498 10.729227066040039 3.2649834156036377 0.7193343043327332 6.222239971160889 5.034151077270508 3.05686616897583 6.248737335205078 8.340675354003906 -0.005912155844271183 7.922538757324219 -0.10586453974246979 10.347293853759766 10.991403579711914 0.886705219745636 10.898844718933105 9.95673656463623 10.659636497497559 9.743891716003418 2.132491111755371 8.28762435913086 5.966976165771484 4.268937587738037 6.366846561431885 3.381990909576416 3.988478183746338 8.930967330932617 0.9929648637771606 10.660371780395508 1.6020363569259644 1.3082351684570312 2.5502750873565674 5.523258686065674 6.573585033416748
7 1.0301405191421509 8.715336799621582 0.7219882607460022 10.378942489624023 2.9055731296539307 0.47755610942840576 5.817444801330566 5.028810024261475 3.4324917793273926 5.803053855895996 9.075135231018066 -0.033581528812646866 8.39638900756836 -0.09511171281337738 10.697120666503906 6.911989212036133 1.2517774105072021 10.681618690490723 9.45928955078125 10.361607551574707 9.779356956481934 9.732961654663086 9.00789737701416 6.853047847747803 1.024798035621643 6.302584171295166 1.291475534439087 1.0230966806411743 8.959897994995117 0.9921385049819946 1.823720097541809 4.031210899353027 5.1003899574279785 2.582947254180908 5.648913860321045 3.033017158508301
8 1.6656229496002197 9.745166778564453 0.6565245389938354 10.531506538391113 3.4048097133636475 0.6701974868774414 6.757607460021973 4.068758964538574 2.991607904434204 6.283952713012695 7.379049777984619 -0.10249108821153641 7.747476577758789 -0.101464182138443 10.131218910217285 7.625237464904785 0.6772575378417969 10.84057331085205 9.639517784118652 10.92654037475586 10.148458480834961 9.133586883544922 7.722836971282959 6.551006317138672 3.1843342781066895 5.573289394378662 2.832132339477539 2.0839147567749023 7.746531009674072 0.9934865236282349 1.5419358015060425 1.9716418981552124 2.6929574012756348 1.5730280876159668 5.726166725158691 3.4895029067993164
9 1.2601816654205322 8.291633605957031 0.4332044720649719 8.473243713378906 2.568359851837158 0.17188647389411926 6.460245132446289 5.509218215942383 5.329078197479248 5.301568984985352 7.914612770080566 0.12628091871738434 8.593270301818848 0.14821135997772217 11.060561180114746 10.403664588928223 0.6297919750213623 10.890934944152832 0.282966673374176 10.652159690856934 10.593853950500488 4.982705116271973 7.569696426391602 21.802770614624023 1.1995283365249634 4.468955039978027 4.0160017013549805 3.8131914138793945 9.68526840209961 10.638969421386719 2.2197203636169434 1.2973849773406982 1.3822048902511597 3.6128602027893066 10.67123031616211 2.537583351135254
10 0.9732897281646729 9.388006210327148 0.335174560546875 10.4943265914917 4.05257511138916 0.1276606321334839 6.081873416900635 4.274351119995117 3.596090316772461 6.461729049682617 8.622800827026367 -0.0990486890077591 8.129508018493652 -0.09220848977565765 10.069755554199219 10.92939281463623 0.6373702883720398 10.768292427062988 9.688456535339355 10.952919960021973 10.635498046875 1.733479380607605 7.594956874847412 6.4655537605285645 3.0119614601135254 4.344029903411865 2.770785331726074 3.8097643852233887 7.372801780700684 0.9925558567047119 1.912185549736023 2.0200905799865723 1.3837372064590454 1.3787081241607666 5.544938564300537 2.9102931022644043
11 1.1060080528259277 8.561941146850586 0.9396347999572754 8.976301193237305 3.1244239807128906 0.35208597779273987 6.131042957305908 5.076956272125244 5.324350833892822 6.136673927307129 8.47659683227539 -0.030203724279999733 8.268723487854004 0.3887038230895996 10.339597702026367 7.409136772155762 1.1583651304244995 10.819962501525879 0.2848156690597534 10.999459266662598 10.875618934631348 9.329808235168457 8.846491813659668 21.866497039794922 2.438769817352295 3.4539623260498047 2.504912853240967 1.7533010244369507 9.271063804626465 1.0174195766448975 1.9390946626663208 2.2497897148132324 3.1368517875671387 2.9702439308166504 5.1496262550354 2.874512195587158
12 0.8297899961471558 8.832828521728516 0.3596342206001282 8.844278335571289 3.0290961265563965 0.6050474643707275 5.668105602264404 4.567683219909668 5.504155158996582 5.787689208984375 9.139832496643066 -0.10454484075307846 8.286706924438477 0.3728230893611908 10.753458976745605 10.798744201660156 0.615968644618988 10.689709663391113 0.29429733753204346 10.778730392456055 10.819459915161133 1.3953689336776733 7.522756576538086 22.049406051635742 3.8607215881347656 3.701145648956299 2.269047737121582 3.3395066261291504 8.704172134399414 0.9956731796264648 1.7848442792892456 2.4842987060546875 1.626808524131775 2.3113884925842285 5.437402725219727 3.0896224975585938
13 1.2267611026763916 8.733687400817871 0.1644555926322937 10.28161907196045 3.5897605419158936 0.2739664614200592 6.179450988769531 4.633411407470703 3.1568820476531982 6.325310230255127 8.451985359191895 -0.10498965531587601 8.555891990661621 -0.0669197142124176 10.104081153869629 10.97614574432373 0.6811252236366272 10.435998916625977 9.761309623718262 10.980538368225098 9.078592300415039 1.981829047203064 7.734812259674072 6.335395336151123 2.774041175842285 7.434246063232422 2.2515273094177246 3.3104562759399414 8.231734275817871 10.535491943359375 1.5652931928634644 2.5030441284179688 1.6440874338150024 1.8987427949905396 11.31124210357666 3.446938991546631
14 1.1274701356887817 9.398858070373535 1.0001070499420166 8.932487487792969 2.6041927337646484 0.3346153497695923 6.149518013000488 4.327585220336914 5.110918998718262 5.81859016418457 8.59887981414795 -0.09573253244161606 9.327066421508789 0.22177369892597198 10.45008373260498 9.276724815368652 0.5841484069824219 10.857430458068848 0.2853403687477112 10.73835277557373 10.601912498474121 7.140652179718018 7.410152435302734 21.881162643432617 1.3007583618164062 4.4452104568481445 2.181277275085449 3.1106486320495605 7.353878498077393 0.9968488216400146 1.5709129571914673 2.5802345275878906 1.7706998586654663 10.75316333770752 5.411135673522949 3.436849594116211
15 0.7690068483352661 8.57337760925293 0.7967173457145691 10.240480422973633 3.6064987182617188 0.33594048023223877 5.7430853843688965 4.843043804168701 3.157927989959717 6.048199653625488 9.15937328338623 -0.0721314400434494 8.538355827331543 -0.1050238162279129 10.72899055480957 10.93293571472168 3.796952962875366 10.746137619018555 9.924758911132812 10.650683403015137 9.790276527404785 1.7476636171340942 10.78305435180664 6.029338836669922 1.1980634927749634 6.282616138458252 2.3632912635803223 3.3950867652893066 8.19747543334961 1.0018231868743896 10.707128524780273 2.3867459297180176 1.5945183038711548 1.87273371219635 5.325309753417969 6.911755084991455
16 0.7949896454811096 7.9960832595825195 1.0683271884918213 10.509541511535645 3.620206832885742 0.5796704292297363 5.885005474090576 5.2937912940979 3.0006449222564697 6.188881874084473 8.82837200164795 -0.04619179293513298 8.8125638961792 -0.09781177341938019 10.485672950744629 10.90987491607666 1.3656582832336426 10.792096138000488 9.902314186096191 10.859736442565918 10.90857219696045 1.6628485918045044 9.188047409057617 6.072600364685059 3.527884006500244 3.286540985107422 3.8336920738220215 3.0784449577331543 9.874765396118164 0.9979047775268555 10.628742218017578 1.3731119632720947 1.7924259901046753 3.973005771636963 5.837094306945801 6.379379749298096
17 0.8825745582580566 8.75772762298584 0.4122064709663391 8.283846855163574 2.2634947299957275 0.44483938813209534 5.778553009033203 4.277360439300537 5.590633392333984 5.623249053955078 9.000683784484863 -0.09711137413978577 9.793429374694824 0.3723486661911011 10.492177963256836 8.51502513885498 0.5268574953079224 10.589306831359863 0.28116828203201294 10.760125160217285 10.809085845947266 8.179369926452637 7.188570976257324 21.634572982788086 3.9295554161071777 3.7430853843688965 3.2806105613708496 1.5711756944656372 7.648515224456787 10.505270957946777 2.2932372093200684 1.662129282951355 7.743345260620117 10.774857521057129 11.474294662475586 2.458740234375
18 1.0724948644638062 8.503491401672363 0.7898672819137573 8.512206077575684 4.111222743988037 0.7760699987411499 6.153279781341553 4.952386856079102 5.630941867828369 6.538790702819824 8.221824645996094 -0.06429184228181839 8.47887897491455 0.5854551792144775 10.314358711242676 6.900259971618652 1.7594525814056396 10.770235061645508 0.2889872193336487 10.78544807434082 10.812795639038086 9.741683959960938 9.699197769165039 21.962858200073242 3.8352932929992676 3.728198528289795 4.324250221252441 1.791777491569519 9.050514221191406 1.115983486175537 2.416895866394043 1.1895335912704468 3.0793967247009277 2.6887435913085938 4.590108871459961 2.333604335784912
19 0.815254271030426 9.421074867248535 1.364235758781433 8.684494018554688 3.3005194664001465 0.5426324605941772 5.4696784019470215 4.37400484085083 5.279414176940918 6.242330551147461 9.65070629119873 -0.10191035270690918 9.283018112182617 0.3743923306465149 10.242136001586914 10.727025985717773 0.5711438059806824 10.882113456726074 0.289070725440979 10.624406814575195 10.628098487854004 1.285474419593811 7.3621368408203125 21.964447021484375 4.377847194671631 4.366635799407959 1.7977088689804077 3.6976542472839355 7.231176853179932 1.0237184762954712 1.6516202688217163 3.070694923400879 1.4356807470321655 10.742042541503906 5.095282077789307 3.2979331016540527
