frame C5:C1-C2 G6:C1-C2 A7:C1-C2 A8:C1-C2 G9:C1-C2 G10:C1-C2 C5:C3-C4 G6:C3-C4 A7:C3-C4 A8:C3-C4 G9:C3-C4 G10:C3-C4
0 -7.9466e+00 -7.7714e+00 -8.3042e+00 -8.6403e+00 -8.6303e+00 -8.3009e+00 1.7820e+01 1.7919e+01 1.7655e+01 1.7267e+01 1.7408e+01 1.8183e+01
1 -8.1670e+00 -8.5650e+00 -8.0267e+00 -8.6704e+00 -8.5815e+00 -8.8626e+00 1.7951e+01 1.7754e+01 1.6892e+01 1.6549e+01 1.7739e+01 1.6987e+01
2 -7.9788e+00 -8.1479e+00 -8.3227e+00 -8.4808e+00 -8.4102e+00 -8.4300e+00 1.8921e+01 1.8230e+01 1.7585e+01 1.7143e+01 1.8714e+01 1.8039e+01
3 -7.9357e+00 -8.0253e+00 -7.7880e+00 -8.5733e+00 -8.6021e+00 -8.2882e+00 1.7803e+01 1.8306e+01 1.6960e+01 1.7314e+01 1.7617e+01 1.7110e+01
4 -7.9183e+00 -7.6267e+00 -7.8128e+00 -8.1087e+00 -8.7551e+00 -8.3342e+00 1.9068e+01 1.7883e+01 1.7425e+01 1.7247e+01 1.7677e+01 1.7911e+01
5 -7.9265e+00 -7.6947e+00 -8.3210e+00 -8.9517e+00 -8.8427e+00 -8.3323e+00 1.7574e+01 1.8342e+01 1.7358e+01 1.6036e+01 1.8052e+01 1.7253e+01
6 -7.9333e+00 -8.1516e+00 -7.9897e+00 -8.7232e+00 -8.4921e+00 -8.5585e+00 1.8043e+01 1.7628e+01 1.7412e+01 1.8297e+01 1.7176e+01 1.7410e+01
7 -7.8782e+00 -8.1696e+00 -7.9251e+00 -8.6082e+00 -8.4036e+00 -8.3060e+00 1.8547e+01 1.9047e+01 1.6904e+01 1.7112e+01 1.8005e+01 1.7876e+01
8 -7.8765e+00 -7.8401e+00 -8.1301e+00 -8.1060e+00 -8.4643e+00 -8.6355e+00 1.7549e+01 1.7673e+01 1.7384e+01 1.7763e+01 1.8333e+01 1.6440e+01
9 -7.9658e+00 -7.9202e+00 -8.3389e+00 -8.5561e+00 -8.5358e+00 -8.3112e+00 1.8935e+01 1.8025e+01 1.7518e+01 1.7175e+01 1.7153e+01 1.7097e+01
10 -7.8759e+00 -7.9167e+00 -8.3726e+00 -8.5155e+00 -8.2906e+00 -8.7328e+00 1.8439e+01 1.8040e+01 1.7536e+01 1.7095e+01 1.7484e+01 1.7207e+01
11 -8.0665e+00 -8.2787e+00 -8.0502e+00 -8.5887e+00 -8.4881e+00 -8.6841e+00 1.6805e+01 1.7591e+01 1.7448e+01 1.6129e+01 1.7890e+01 1.7169e+01
12 -7.8808e+00 -8.2473e+00 -8.1118e+00 -8.5906e+00 -8.2351e+00 -8.4777e+00 1.8473e+01 1.8681e+01 1.6827e+01 1.6995e+01 1.8494e+01 1.7140e+01
13 -7.7090e+00 -7.7929e+00 -8.5742e+00 -8.1520e+00 -8.6663e+00 -8.2081e+00 1.8473e+01 1.8564e+01 1.8210e+01 1.7768e+01 1.7967e+01 1.7383e+01
14 -7.8060e+00 -8.4949e+00 -8.3339e+00 -8.3908e+00 -8.1421e+00 -8.3763e+00 1.7697e+01 1.6958e+01 1.7575e+01 1.7265e+01 1.7474e+01 1.7803e+01
15 -8.0355e+00 -8.4715e+00 -8.0900e+00 -8.5631e+00 -8.3618e+00 -8.1835e+00 1.8038e+01 1.7521e+01 1.7415e+01 1.7216e+01 1.7533e+01 1.7936e+01
16 -7.8230e+00 -7.7523e+00 -8.3034e+00 -8.1700e+00 -8.7584e+00 -8.3796e+00 1.7704e+01 1.8048e+01 1.7342e+01 1.7317e+01 1.8223e+01 1.7849e+01
17 -7.9085e+00 -8.3035e+00 1.8327e+01 -8.0787e+00 -8.3929e+00 -8.8517e+00 1.8932e+01 1.9136e+01 1.5108e+01 -2.4821e+00 1.6920e+01 1.6800e+01
18 -7.9749e+00 -8.3302e+00 -8.0005e+00 -8.6679e+00 -8.3171e+00 -8.5141e+00 1.7875e+01 1.7617e+01 1.7408e+01 1.6806e+01 1.7218e+01 1.8080e+01
19 -7.8234e+00 -8.0306e+00 -8.2662e+00 -8.7265e+00 -8.4854e+00 -8.3155e+00 1.8453e+01 1.8348e+01 1.7375e+01 1.7084e+01 1.7476e+01 1.7824e+01
