0	6.0172296	2.3417723	5.3771763	5.2171392	6.4802794	3.551557	4.541999	5.0407534	2.5966084	5.0247507	1.5951647	5.068397	2.2931614	6.78916	2.8346574	3.5740337	6.041059	3.2333832	4.0468917	6.137306	5.2871137	2.7637806	5.890401	4.5802884	7.051588	6.0172296	6.7163153	6.3613725	6.0755706	4.5625763	1.5954425	5.5643897	6.9438977	2.5434408	5.0697966	2.851751	1.5961311	4.38764	4.5594044	2.901966	4.1822042	4.522235	7.4527793	5.1507	3.452783	6.665756	5.3567305	6.6467104	3.9352834	7.3328314	4.146371	3.6299567	2.754605	3.8810606	4.1065874	3.3395877	3.6708384	2.4523184	4.6429405	2.598181	3.8555727	2.4437842	3.222389	1.5955732	4.7837124	4.7372684	3.635744	3.6540313	6.1770415	2.228879	2.3406112	3.9557102	2.8924704	5.090649	2.663226	1.7316121	4.6434255	2.422276	4.7304115	3.62641	4.2239056	4.321579	3.6237109	3.1393144	3.888315	5.571943	6.761631	8.273272	7.6612263	6.499916	5.2382	5.1130714	2.7820835	4.186165	6.0112495	3.5601473	3.2136228	2.456153	4.5263524	4.1906815	5.1413016	4.749547	3.3027909	4.70876	3.6090398	4.710476	8.854483	5.707869	2.5860581	4.717196	3.9508834	3.6350613	3.0052426	2.7622395	8.079401	3.3365765	4.1235595	5.91773	6.778885	6.5452194	5.1411076	7.270847	3.533339	3.6125398	2.5839424	3.604704	6.524271	6.5703325	3.3154643	5.6875772	8.321111	7.2294526	4.6132956	8.118886	6.328906
1	5.9535894	2.3480651	5.378338	5.213246	6.4852405	3.5728207	4.5336337	5.0382023	2.592546	5.0546646	1.5951965	5.0445085	2.2919087	6.860508	2.826723	3.5548184	5.90908	3.3257275	4.033674	6.1479807	5.2771072	2.7608972	5.948846	4.6125116	7.025283	5.9535894	6.6328998	6.318974	6.050166	4.509404	1.5960771	5.630126	7.0836062	2.7230856	5.0744495	2.8232777	1.5962421	4.3638783	4.5656214	2.9555254	4.198006	4.5360174	7.3885403	5.093634	3.5219474	6.6197343	5.559633	6.710887	3.8565187	7.426992	4.180562	3.6317227	2.7570682	3.8696647	4.093633	3.331955	3.671734	2.4517677	4.643813	2.5990648	4.1874437	2.5984263	3.1606243	1.5959436	4.7752533	4.7462277	3.6446338	3.5486598	6.1859603	2.2900019	2.3180933	4.037665	2.9679358	5.2152624	2.8355465	1.7322047	4.6427526	2.422492	4.6084948	3.6597424	4.2267523	4.2794666	3.642984	3.1271312	3.8196135	5.4874105	6.690319	8.6435375	7.929091	6.775798	5.3444023	4.9017963	2.7083695	4.265415	5.960245	3.5659266	3.2374754	2.4319954	4.571586	4.092834	5.141246	4.784186	3.2719336	4.707299	3.6092658	4.735734	9.09528	5.6604843	2.585617	4.7163496	3.9837523	3.576691	2.8591683	2.7716036	8.064893	3.2816124	4.143508	6.3215113	6.7849054	6.5256124	5.141254	7.2813807	3.5464978	3.6064258	2.5827527	3.6343946	6.5958014	6.603326	3.3616972	5.7148895	8.33556	7.1875362	4.6018944	8.109411	6.395198
2	5.9993334	2.379523	5.377694	5.2343426	6.4269023	3.6100092	4.5005136	5.022431	2.593435	5.0553007	1.5953507	5.082707	2.2924163	6.8020716	2.836679	3.581871	6.004042	3.3046389	4.035006	6.0475082	5.3077674	2.7433085	5.9202337	4.516408	7.087753	5.9993334	6.65869	6.3169775	6.182332	4.586563	1.5948557	5.5423946	6.902955	2.54217	5.0629425	2.8391888	1.5969331	4.3847833	4.560171	2.7432408	4.2206774	4.554152	7.3965244	5.160811	3.43646	6.6721478	5.3917985	6.674637	3.9833307	7.301128	4.243011	3.6420527	2.7514637	3.8853173	3.9738915	3.3628714	3.6741214	2.4544048	4.672603	2.6083193	3.8153079	2.4139752	3.182708	1.5964721	4.769722	4.7827716	3.6225512	3.5403597	6.2254753	2.2376325	2.340473	3.909066	2.914371	5.036886	2.627791	1.7322803	4.647307	2.4268312	4.70653	3.6493592	4.169222	4.2097135	3.6199677	3.154073	3.8692956	5.547137	6.7018433	8.282711	7.658309	6.5098114	5.1936727	5.159628	2.9190497	4.2359147	6.0496354	3.5698211	3.1643643	2.4740293	4.560103	4.093262	5.1415057	4.7518415	3.3550084	4.6948934	3.6167347	4.703967	8.839594	5.735759	2.5822437	4.752908	3.9320493	3.6478286	2.9796696	2.7518902	8.04146	3.3596678	4.0962133	5.9195666	6.743564	6.567973	5.1413574	7.118373	3.5478566	3.606371	2.5840535	3.5947313	6.5243964	6.598421	3.2884579	5.736706	8.416012	7.3484154	4.624598	8.189814	6.3073916
3	5.9660554	2.364536	5.3788185	5.1947255	6.5701985	3.564394	4.5316277	5.041235	2.596203	5.049079	1.5958084	5.0870047	2.2921977	6.794255	2.8309753	3.5580637	5.951539	3.3058407	4.056774	6.07848	5.2557716	2.7638788	5.9315367	4.5489197	7.027895	5.9660554	6.669145	6.2886734	6.047737	4.576363	1.5954409	5.531706	7.0055704	2.7875016	5.055156	2.8628757	1.5954387	4.338056	4.592018	2.9168055	4.169786	4.5246	7.4081044	5.084652	3.4231968	6.616245	5.590153	6.688624	3.883016	7.4657607	4.181952	3.6338658	2.76602	3.8465154	4.055229	3.3015254	3.6719134	2.4510727	4.620323	2.5904326	4.2092075	2.6463711	3.2137	1.5958014	4.7814493	4.734258	3.6128297	3.5752203	6.114735	2.2713645	2.3216062	3.9561405	2.900305	5.09691	2.6237159	1.7324069	4.6427374	2.4230251	4.767196	3.6906087	4.2915077	4.317021	3.6410573	3.1326604	3.821766	5.454986	6.658003	8.654145	7.920799	6.7805386	5.3840213	4.988946	2.7249236	4.147792	5.9742346	3.5619564	3.1734886	2.4341435	4.5562286	4.124479	5.141061	4.774765	3.2493587	4.708818	3.6084626	4.7381983	9.114738	5.654709	2.5782654	4.705346	3.9742823	3.616047	2.9603517	2.71775	7.994197	3.3538365	4.0983963	6.1792927	6.67006	6.525187	5.1414533	7.2772975	3.5213394	3.6051009	2.5714633	3.5921073	6.671472	6.579581	3.335754	5.8116035	8.287159	7.1811156	4.573599	8.103366	6.4047904
4	5.972462	2.5476623	5.385293	5.2194505	6.452016	3.57685	4.545496	5.041051	2.62193	5.0246925	1.5956682	5.038665	2.2933614	6.8754835	2.8340445	3.5829554	5.8335485	3.1926491	4.028738	5.886781	5.251767	2.6954083	5.760545	4.618559	7.058353	5.972462	6.876182	6.4677243	6.2035317	4.5173545	1.5949428	5.5964985	6.9393835	2.21281	5.0630293	2.769298	1.595768	4.2106576	4.520056	2.7293193	4.1813054	4.551011	7.466545	5.244666	3.5225258	6.7680464	5.1415873	6.8101463	3.8626435	7.3343425	3.4945889	3.6443183	2.7545161	3.8341024	3.8463113	3.3414345	3.672225	2.4513314	4.6516666	2.5938513	3.7627435	2.453951	3.2417324	1.5962647	4.7819715	4.9037004	3.608798	3.8114376	6.178747	2.1562912	2.3393042	4.0165987	2.9887137	5.007725	2.5344834	1.7325883	4.6432734	2.4231558	4.758797	3.6645374	4.1903152	4.2162094	3.618775	3.0589433	3.8970826	5.4388905	6.629047	8.449067	7.4631495	6.3971286	5.113167	5.169507	2.844131	4.1114635	6.08788	3.5612745	3.2165775	2.4382048	4.550153	4.3475876	5.1411386	4.456832	3.5522077	4.689753	3.6201768	4.652154	8.563846	5.9692645	2.5791311	4.771889	3.9132926	3.5753236	2.869287	2.756829	7.9781003	3.2695026	4.149122	6.0567994	6.728924	6.5046744	5.1415257	7.2281656	3.671718	3.5903952	2.5737538	3.6098983	6.5415864	6.875095	3.3549404	5.734891	8.83861	7.6429405	4.659438	8.362018	6.375404
5	5.934265	2.319519	5.3324776	4.5963855	4.2553167	3.6193519	4.543151	5.0628986	2.5968385	5.056797	1.5955019	5.0690947	2.292262	6.876174	2.8376937	3.5800364	5.947327	3.3269346	4.0489635	6.297928	5.483288	2.8645387	5.998387	4.533912	7.088279	5.934265	6.54659	6.2829523	6.099473	4.559226	1.5962386	5.4387183	6.9433694	2.7294874	5.0618467	2.888392	1.59547	4.3291826	4.6261687	2.5335886	4.162221	4.5322256	7.3359227	5.121563	3.4532747	6.641988	5.519868	6.7089424	4.0756483	7.3384995	4.246321	3.5869896	2.74123	4.0270486	4.128298	3.5250638	3.6715555	2.4503791	5.241118	2.5969024	4.1864095	2.6249895	3.258491	1.5961218	4.7780385	4.7391644	3.6745615	3.5050426	6.2807007	2.2991076	2.3390832	3.9558423	2.9199626	5.109311	2.7857919	1.7312001	4.6415415	2.4250636	4.897462	3.8494358	2.2106586	4.324278	3.6361213	3.1625915	3.8319855	5.5204635	6.6574497	8.753092	7.951407	6.9806643	5.423718	4.854615	2.8270917	4.1404624	6.027396	3.5638404	3.2602053	2.4000387	4.5688944	4.0540605	5.141291	4.7622046	3.2776957	4.7005415	3.613714	4.738819	8.993105	5.657916	2.585474	4.7398825	3.9355671	3.6752744	3.0390975	2.6288483	8.079676	3.3326614	4.120591	6.2047524	6.7961617	6.5257177	5.140973	7.1507382	3.5527327	3.6059716	2.594473	3.5933626	6.7126703	6.538128	3.2678847	6.0034423	8.328487	7.292034	4.5981555	8.197381	6.45536
6	5.964694	2.3606782	5.359525	5.215364	6.491647	3.5937107	4.5241923	5.0510907	2.6004782	5.053096	1.5951372	5.074813	2.2979858	6.8302298	2.8487096	3.5927763	6.1173954	3.265071	4.038431	6.1959243	5.372577	2.7989676	5.863761	4.595758	7.017252	5.964694	6.7149396	6.327793	6.1579704	4.5652046	1.5953918	5.4444456	6.991458	2.7255988	5.0584	2.928247	1.5955358	4.268892	4.624632	2.7592793	4.158368	4.5450034	7.4045606	5.15049	3.360443	6.6708493	5.5350456	6.737581	4.0608263	7.390815	4.310996	3.6239042	2.7707722	3.9446032	4.0854535	3.3388207	3.6761646	2.4532597	4.681998	2.598445	4.234994	2.639872	3.2479472	1.5963036	4.7739644	4.7672825	3.614262	3.6691415	6.2765307	2.3495955	2.3215947	3.8608122	2.9190464	5.0480533	2.6113846	1.732304	4.6481943	2.4291255	4.8638263	3.6598797	4.2300315	4.316908	3.6400247	2.9850566	3.8323078	5.5321054	6.6818895	8.851574	7.8889565	6.8969436	5.29962	4.8456697	2.7709768	4.11785	6.001122	3.5656252	3.1708896	2.411646	4.5709953	4.214907	5.1406307	4.5889153	3.3069534	4.70181	3.6131535	4.757305	9.048263	5.6956797	2.5762093	4.7240386	3.9640489	3.6208282	2.9514604	2.6503448	8.024008	3.3767471	4.0706367	6.2390604	6.71846	6.3996673	5.1411433	7.226079	3.544372	3.6001592	2.583523	3.5918002	6.702181	6.555044	3.2699177	5.959506	8.366899	7.258591	4.5753627	8.178481	6.473765
7	6.039725	2.4162352	5.366476	5.214161	6.556964	3.580985	4.5324364	5.0361485	2.605825	5.0340595	1.5951965	5.07115	2.2935421	6.815601	2.8391223	3.5896661	6.2727356	3.274064	4.0456204	6.1442423	5.375748	2.8819475	5.860514	4.598649	7.0750327	6.039725	6.6904764	6.3645177	6.0696144	4.549157	1.5956734	5.6931744	6.8034925	2.28602	5.0622654	2.879531	1.5964234	4.341968	4.654999	2.6651762	4.21011	4.5139265	7.416176	5.050699	3.4143305	6.589744	5.1455193	6.677372	3.947685	7.1851206	4.379726	3.6257517	2.7719095	3.9814649	3.9783378	3.3183434	3.673462	2.453464	4.6491737	2.598543	3.7129548	2.442764	3.205009	1.5964334	4.79053	4.827915	3.621399	3.6603222	6.2186346	2.159128	2.3133018	3.9343824	2.8323312	5.006125	2.574251	1.7315089	4.645584	2.4281645	4.842065	3.6806016	4.29731	4.3035355	3.6182184	3.0298069	3.864317	5.593469	6.723258	8.15686	7.6078887	6.401291	5.1756916	5.076087	2.891269	4.222581	6.0512905	3.5562358	3.2439013	2.503559	4.555845	4.1903753	5.1410317	4.6645074	3.370481	4.673925	3.6303904	4.674896	8.47999	5.797577	2.5818152	4.8255935	3.8755777	3.6281383	2.9139495	2.855331	8.07021	3.3443966	4.1025934	5.92404	6.6937313	6.464882	5.141153	7.120771	3.6559153	3.6093946	2.5812194	3.563621	6.541582	6.774898	3.304783	5.729707	8.469854	7.4944158	4.6117496	8.319805	6.321768
8	5.9521275	2.3420296	5.3776827	5.225127	6.4327903	3.5926077	4.5338836	5.0455313	2.5848608	5.052928	1.5950334	5.069742	2.2967412	6.8301816	2.833445	3.5524094	5.9765935	3.3427067	4.058459	6.1897116	5.2899523	2.757965	5.9706616	4.5239067	7.089104	5.9521275	6.57331	6.3003187	6.108932	4.550862	1.5953476	5.500241	7.0348644	2.7002094	5.0354953	2.8287623	1.5962003	4.3734255	4.5481615	2.8997397	4.166255	4.534333	7.370884	5.096051	3.4322357	6.621129	5.502519	6.640051	3.8231544	7.439902	4.1386447	3.6304238	2.7521424	3.8839626	4.133487	3.3485827	3.671218	2.452129	4.6623154	2.5916123	4.190985	2.6272702	3.2307262	1.5963767	4.7730813	4.722544	3.655857	3.4673383	6.177679	2.2943778	2.3230822	3.9514754	2.9396076	5.180104	2.7330873	1.7315208	4.642956	2.422268	4.811029	3.6531372	4.188066	4.392039	3.6413107	3.151824	3.8114212	5.412071	6.6110315	8.626864	7.936773	6.807477	5.368616	4.936045	2.7674844	4.1282268	6.0322065	3.5676918	3.1899052	2.4070492	4.565068	3.9995303	5.141089	4.8400817	3.2564094	4.7117906	3.606863	4.7330894	9.050296	5.621652	2.5746665	4.6937366	3.9899879	3.580537	2.900798	2.674115	8.049322	3.336905	4.104938	6.1841125	6.7209606	6.536092	5.1406126	7.211458	3.526834	3.6027522	2.5888445	3.610839	6.6625743	6.568387	3.3222535	5.756302	8.24488	7.135201	4.539893	8.071142	6.391501
9	6.005304	2.298796	5.374774	5.218278	6.4763794	3.5734093	4.5136566	5.0290155	2.5951972	5.0549355	1.5959518	5.0686836	2.2963147	6.8552732	2.834909	3.5733519	6.0506153	3.3770356	4.0427394	6.0517282	5.2922606	2.7776332	6.0275726	4.557484	7.105521	6.005304	6.6382194	6.253972	6.1307073	4.5665975	1.5958247	5.631158	7.0074487	2.501484	5.0688004	2.827907	1.5966647	4.3864784	4.5680895	2.7991555	4.1938334	4.529578	7.431179	5.0856943	3.4914997	6.60393	5.342348	6.7100058	3.9383051	7.3120575	4.170407	3.6271312	2.754609	3.8888297	4.0000224	3.338176	3.6719131	2.45156	4.6465645	2.5990372	3.8383677	2.451004	3.2122965	1.5950794	4.7796144	4.7409925	3.643928	3.4227948	6.263671	2.2458704	2.324948	3.9766517	2.9435196	5.044423	2.614747	1.7321427	4.6432767	2.4230454	4.7307334	3.6390007	4.2243595	4.27468	3.6244707	3.152741	3.8775806	5.5233054	6.7179575	8.119534	7.800439	6.5164747	5.199797	5.1107817	2.823044	4.171545	6.0398083	3.563325	3.2501075	2.495709	4.5621567	3.9893162	5.1412034	5.005135	3.2543075	4.696581	3.6161616	4.7197094	8.859651	5.5932245	2.5867405	4.752354	3.9396315	3.6048775	2.9197884	2.8078203	8.11334	3.3269331	4.120424	6.0026913	6.797647	6.562443	5.141658	7.057888	3.5722094	3.6079206	2.5840497	3.622054	6.5421324	6.609406	3.3150425	5.713007	8.326777	7.279663	4.6175675	8.161207	6.372445
