0 -9.0988 -8.6268 -8.3851 -8.7855 -8.9667 -9.7063 15.145 18.387 16.877 16.205 17.151 12.083
1 -9.036 -8.5929 -8.465 -9.1029 -8.9867 -9.639 15.167 18.87 15.81 17.776 16.097 12.32
2 -9.2176 -8.2191 -8.552 -8.8877 -8.8778 -9.6848 14.914 17.842 16.579 15.93 17.567 13.026
3 -8.8505 -8.6218 -8.5764 -9.0905 -8.999 -9.6153 15.295 18.288 16.639 16.664 16.638 12.356
4 -9.0941 -8.6268 -7.8149 -8.7824 -9.1434 -9.7154 15.115 17.9 17.696 17.524 16.534 11.862
5 -9.3956 -8.5361 -8.5559 -8.7988 -8.7426 -9.6493 14.313 17.3 15.27 15.474 17.834 13.649
6 -9.0612 -8.6171 -8.4268 -9.1242 -8.9978 -9.6587 15.614 17.765 17.231 15.91 17.786 14.303
7 -9.198 -8.1922 -8.1245 -8.7204 -9.1401 -9.609 14.795 18.011 16.562 15.996 17.831 14.522
8 -9.1451 -8.5473 -8.8374 -9.1701 -8.8966 -9.6954 15.122 17.762 15.18 17.175 16.558 12.163
9 -9.0958 -8.5711 -8.4672 -8.8746 -8.8766 -9.6888 15.145 18.092 14.803 16.782 16.908 12.175
