0 -30.922 -2.3166 -18.158 -3.9589 5.1244 14.401 15.324 -28.609
1 -26.425 -4.6812 -17.45 -32.672 8.3821 14.492 15.314 -31.119
2 -29.434 1.1856 12.245 -31.762 6.7311 16.243 13.013 -31.091
3 -29.484 -2.0744 10.257 -28.209 6.9811 14.155 13.033 -27.886
4 -31.169 -1.4009 -14.019 -23.91 2.1918 13.776 16.14 -28.631
5 -30.755 5.6385 9.0231 -17.786 8.6939 16.479 14.229 -28.436
6 -27.833 1.7157 5.3268 -18.754 6.0327 15.321 -24.909 -29.018
7 -28.378 21.154 -17.542 -24.266 1.7112 6.2409 -7.9721 -26.865
8 -28.316 20.205 -16.106 -23.654 7.64 15.127 16.111 -26.655
9 -26.666 8.0747 14.154 -24.88 8.6317 16.99 13.574 -27.045
10 -29.342 0.60186 -21.519 -16.714 6.7703 14.378 16.813 -30.001
11 -29.47 19.181 14.201 -16.605 7.0939 13.574 16.228 -30.753
12 -30.457 -1.9307 12.45 -23.176 7.5177 14.164 -22.995 -30.797
13 -30.424 -0.050795 -14.989 -20.589 6.2777 14.849 16.578 -20.274
14 -31.039 14.95 11.41 -25.359 7.6162 16.088 14.076 -28.949
15 -30.592 -0.72458 6.331 -28.465 6.4782 14.406 -11.431 -27.203
16 -27.442 -3.3874 5.3504 -23.687 7.3551 14.554 -22.532 -31.285
17 -28.936 17.754 11.635 -23.739 -7.13 1.211 -22.836 -27.548
18 -25.588 18.546 16.835 -13.342 10.803 15.586 -26.342 -29.527
19 -30.987 -0.52825 11.625 -17.436 5.7144 13.661 -24.904 -30.726
