frame C5:C1-C2 G6:C1-C2 A7:C1-C2 A8:C1-C2 G9:C1-C2 G10:C1-C2 C5:C3-C4 G6:C3-C4 A7:C3-C4 A8:C3-C4 G9:C3-C4 G10:C3-C4
0 -7.1124e+00 1.2224e+01 -7.5505e+00 1.6144e+01 6.7650e-01 -8.5064e+00 1.3601e+01 -9.4919e+00 1.1174e+01 -9.7547e+00 1.5195e+01 7.5560e+00
1 -7.0363e+00 1.2335e+01 -7.9458e+00 1.5512e+01 -2.1302e-01 -7.4792e+00 1.2185e+01 -9.7469e+00 1.2632e+01 -9.7549e+00 1.5918e+01 1.0786e+01
2 -6.6562e+00 1.2349e+01 -8.7122e+00 1.1993e+01 -2.3001e+00 -8.2042e+00 1.1995e+01 -9.2841e+00 1.2357e+01 -8.9452e+00 1.6862e+01 1.1511e+01
3 -7.2815e+00 1.2681e+01 -8.6874e+00 1.1567e+01 -2.6642e+00 -8.0451e+00 1.3075e+01 -9.6086e+00 1.2637e+01 -9.4645e+00 1.6996e+01 9.2551e+00
4 -6.7149e+00 1.1899e+01 -7.0598e+00 1.5991e+01 -1.2108e+00 -8.5432e+00 1.3198e+01 -9.5375e+00 1.0682e+01 -9.7403e+00 1.5937e+01 9.9825e+00
5 -6.8132e+00 1.3220e+01 -7.4287e+00 1.2961e+01 -2.9533e+00 -8.6008e+00 1.2811e+01 -9.5810e+00 1.0140e+01 -8.5320e+00 1.6307e+01 1.0302e+01
6 -6.4413e+00 1.2558e+01 -6.9611e+00 1.7032e+01 -9.7898e-01 -7.2005e+00 1.1178e+01 -9.4639e+00 1.0171e+01 -9.7404e+00 1.5911e+01 1.1168e+01
7 -6.5915e+00 1.2437e+01 -7.3370e+00 1.6201e+01 -1.9840e+00 -7.8655e+00 1.3006e+01 -9.5368e+00 1.1312e+01 -9.6969e+00 1.6784e+01 1.0551e+01
8 -5.1240e+00 1.4896e+01 -7.5477e+00 1.6591e+01 -7.1760e-01 -7.3590e+00 8.8530e+00 -9.7284e+00 9.6769e+00 -9.7541e+00 1.5451e+01 8.7276e+00
9 -6.1138e+00 1.1391e+01 -8.1374e+00 1.1705e+01 -2.6561e+00 -8.7202e+00 1.0134e+01 -9.1289e+00 1.1795e+01 -9.0928e+00 1.7670e+01 9.4849e+00
10 -6.8480e+00 1.4035e+01 -8.2960e+00 1.6584e+01 9.1194e-01 -8.7973e+00 1.1854e+01 -9.7174e+00 1.0623e+01 -9.6942e+00 1.5341e+01 1.0853e+01
11 -6.4386e+00 1.2075e+01 -6.7133e+00 1.2807e+01 -1.3518e+00 -8.2272e+00 1.1520e+01 -9.5214e+00 1.0985e+01 -8.5167e+00 1.5929e+01 8.5215e+00
12 -7.1416e+00 1.2703e+01 -8.1869e+00 1.2587e+01 -1.5512e+00 -7.5278e+00 1.3170e+01 -9.7342e+00 1.1028e+01 -8.5314e+00 1.6934e+01 6.6957e+00
13 -6.1884e+00 1.2472e+01 -8.8802e+00 1.6087e+01 -1.9778e-01 -8.4241e+00 1.1448e+01 -9.7400e+00 1.1716e+01 -9.7081e+00 1.5390e+01 9.2885e+00
14 -6.4117e+00 1.4061e+01 -6.4943e+00 1.2720e+01 -2.6685e+00 -8.2202e+00 1.1817e+01 -9.7055e+00 1.3558e+01 -8.9170e+00 1.6204e+01 1.0797e+01
15 -7.2735e+00 1.2065e+01 -7.1133e+00 1.5865e+01 -2.8060e-01 -8.2300e+00 1.3137e+01 -9.6400e+00 1.1656e+01 -9.7544e+00 1.6851e+01 1.0870e+01
16 -7.2896e+00 1.0703e+01 -6.4395e+00 1.6514e+01 -1.2705e-01 -7.5571e+00 1.2331e+01 -9.5672e+00 1.2338e+01 -9.7521e+00 1.6321e+01 1.1038e+01
17 -6.9729e+00 1.2534e+01 -8.1936e+00 1.1116e+01 -3.3665e+00 -7.9642e+00 1.2794e+01 -9.7513e+00 1.4667e+01 -8.5715e+00 1.6257e+01 6.7314e+00
18 -6.5579e+00 1.1902e+01 -7.0650e+00 1.1639e+01 1.0438e+00 -7.0552e+00 1.0945e+01 -9.6184e+00 1.1491e+01 -8.0244e+00 1.5801e+01 1.3006e+01
19 -7.1076e+00 1.4119e+01 -5.6198e+00 1.2101e+01 -9.2190e-01 -7.6453e+00 1.4357e+01 -9.7260e+00 1.3464e+01 -8.5370e+00 1.5671e+01 1.1601e+01
