0	8.7114	7.9124	-15.6072	-19.6878	-24.6344	-1.1433	10.4058	18.0969	-8.9944	2.3899	5.1066	5.3368	16.7771	1.2078	11.5733
1	8.8702	13.0288	-7.9274	-13.134	-22.638	-8.8765	14.9468	18.2765	-1.927	4.2873	3.013	10.2975	17.4094	5.6261	14.3394
2	7.3482	9.9844	-12.8289	-17.3421	-18.7113	-2.6168	15.2741	19.4748	-3.3409	4.9811	5.8563	10.2533	18.2699	5.3875	13.0605
3	12.6177	6.0302	-14.6835	-19.9444	-18.3303	-2.2049	10.4317	15.4511	-6.4886	6.8087	6.3175	4.6987	13.1156	4.0818	15.906
4	11.198	7.0922	-10.4779	-13.5805	-17.6698	-6.1144	9.9282	13.9409	-3.6591	6.237	6.0396	6.6759	12.5471	4.2115	13.5903
5	13.3388	11.0004	-11.051	-16.8983	-20.763	-5.0519	14.1371	18.6302	-7.209	3.6118	3.1816	8.46	16.8078	3.0903	13.1465
6	10.5291	9.4041	-9.5255	-10.1608	-14.96	-9.7374	14.7329	16.47	0.1819	7.3615	6.1728	9.7514	15.0993	9.2532	14.4959
7	11.3614	8.6624	-13.3953	-15.6517	-25.6382	-3.9755	12.3415	17.6078	-7.2083	0.5247	1.6285	6.5594	15.9059	2.2955	12.8807
8	9.0467	9.1735	-18.3806	-19.9935	-23.7481	-1.2225	14.9164	20.1924	-7.2133	4.4733	6.643	5.4554	17.7363	2.7893	12.9572
9	8.5899	10.0106	-4.8914	-11.2104	-20.7167	-6.786	13.3959	16.8191	-4.2787	0.411	0.8501	10.6627	13.9763	4.6496	11.7129
10	8.9496	6.4591	-20.8095	-21.3042	-29.8191	-0.6255	12.6816	20.2363	-11.1147	1.4404	4.8174	5.1727	12.1539	0.8329	13.2074
11	10.0538	12.9072	-8.5503	-15.9739	-20.4139	-4.6722	15.4907	20.0752	-4.3641	2.8958	4.7816	11.1189	18.956	4.9491	11.9243
12	11.3692	11.1357	-7.2891	-14.4667	-22.5787	-4.8999	12.2376	17.733	-6.0787	2.8663	1.5298	9.833	13.7613	3.8617	14.1008
13	13.4619	9.4621	-8.7775	-14.3831	-24.0516	-9.5915	14.2263	17.6347	-5.7377	2.0538	0.876	8.2061	12.241	4.8028	14.8427
14	11.2381	9.1626	-7.8353	-14.5483	-18.3336	-5.025	15.2835	18.272	-2.4275	4.6585	4.8775	8.7967	16.6406	5.4063	13.9447
15	13.3931	9.2621	-12.2634	-18.8024	-27.4603	-2.175	9.6841	16.5438	-9.1582	2.3076	1.6227	5.8528	15.4061	0.8431	14.8584
16	9.8167	13.4322	-14.1692	-17.3788	-22.9267	-3.5664	12.6789	18.0055	-5.8356	5.5837	6.3243	8.3228	17.441	3.7339	15.0329
17	11.5038	8.9378	-7.8346	-14.3445	-17.1689	-6.0926	10.3061	14.6951	-3.3256	4.7909	3.9448	7.1697	13.9126	5.0196	14.4244
18	12.3872	10.8137	-6.736	-17.0074	-25.3856	-6.4533	13.1474	16.8523	-7.2166	2.0548	0.2244	8.7496	15.764	1.4838	15.0774
19	12.1937	12.9039	-3.5735	-11.7058	-18.7146	-9.4171	15.7304	19.5841	0.6013	2.08	1.3234	12.3119	18.5189	5.4728	11.5632
