frame C5:C1-C2 G6:C1-C2 A7:C1-C2 A8:C1-C2 G9:C1-C2 G10:C1-C2 C5:C3-C4 G6:C3-C4 A7:C3-C4 A8:C3-C4 G9:C3-C4 G10:C3-C4
0 -9.0988e+00 -8.6268e+00 -8.3851e+00 -8.7855e+00 -8.9667e+00 -9.7063e+00 1.5145e+01 1.8387e+01 1.6877e+01 1.6205e+01 1.7151e+01 1.2083e+01
1 -9.0360e+00 -8.5929e+00 -8.4650e+00 -9.1029e+00 -8.9867e+00 -9.6390e+00 1.5167e+01 1.8870e+01 1.5810e+01 1.7776e+01 1.6097e+01 1.2320e+01
2 -9.2176e+00 -8.2191e+00 -8.5520e+00 -8.8877e+00 -8.8778e+00 -9.6848e+00 1.4914e+01 1.7842e+01 1.6579e+01 1.5930e+01 1.7567e+01 1.3026e+01
3 -8.8505e+00 -8.6218e+00 -8.5764e+00 -9.0905e+00 -8.9990e+00 -9.6153e+00 1.5295e+01 1.8288e+01 1.6639e+01 1.6664e+01 1.6638e+01 1.2356e+01
4 -9.0941e+00 -8.6268e+00 -7.8149e+00 -8.7824e+00 -9.1434e+00 -9.7154e+00 1.5115e+01 1.7900e+01 1.7696e+01 1.7524e+01 1.6534e+01 1.1862e+01
5 -9.3956e+00 -8.5361e+00 -8.5559e+00 -8.7988e+00 -8.7426e+00 -9.6493e+00 1.4313e+01 1.7300e+01 1.5270e+01 1.5474e+01 1.7834e+01 1.3649e+01
6 -9.0612e+00 -8.6171e+00 -8.4268e+00 -9.1242e+00 -8.9978e+00 -9.6587e+00 1.5614e+01 1.7765e+01 1.7231e+01 1.5910e+01 1.7786e+01 1.4303e+01
7 -9.1980e+00 -8.1922e+00 -8.1245e+00 -8.7204e+00 -9.1401e+00 -9.6090e+00 1.4795e+01 1.8011e+01 1.6562e+01 1.5996e+01 1.7831e+01 1.4522e+01
8 -9.1451e+00 -8.5473e+00 -8.8374e+00 -9.1701e+00 -8.8966e+00 -9.6954e+00 1.5122e+01 1.7762e+01 1.5180e+01 1.7175e+01 1.6558e+01 1.2163e+01
9 -9.0958e+00 -8.5711e+00 -8.4672e+00 -8.8746e+00 -8.8766e+00 -9.6888e+00 1.5145e+01 1.8092e+01 1.4803e+01 1.6782e+01 1.6908e+01 1.2175e+01
