# DATA=NOE POWER=6
G1H3'-G1H2'	2.22	0.62	0.62
G2H3'-C3H6	2.94	1.08	1.08
G2H5'1-C3H5	4.0	2.0	2.0
G2H5'2-G2H5'1	1.83	0.42	0.42
C3H3'-A4H1'	4.37	2.13	2.39
C3H5'1-G2H8	4.07	2.07	2.07
A4H2'-C5H1'	3.27	1.33	1.33
A4H5'2-A4H5'1	1.86	0.43	0.43
C5H2'-C5H1'	2.38	0.71	0.71
C5H2'-G6H1'	3.41	1.45	1.45
C5H3'-C5H1'	3.86	1.87	1.87
C5H5-G6H8	4.53	1.97	2.57
C5H6-A4H8	4.89	1.61	2.99
C7H2'-C7H1'	2.97	1.1	1.1
C7H2'-C7H5	4.12	2.13	2.13
A8H1'-A9H2	4.55	1.95	2.59
A8H3'-A8H1'	3.93	1.93	1.93
A8H5'2-A8H5'1	2.09	0.54	0.54
G10H2'-U11H5	3.57	1.59	1.59
G10H5'2-G10H5'1	1.78	0.42	0.4
U11H3'-U11H1'	3.98	1.98	1.98
U11H4'-U11H1'	3.25	1.32	1.32
U11H5-G10H8	4.6	1.9	2.65
U11H5'1-U11H1'	4.06	2.06	2.06
G12H1'-C13H6	5.19	1.31	3.37
G12H5'2-G12H5'1	1.82	0.41	0.41
C13H2'-C14H4'	3.71	1.72	1.72
C13H5'2-C13H5'1	1.94	0.47	0.47
C14H5'1-C13H1'	3.16	1.25	1.25
G10H3'-U11H5	3.4	1.44	1.44
G1H2'-G1H1'	2.37	0.7	0.7
G1H2'-G2H8	2.47	0.76	0.76
G1H4'-G1H1'	2.53	0.8	0.8
C3H1'-A4H8	4.46	2.04	2.48
C3H2'-C3H1'	2.27	0.65	0.65
C3H2'-A4H8	2.2	0.6	0.6
C3H4'-C3H1'	2.99	1.12	1.12
C3H5-C3H6	2.24	0.63	0.63
C3H5-A4H8	4.33	2.17	2.34
A4H2'-A4H2	3.77	1.77	1.77
A4H2'-C5H6	2.26	0.64	0.64
A4H3'-A4H1'	3.69	1.7	1.7
A4H5'2-A4H2'	3.72	1.73	1.73
C5H1'-C5H6	3.35	1.4	1.4
C5H2'-C5H6	3.13	1.22	1.22
C5H3'-C5H6	2.52	0.79	0.79
C5H5-C5H6	2.27	0.65	0.65
C5H5'2-C5H6	3.3	1.36	1.36
G6H2'-G6H1'	2.24	0.63	0.63
G6H3'-G6H1'	3.51	1.54	1.54
G6H3'-G6H8	2.85	1.01	1.01
G6H5'2-G6H5'1	1.82	0.41	0.41
C7H1'-C7H6	3.52	1.55	1.55
C7H2'-C7H6	2.52	0.79	0.79
C7H5'2-C7H4'	2.36	0.7	0.7
C7H5'2-A8H8	4.42	2.08	2.45
A9H1'-A9H2	3.73	1.74	1.74
A9H4'-A9H1'	2.97	1.1	1.1
G10H2'-G10H8	3.87	1.88	1.88
G10H2'-U11H6	2.24	0.63	0.63
U11H2'-U11H1'	2.49	0.77	0.77
U11H2'-G12H1'	3.4	1.44	1.44
U11H3'-U11H6	2.06	0.53	0.53
U11H5-U11H6	2.3	0.66	0.66
G12H5'2-G12H1'	3.54	1.56	1.56
G12H5'2-C13H6	4.13	2.13	2.13
C13H2'-C13H1'	2.84	1.01	1.01
C13H4'-C13H6	3.37	1.42	1.42
G10H1'-U11H5'1	3.64	1.66	1.66
A4H2'-A4H1'	2.23	0.62	0.62
G1H2'-G2H1'	3.19	1.27	1.27
G1H3'-G1H1'	3.44	1.48	1.48
G1H3'-G2H8	3.53	1.56	1.56
G1H4'-G2H8	3.7	1.71	1.71
G2H1'-C3H6	4.23	2.23	2.23
A4H1'-A4H8	3.44	1.48	1.48
A4H3'-C5H6	3.06	1.17	1.17
C5H1'-A4H2	3.11	1.21	1.21
C5H5-A4H8	3.49	1.53	1.53
G6H2'-G6H8	2.99	1.12	1.12
G6H2'-A8H8	3.09	1.19	1.19
G6H4'-G6H1'	3.05	1.17	1.17
G6H5'1-C7H5	3.15	1.24	1.24
C7H2'-A8H8	3.7	1.71	1.71
C7H3'-C7H1'	3.58	1.6	1.6
C7H3'-C7H6	3.19	1.27	1.27
C7H3'-A8H8	2.93	1.07	1.07
C7H4'-C7H1'	3.28	1.35	1.35
C7H4'-C7H3'	2.52	0.79	0.79
C7H5'1-C7H6	3.72	1.73	1.73
A8H1'-A8H2	3.7	1.71	1.71
A8H3'-A8H8	3.25	1.32	1.32
A8H4'-A8H1'	3.16	1.25	1.25
A8H5'1-A8H4'	2.63	0.86	0.86
A9H5'2-A9H5'1	1.79	0.41	0.4
U11H1'-U11H6	3.32	1.38	1.38
U11H3'-G12H8	3.02	1.14	1.14
G12H1'-A4H2	3.43	1.47	1.47
C13H2'-C13H6	3.55	1.57	1.57
C13H3'-C13H1'	3.46	1.5	1.5
C14H2'-C14H1'	3.34	1.4	1.4
C14H2'-C14H6	3.53	1.56	1.56
G2H1'-G2H8	3.7	1.71	1.71
C3H1'-G2H1	4.59	1.91	2.63
C3H3'-C3H5	3.76	1.77	1.77
C3H3'-A4H8	2.79	0.97	0.97
C3H42-C3H41	1.5	0.7	0.28
C3H42-G12H1	2.47	0.76	0.76
C3H5-C3H41	2.59	0.84	0.84
C3H6-A4H8	4.41	2.09	2.43
A4H1'-C5H6	5.18	1.32	3.36
A4H1'-G12H1	4.24	2.25	2.25
A4H3'-A4H8	2.6	0.84	0.84
C5H42-C5H41	1.52	0.68	0.29
C5H42-G10H1	2.79	0.97	0.97
C5H5-C5H41	2.57	0.83	0.83
C5H5'1-C5H6	3.29	1.35	1.35
C5H6-G6H8	4.13	2.13	2.13
G6H1'-G6H8	3.66	1.67	1.67
G6H1'-G10H1	4.18	2.18	2.18
G6H5'2-G6H8	3.3	1.36	1.36
C7H4'-A8H8	3.43	1.47	1.47
C7H5-C7H6	2.63	0.86	0.86
A8H1'-A9H8	4.42	2.08	2.44
A8H2'-A8H8	3.02	1.14	1.14
A8H5'1-A8H8	3.3	1.36	1.36
A8H5'2-A8H8	4.22	2.22	2.22
A9H3'-G10H8	3.65	1.66	1.66
G10H5'2-G10H8	2.98	1.11	1.11
U11H1'-G12H8	3.94	1.94	1.94
U11H5'1-U11H6	2.74	0.94	0.94
G12H5'1-C13H5	4.75	1.75	2.82
C13H1'-G12H1	4.29	2.21	2.3
C13H2'-C14H6	2.67	0.89	0.89
C13H3'-C13H6	2.57	0.83	0.83
C13H42-G2H1	2.68	0.9	0.9
C13H42-C13H41	1.64	0.56	0.34
C13H5-G12H8	3.75	1.76	1.76
C13H5-C13H41	2.79	0.97	0.97
C14H3'-C14H6	3.31	1.37	1.37
C14H4'-C14H1'	3.26	1.33	1.33
C14H5-C14H41	3.12	1.22	1.22
C14H5'1-C14H6	3.44	1.48	1.48
G10H3'-U11H6	3.01	1.14	1.14
G1H1'-G1H8	3.65	1.67	1.67
G1H1'-G2H8	4.01	2.01	2.01
G1H2'-G1H8	3.11	1.21	1.21
G1H3'-G1H8	2.82	1.0	1.0
G2H5'2-G2H8	3.04	1.16	1.16
C3H1'-C3H6	3.07	1.18	1.18
C3H2'-A4H1'	2.54	0.81	0.81
C3H3'-C3H6	2.16	0.58	0.58
C3H4'-C3H6	2.99	1.12	1.12
C3H41-G12H1	3.01	1.13	1.13
C3H5-C3H42	3.23	1.31	1.31
C3H5'2-C3H6	3.22	1.29	1.29
A4H2-U11H3	3.05	1.16	1.16
A4H5'1-C5H41	3.96	1.96	1.96
A4H5'2-A4H8	3.11	1.21	1.21
C5H2'-G6H8	2.71	0.92	0.92
C5H3'-G6H8	2.97	1.1	1.1
C5H41-G10H1	3.25	1.32	1.32
C5H5-C5H42	3.12	1.22	1.22
C7H5'2-C7H3'	2.7	0.91	0.91
C7H5'2-C7H5'1	1.8	0.4	0.4
C7H5'2-C7H6	3.28	1.34	1.34
A8H1'-A8H8	3.41	1.45	1.45
A8H2'-A8H1'	2.84	1.01	1.01
A8H2'-A9H8	2.87	1.03	1.03
A8H3'-A9H8	3.11	1.21	1.21
A8H5'2-A8H4'	2.74	0.94	0.94
A8H8-A9H8	3.84	1.84	1.84
A9H1'-A9H8	2.73	0.93	0.93
A9H2'-A9H1'	2.65	0.88	0.88
A9H2'-A9H8	3.19	1.27	1.27
A9H3'-A9H8	3.25	1.32	1.32
G10H2'-U11H1'	3.15	1.24	1.24
G10H3'-G10H8	3.04	1.16	1.16
G10H5'1-G10H8	2.88	1.04	1.04
G10H8-A9H8	3.65	1.67	1.67
U11H5'2-U11H6	3.38	1.43	1.43
G12H1'-G12H8	3.37	1.42	1.42
G12H3'-G12H8	2.2	0.61	0.61
G12H5'1-G12H8	2.83	1.0	1.0
G12H5'2-G12H8	2.91	1.06	1.06
C13H1'-C13H6	3.39	1.44	1.44
C13H3'-C14H5	2.82	0.99	0.99
C13H4'-C13H1'	3.08	1.18	1.18
C13H41-G2H1	3.3	1.36	1.36
C13H5-C13H42	3.17	1.26	1.26
C13H5-C13H6	2.4	0.72	0.72
C13H5'2-C13H6	3.47	1.51	1.51
C14H1'-C14H6	3.76	1.77	1.77
C14H4'-C14H6	3.4	1.44	1.44
C14H42-C14H41	1.97	0.49	0.49
C14H5-C13H6	3.52	1.55	1.55
C14H5-C14H42	3.57	1.59	1.59
C14H5-C14H6	2.47	0.76	0.76
C14H5'2-C14H6	3.89	1.89	1.89
