frame G1:C1-C2 G1:C3-C4 G1:C1-CC G2:C1-C2 G2:C3-C4 G2:C1-CC C3:C1-C2 C3:C3-C4 C3:C1-CC A4:C1-C2 A4:C3-C4 A4:C1-CC C5:C1-C2 C5:C3-C4 C5:C1-CC G6:C1-C2 G6:C3-C4 G6:C1-CC C7:C1-C2 C7:C3-C4 C7:C1-CC A8:C1-C2 A8:C3-C4 A8:C1-CC A9:C1-C2 A9:C3-C4 A9:C1-CC G10:C1-C2 G10:C3-C4 G10:C1-CC U11:C1-C2 U11:C3-C4 U11:C1-CC G12:C1-C2 G12:C3-C4 G12:C1-CC C13:C1-C2 C13:C3-C4 C13:C1-CC C14:C1-C2 C14:C3-C4 C14:C1-CC G1:C4p-P-plus G1:C3p-P-plus G2:C4p-P G2:C5p-P G2:C5s-P G2:C4p-P-plus G2:C3p-P-plus C3:C4p-P C3:C5p-P C3:C5s-P C3:C4p-P-plus C3:C3p-P-plus A4:C4p-P A4:C5p-P A4:C5s-P A4:C4p-P-plus A4:C3p-P-plus C5:C4p-P C5:C5p-P C5:C5s-P C5:C4p-P-plus C5:C3p-P-plus G6:C4p-P G6:C5p-P G6:C5s-P G6:C4p-P-plus G6:C3p-P-plus C7:C4p-P C7:C5p-P C7:C5s-P C7:C4p-P-plus C7:C3p-P-plus A8:C4p-P A8:C5p-P A8:C5s-P A8:C4p-P-plus A8:C3p-P-plus A9:C4p-P A9:C5p-P A9:C5s-P A9:C4p-P-plus A9:C3p-P-plus G10:C4p-P G10:C5p-P G10:C5s-P G10:C4p-P-plus G10:C3p-P-plus U11:C4p-P U11:C5p-P U11:C5s-P U11:C4p-P-plus U11:C3p-P-plus G12:C4p-P G12:C5p-P G12:C5s-P G12:C4p-P-plus G12:C3p-P-plus C13:C4p-P C13:C5p-P C13:C5s-P C13:C4p-P-plus C13:C3p-P-plus C14:C4p-P C14:C5p-P C14:C5s-P
0 -9.5732e+00 1.5365e+01 -3.1480e+00 -9.1960e+00 1.6148e+01 3.1152e+00 -8.2030e+00 1.8495e+01 4.0750e-01 -6.9978e+00 1.8603e+01 5.6413e+00 -8.9800e+00 1.9468e+01 7.7260e-01 -4.6546e+00 1.9367e+01 6.9229e-01 -6.1519e+00 1.4846e+01 -2.5072e+00 -8.4101e+00 1.3604e+01 7.1492e+00 -8.3876e+00 1.6640e+01 1.6479e+00 -9.6056e+00 1.9333e+01 -3.9904e+00 -7.4654e+00 1.9463e+01 -1.2156e+00 -7.0471e+00 1.8978e+01 -1.0405e-01 -5.7931e+00 1.9230e+01 -3.0910e+00 -7.7015e+00 1.8092e+01 7.4295e-01 -1.8010e+01 -1.7341e+01 -1.3652e+01 -4.2922e+00 1.0156e+01 -2.2501e+01 -1.8894e+01 -1.6411e+01 6.3048e+00 1.8902e+00 -1.6492e+01 -1.6422e+01 -1.1615e+01 -3.4962e+00 3.1113e+00 -1.4612e+01 -1.7410e+01 -1.5261e+01 -5.1859e+00 8.9714e+00 -5.5351e+00 -5.8202e+00 -1.3025e+01 -4.5928e+00 1.0743e+01 -1.8909e+01 -1.8476e+01 1.7165e+01 -1.5525e+01 -1.1633e+00 -1.4260e+01 -1.1136e+01 -2.1503e+01 6.9071e-01 9.1280e+00 -2.2746e+01 -1.7125e+01 -1.9961e+01 3.7443e+00 2.3552e+00 4.3503e+00 -7.2061e-01 -1.5998e+01 7.5114e+00 -3.4953e+00 -2.0802e+01 -2.0964e+01 -8.0272e+00 -5.9623e+00 8.2232e+00 -1.6735e+01 -1.5725e+01 -1.4624e+01 -5.1350e+00 1.0161e+01 -1.3716e+01 -1.5092e+01 -1.2464e+01 -6.0419e+00 8.5231e+00 -1.8099e+01 -1.9280e+01 -1.5057e+01 4.3442e-01 1.2703e-01
1 -7.7102e+00 1.5583e+01 -9.2961e+00 -9.3955e+00 1.4188e+01 9.5639e-02 -8.2423e+00 1.8182e+01 -5.5268e-01 -9.5941e+00 1.9203e+01 2.5060e+00 -9.7548e+00 1.5749e+01 -1.9310e-03 -6.9119e+00 1.9181e+01 1.0459e+01 1.5807e+01 7.5878e-01 2.3775e+00 -8.0571e+00 1.7894e+01 2.0988e+00 -8.4638e+00 1.8346e+01 -2.8550e+00 -9.7370e+00 1.5642e+01 -3.3743e+00 -6.5928e+00 1.6881e+01 -2.1720e+00 -6.4278e+00 1.5320e+01 8.6589e-01 1.8892e+01 -9.5864e+00 2.8357e+00 -1.0371e-01 1.7615e+01 -8.2906e-01 -8.6990e+00 -1.2757e+01 -1.8051e+01 -7.4997e+00 9.2122e+00 -1.8885e+01 -1.1350e+01 -1.8669e+01 1.4935e+00 1.0264e+01 -2.0197e+01 -1.9001e+01 -1.7139e+01 -7.2088e+00 1.0014e+01 -1.3804e+01 -1.6045e+01 -1.7408e+01 -6.1645e+00 6.6832e+00 -5.7551e+00 3.2638e+00 -1.4664e+01 -8.5671e+00 9.7758e+00 -2.0667e+01 -2.0796e+01 -8.1094e+00 -8.1271e+00 4.2209e+00 -7.5496e+00 -1.6883e+01 -2.0591e+01 1.2480e+01 -3.0266e+00 -1.6637e+01 -1.3338e+01 -1.6213e+01 -1.0787e+01 1.4462e+01 -1.7176e+00 -4.5912e+00 -1.3024e+01 -4.8363e+00 9.9197e+00 -2.0462e+01 -1.4447e+01 -1.1768e+01 -1.5264e+01 1.4093e+01 -1.6570e+01 -1.3360e+01 -1.3409e+01 -7.5040e+00 1.1301e+01 -1.6545e+01 -1.7550e+01 -1.6765e+01 -5.4841e+00 9.9893e+00 -9.3878e+00 -8.4810e+00 -1.6418e+01 -6.1174e+00 8.2067e+00
2 -5.3892e+00 1.0432e+01 1.1958e+00 -9.6163e+00 1.7622e+01 1.2682e+00 -8.4588e+00 1.7051e+01 -3.1621e-01 -7.3111e+00 1.9417e+01 1.9432e+00 -5.6943e+00 1.9289e+01 3.9992e+00 -7.3180e+00 1.7960e+01 2.4586e+00 1.6722e+01 -4.6106e+00 2.5963e+00 -9.5117e+00 1.6698e+01 6.9771e-01 -9.2377e+00 1.6370e+01 -4.4305e+00 -9.1128e+00 1.7601e+01 -2.7093e+00 -7.6217e+00 1.4527e+01 -4.0322e+00 -8.8387e+00 1.6491e+01 2.3588e+00 -6.9859e+00 1.4574e+01 -1.6755e+00 -6.4447e-01 1.5196e+01 -2.9667e+00 -1.8269e+01 -1.3162e+01 -1.8953e+01 4.5403e+00 3.9046e+00 -2.0295e+01 -1.4607e+01 -1.5922e+01 -8.5501e+00 1.2308e+01 -1.9284e+01 -1.7524e+01 -1.6294e+01 1.2401e+00 7.3270e-01 -1.5457e+01 -1.4411e+01 -1.8694e+01 -1.0544e+00 7.5105e+00 -1.1345e+01 -9.4661e+00 -8.6162e+00 -7.5517e+00 8.6727e+00 -1.0645e+01 -1.1712e+01 -9.5595e+00 8.4357e-01 -2.5606e+00 6.9104e+00 -4.1143e+00 -1.9884e+01 7.6413e+00 1.3937e+00 -4.4400e+00 -7.3068e+00 -1.5638e+01 -4.8943e+00 8.5316e+00 1.0466e+01 7.6808e+00 -1.0927e+01 8.6173e+00 3.3248e+00 -1.6014e+01 -1.2985e+01 -1.7338e+01 -4.6571e+00 1.1172e+01 -1.8190e+01 -9.9978e+00 -2.1442e+01 8.7201e+00 3.3382e+00 -2.2675e+01 -1.8101e+01 -1.5404e+01 -1.2416e+00 5.1224e-01 -2.0605e+01 -1.5465e+01 -1.4035e+01 -7.8335e+00 7.6131e+00
3 -6.7541e+00 1.8216e+01 -5.5443e+00 -9.0170e+00 1.7299e+01 -5.6521e-03 -5.3887e+00 1.8593e+01 -6.4813e+00 -9.0780e+00 1.9364e+01 5.7246e+00 -9.4599e+00 1.5907e+01 1.3154e-01 -8.7922e+00 1.5949e+01 -2.7618e+00 -2.7587e+00 1.7406e+01 -5.3110e+00 -8.9409e+00 1.1974e+01 1.2211e+01 -8.5581e+00 1.0688e+01 4.9502e+00 -7.7036e+00 1.8779e+01 -1.8626e+00 -9.6505e+00 1.7141e+01 -2.7304e+00 -9.4702e+00 1.8361e+01 -3.8439e+00 -8.4238e+00 1.5918e+01 -6.8598e+00 -5.1459e+00 1.7036e+01 1.2916e-02 -1.2759e+01 -8.9627e+00 -1.9717e+01 -4.7903e-01 9.6113e+00 -1.9978e+01 -1.3443e+01 -1.5520e+01 -1.6769e+00 1.2275e+01 -1.3891e+01 -1.4890e+01 -1.5782e+01 -1.4209e+00 5.2594e+00 -2.0984e+01 -1.9873e+01 -1.2099e+01 -2.1554e+00 2.8380e+00 -1.2399e+01 -1.3446e+01 -2.1083e+01 4.2679e+00 7.5757e+00 -1.2671e+01 -7.1989e+00 8.1966e-01 -6.9662e-01 -1.6110e+01 -1.8565e+01 -2.1199e+01 1.5571e+01 -2.0649e+01 -9.6276e-01 -2.1121e+01 -1.1710e+01 -1.6762e+01 -6.3441e-01 7.0215e+00 2.2719e+00 1.0069e+01 6.4297e+00 6.2450e+00 4.4128e+00 -1.8612e+01 -1.9750e+01 -1.7250e+01 -1.0176e+01 1.2617e+01 -1.7633e+01 -1.9262e+01 -1.8713e+01 -8.9294e+00 1.2079e+01 -1.2782e+01 -1.6777e+01 -1.2874e+01 -5.4319e+00 9.3091e+00 -1.1585e+01 -1.2899e+01 -2.1141e+01 -1.6678e+00 9.4503e+00
4 -8.4968e+00 1.8426e+01 -1.8006e+00 -7.1093e+00 1.9016e+01 -1.9479e+00 -4.4671e-01 1.8530e+01 2.8683e+00 -8.0693e+00 1.7851e+01 3.6411e+00 -7.3631e+00 1.5702e+01 7.6326e-01 1.0318e+01 -5.1210e+00 7.4818e+00 8.8874e+00 -9.1957e+00 -8.5396e+00 1.9109e+01 -8.1518e+00 -2.8141e+00 -9.0866e+00 1.6212e+01 6.1853e+00 -6.9988e+00 1.6133e+01 -6.0617e-01 -9.5310e+00 1.7063e+01 6.0933e-01 -8.6826e+00 1.8490e+01 8.2076e+00 -9.7176e+00 1.8682e+01 -3.4422e+00 -7.2637e+00 1.7691e+01 -5.5102e+00 -1.8432e+01 -1.6809e+01 -1.7422e+01 -6.9509e+00 1.1219e+01 -1.1955e+01 -1.3855e+01 -1.4148e+01 -5.3968e+00 1.2198e+01 -1.8300e+01 -1.6697e+01 -2.0425e+01 2.5797e+00 6.9911e+00 -1.7370e+01 -1.1806e+01 -1.7819e+01 -5.9255e+00 6.7129e+00 -1.8706e+01 -1.6926e+01 -1.2807e+01 -8.7268e+00 1.0074e+01 2.9498e+00 -9.4767e+00 -7.2648e+00 1.0626e+01 -1.1464e+01 4.8164e+00 -6.5323e+00 -1.5763e+01 3.3535e+00 2.3623e+00 -1.7433e+01 2.9317e+00 -2.0274e+01 -1.8480e+00 7.7029e+00 9.3024e+00 8.1448e+00 3.4750e-01 3.6005e+00 6.5204e+00 -1.8723e+01 -1.5584e+01 -2.1587e+01 -4.6306e+00 1.1962e+01 -1.8173e+01 -1.7245e+01 -1.4945e+01 -7.9257e+00 9.4651e+00 -1.3139e+01 -1.4458e+01 -2.2341e+01 -4.5620e+00 1.3683e+01 -1.9590e+01 -1.7065e+01 -1.5544e+01 -5.4211e+00 7.7074e+00
5 -9.7451e+00 1.7831e+01 -3.9377e+00 -9.6365e+00 1.6183e+01 4.3749e+00 -9.5183e+00 1.7526e+01 -7.4723e-01 -9.7128e+00 1.8430e+01 5.6536e+00 -9.6498e+00 1.9305e+01 -3.3962e+00 -5.6633e+00 1.8900e+01 -1.0831e+00 -6.7684e+00 1.6421e+01 -3.1975e+00 -8.8998e+00 1.7028e+01 8.3627e+00 -8.4033e+00 1.6513e+01 3.9743e+00 -6.1678e+00 1.5185e+01 -5.5001e+00 -9.7536e+00 1.9402e+01 6.2022e-01 -8.8331e+00 1.8356e+01 5.9052e+00 -6.6513e+00 1.5713e+01 -3.0256e+00 -9.0818e+00 1.6593e+01 5.7850e+00 -2.0399e+01 -1.7605e+01 -1.5623e+01 5.2430e-01 -9.0310e-01 -1.2177e+01 -1.4874e+01 -1.9907e+01 -1.0974e+00 1.0511e+01 -1.8386e+01 -1.3281e+01 -1.1372e+01 -5.6552e+00 1.0274e+01 -1.8158e+01 -2.0564e+01 -1.7917e+01 -1.7248e+00 9.5294e+00 -1.1186e+01 -8.0468e+00 -1.8224e+01 -2.1430e+00 1.1846e+01 -1.3466e+01 -1.7515e+01 1.4907e+01 -1.6411e+01 -3.6924e+00 -1.5853e+01 -9.5841e+00 -1.7213e+01 5.5636e+00 -3.7458e+00 -1.9499e+01 -1.8934e+01 -1.7824e+01 -1.7567e+00 8.9253e+00 -4.2067e-01 -2.1932e+00 -1.5780e+01 -5.4402e-01 1.9156e+00 -1.3347e+01 -1.4385e+01 -1.5331e+01 -5.8274e+00 6.6181e+00 -1.7169e+01 -1.7666e+01 -1.3179e+01 -3.9873e+00 6.0088e+00 -1.0955e+01 -1.5925e+01 -1.7134e+01 -5.2332e+00 1.2794e+01 -1.4483e+01 -1.0128e+01 -1.8369e+01 1.9115e+00 6.2299e+00
6 -9.0155e+00 1.5786e+01 -7.8356e+00 -8.7088e+00 1.8268e+01 -8.5286e-01 -8.0649e+00 1.9150e+01 -5.3536e+00 -8.6120e+00 1.6763e+01 1.0325e+00 -9.6458e+00 1.7151e+01 -2.6873e+00 -5.5822e+00 1.9119e+01 3.7416e+00 -9.0843e+00 1.6509e+01 3.8720e-01 -9.6789e+00 1.7926e+01 3.7107e+00 -9.6424e+00 1.7337e+01 9.2730e+00 -9.2815e+00 1.6856e+01 1.8009e+00 -7.9643e+00 1.9006e+01 -3.0967e+00 -7.9615e+00 1.5085e+01 -2.9465e+00 -8.7629e+00 1.7199e+01 -9.5921e-01 -7.9005e+00 1.6894e+01 -3.5098e+00 -1.9154e+01 -1.7326e+01 -1.8248e+01 -4.9279e+00 1.1855e+01 -1.4698e+01 -1.4286e+01 -1.6587e+01 -7.2247e+00 1.4492e+01 -1.8382e+01 -1.7602e+01 -1.7444e+01 -3.7310e+00 9.3616e+00 -1.5883e+01 -1.3046e+01 -1.9464e+01 -5.4554e+00 1.1252e+01 -5.5517e+00 -7.8281e+00 -1.3698e+01 -2.8262e+00 7.1479e+00 -5.9383e+00 -3.2855e+00 5.5480e+00 -2.2007e+01 4.5311e+00 -2.8905e+00 -5.4400e+00 -1.3577e+01 -1.8641e-01 1.1567e+01 -2.0979e+01 -2.1758e+01 -1.5586e+01 4.1696e+00 -4.1282e+00 5.6141e+00 2.2240e+00 -1.4494e+01 9.2469e+00 -1.2188e+01 -2.0712e+01 -1.8204e+01 -1.4293e+01 -5.2928e+00 1.1263e+01 -1.6654e+01 -1.7360e+01 -1.9815e+01 -1.8907e+00 6.7053e+00 -1.3791e+01 -1.8813e+01 -1.8366e+01 4.3859e+00 2.7675e+00 -2.0183e+01 -1.8809e+01 -2.0059e+01 -4.3824e+00 8.5711e+00
7 -9.3529e+00 1.9380e+01 -6.3316e+00 -9.2879e+00 1.5666e+01 5.6404e-01 -6.3139e+00 1.7130e+01 -3.8870e+00 -7.7113e+00 1.7335e+01 1.1460e+00 -3.0803e+00 1.4337e+01 -1.4461e-01 -2.0788e+00 1.9202e+01 3.8078e+00 -8.7456e+00 1.5962e+01 -1.9686e+00 -8.6632e+00 1.5668e+01 -9.9696e-01 -8.2764e+00 1.8814e+01 -4.8461e+00 -8.0616e+00 1.6783e+01 1.1381e+00 -7.5444e+00 1.9209e+01 -2.9223e+00 -8.2105e+00 1.6865e+01 2.6955e+00 -9.0368e+00 1.9204e+01 1.9160e+00 -7.8529e+00 1.7284e+01 -1.9592e+00 -1.6164e+01 -1.6623e+01 -1.6837e+01 -6.2571e+00 9.5280e+00 -1.6465e+01 -1.7345e+01 -1.9855e+01 -4.6991e+00 1.2455e+01 -2.1188e+01 -1.6207e+01 -1.5667e+01 3.1765e+00 -9.4921e-01 -1.2330e+01 -1.3754e+01 -1.1037e+01 -1.1335e+01 1.4097e+01 -1.2240e+01 -6.6393e+00 -1.7646e+01 7.6811e+00 5.7600e+00 -1.8450e+01 -1.6823e+01 1.1562e+01 -2.1185e+01 3.7665e+00 4.2135e+00 8.7371e+00 5.0344e+00 1.3417e+01 1.1151e+00 -1.8712e+00 -1.2356e+01 -1.5938e+01 5.5521e-01 7.9773e+00 1.4078e+00 6.3705e+00 -9.9425e+00 -9.4556e+00 1.2316e+01 -1.8413e+01 -1.8530e+01 -1.8175e+01 2.1888e+00 1.1355e+00 -1.6538e+01 -1.8991e+01 -2.0819e+01 3.8837e+00 4.9757e+00 -1.9102e+01 -1.6231e+01 -9.6018e+00 -6.4110e+00 9.5790e+00 -1.6364e+01 -1.3749e+01 -1.6122e+01 3.6170e-01 4.5853e+00
8 1.8731e+01 -6.9745e+00 -4.7565e+00 -5.7356e+00 1.9375e+01 1.8006e+00 -5.7664e+00 1.9012e+01 -2.7116e+00 -8.8467e+00 1.9033e+01 6.6141e+00 -9.5889e+00 1.7513e+01 2.1474e+00 -5.0846e+00 1.6657e+01 2.6183e+00 -6.0302e+00 1.4576e+01 -3.0997e+00 -6.2126e+00 1.8718e+01 -3.3163e+00 -8.3824e+00 1.6153e+01 5.2932e+00 -7.1857e+00 1.8299e+01 -3.8819e+00 -9.2544e+00 1.8452e+01 4.9486e+00 -8.6525e+00 1.7052e+01 1.8775e+00 -6.0226e+00 1.9359e+01 -1.7171e+00 2.7638e+00 1.3987e+01 -3.5942e+00 -1.7393e+01 6.3138e+00 -1.4747e+01 1.6562e+00 6.4775e+00 -1.8173e+01 -1.6565e+01 -1.7218e+01 8.0927e+00 -1.5475e+00 -1.9068e+01 -1.8914e+01 -1.0193e+01 -4.4434e+00 1.0319e+00 -1.5201e+01 -1.3692e+01 -1.7177e+01 -1.4402e+00 8.8507e+00 -1.4459e+01 -1.1609e+01 -1.7628e+01 -7.8896e+00 8.6607e+00 -1.3879e+01 -1.6635e+01 1.4210e+01 -2.1804e+01 -1.0221e+00 -1.4764e+01 -1.5591e+01 -1.2233e+01 -2.6150e+00 7.7835e+00 -2.0814e+01 -1.8262e+01 -1.8749e+01 -3.8942e+00 7.6624e+00 6.1335e+00 -1.1215e+00 -1.4050e+01 3.3801e-01 8.4546e+00 -1.8916e+01 -1.5614e+01 -1.4719e+01 8.3399e+00 -1.0504e+01 -1.8793e+01 -1.4385e+01 -1.7318e+01 -6.6581e+00 1.0675e+01 -1.6403e+01 -1.4568e+01 -1.8029e+01 1.1346e+00 6.6036e+00 -1.7097e+01 -1.7922e+01 -1.8882e+01 -7.0967e+00 1.0138e+01
9 -8.4658e+00 1.8418e+01 -5.6630e+00 -6.7875e+00 1.5370e+01 -8.8397e-01 -6.6081e+00 1.9210e+01 -5.6302e+00 -7.0645e+00 1.8118e+01 4.9088e+00 -7.8560e+00 1.6762e+01 9.7880e-01 -6.5822e+00 1.7978e+01 3.4390e+00 -5.8540e+00 1.6455e+01 -2.4438e+00 -7.7582e+00 1.5529e+01 -1.0401e+00 -9.6429e+00 1.3252e+01 -2.4393e+00 -8.0539e+00 1.5251e+01 3.7773e+00 -8.6423e+00 1.6194e+01 -4.7181e+00 -9.3047e+00 1.9428e+01 -3.5608e-01 -9.6817e+00 1.7708e+01 -6.6829e+00 -6.2541e+00 1.6522e+01 5.4972e-01 -1.8582e+01 -1.9111e+01 -1.5193e+01 -1.2666e+00 5.1496e+00 -1.2091e+01 -1.2594e+01 -1.4666e+01 -1.0188e+00 6.9302e+00 -1.6718e+01 -1.6540e+01 -1.6615e+01 5.6792e+00 1.4779e+00 -1.9352e+01 -1.4415e+01 -1.4769e+01 -4.1007e+00 4.0438e+00 -6.3364e+00 -6.8370e+00 -1.9203e+01 -8.0033e+00 8.0841e+00 -1.2548e+01 -1.4430e+01 1.7198e+01 -2.1474e+01 -1.0180e+00 -1.7653e+01 -9.9536e+00 -1.9272e+01 1.3233e+01 -3.9364e+00 -2.2084e+01 -1.5806e+01 -1.9411e+01 -1.3325e+01 -1.0362e+01 7.2623e+00 5.6226e+00 -1.5891e+01 -4.3626e+00 1.1165e+01 -1.0923e+01 -1.3389e+01 -1.6862e+01 7.1683e+00 6.1655e+00 -1.9772e+01 -1.7377e+01 -1.5831e+01 4.6292e-02 6.0233e+00 -1.7604e+01 -1.6188e+01 -1.6774e+01 -7.2355e+00 1.2595e+01 -1.0581e+01 -1.6554e+01 -1.3264e+01 -7.7972e+00 1.4797e+01
10 -9.6306e+00 1.5324e+01 -2.0283e+00 -8.7949e+00 1.8374e+01 1.2268e+00 -7.1964e+00 1.1007e+01 3.0946e+00 -9.7242e+00 1.8237e+01 7.8887e+00 -7.7352e+00 1.8256e+01 5.3459e+00 -7.9654e+00 1.6668e+01 6.6173e+00 1.8544e+01 1.5150e+00 -1.5095e+00 1.8971e+01 -3.6208e+00 -6.9150e+00 -9.6327e+00 1.8540e+01 8.2853e+00 -6.5301e+00 1.9321e+01 1.9503e+00 -8.7644e+00 1.8517e+01 5.3111e+00 -8.9661e+00 1.5866e+01 1.9044e+00 -9.2879e+00 1.6385e+01 2.9085e+00 -5.7818e+00 1.7567e+01 -4.0031e+00 -1.5414e+01 -1.9364e+01 -1.7516e+01 3.4246e+00 4.1039e+00 -1.8265e+01 -1.7980e+01 -1.1403e+01 -9.2169e+00 1.0206e+01 -2.2031e+01 -1.0728e+01 -1.1140e+01 -4.1689e+00 6.0954e+00 -1.9214e+01 -1.4656e+01 -1.6503e+01 -7.0986e+00 1.1547e+01 -7.6686e+00 -9.6914e+00 -1.7764e+01 -1.0905e+01 1.2051e+01 -9.8770e+00 -4.7192e-01 3.4770e+00 1.2418e+01 4.3594e+00 4.2371e+00 7.2923e+00 1.7753e+00 5.5162e+00 -1.7072e+01 1.3477e+01 5.4475e+00 -8.6547e+00 1.6417e+01 -6.4690e+00 5.9374e+00 8.6234e+00 1.4525e+01 1.5066e+01 -1.0288e+01 -1.9615e+01 -1.8125e+01 -1.6173e+01 6.3255e+00 -5.4281e-01 -2.1916e+01 -2.0093e+01 -1.5449e+01 5.0744e+00 -2.0186e+00 -2.1839e+01 -1.7517e+01 -1.7906e+01 2.6703e+00 4.0552e+00 -1.9113e+01 -1.8530e+01 -1.4924e+01 -1.1955e+00 2.6477e+00
11 -9.7002e+00 1.6671e+01 -6.8124e+00 -8.7095e+00 1.7125e+01 1.8638e+00 -9.7471e+00 1.8065e+01 3.6412e+00 -9.5107e+00 1.4863e+01 6.7292e-01 -3.9064e+00 1.9400e+01 1.3938e+00 -8.1939e+00 1.6882e+01 1.2869e+01 -9.7100e+00 1.2284e+01 -4.3882e+00 -9.7164e+00 1.7014e+01 2.7666e+00 -9.3341e+00 1.8876e+01 -2.7543e+00 -9.3932e+00 1.5528e+01 -6.4460e-01 -9.0642e+00 1.8526e+01 -2.1887e+00 -6.7327e+00 1.5054e+01 -2.4522e+00 -7.5148e+00 1.4650e+01 2.8771e+00 -2.0431e+00 1.9381e+01 -1.7431e+00 -2.0563e+01 -1.5779e+01 -1.5228e+01 -3.6270e+00 1.0626e+01 -1.8327e+01 -1.9206e+01 -1.7561e+01 -5.9261e+00 8.3517e+00 -1.2990e+01 -1.2328e+01 -1.2652e+01 -9.5402e+00 1.2600e+01 -1.7151e+01 -1.5524e+01 -1.1995e+01 -1.1173e+01 1.2791e+01 -7.7866e+00 -9.3195e+00 -1.8369e+01 -1.5934e+00 9.9967e+00 -1.6630e+01 -1.4661e+01 6.8460e-01 -2.2579e+01 4.1835e+00 -1.0509e+01 -6.7658e+00 -2.0762e+01 1.7418e+01 -4.5228e+00 -1.2471e+01 -1.9558e+01 -2.0538e+01 7.5890e+00 -5.3734e+00 4.0028e+00 2.2021e+00 -1.5169e+01 1.8010e+00 7.4999e+00 -2.1199e+01 -1.7480e+01 -1.7326e+01 -5.3352e+00 1.0686e+01 -1.8374e+01 -1.9319e+01 -1.9332e+01 -2.1758e+00 5.1791e+00 -2.0559e+01 -1.7787e+01 -1.8520e+01 1.7403e+00 -8.5825e-01 -1.8482e+01 -1.4976e+01 -1.3451e+01 -1.3423e+01 1.4223e+01
12 -9.5123e+00 1.2039e+01 -2.2896e+00 -7.6349e+00 1.7903e+01 -1.7790e-01 -5.3728e+00 1.6890e+01 -3.8716e+00 -9.6598e+00 1.9266e+01 2.5048e+00 -7.3176e+00 1.8208e+01 2.2740e+00 -8.0369e+00 1.8851e+01 3.6276e+00 1.9298e+01 -3.9958e+00 9.6710e-01 -7.8574e+00 1.3074e+01 2.5878e+00 -6.6012e+00 1.4513e+01 6.5396e+00 -8.3719e+00 1.8092e+01 6.3274e+00 -8.5342e+00 1.8541e+01 -2.6535e+00 -9.3052e+00 1.7461e+01 -5.5827e-01 -6.2927e+00 1.6806e+01 -2.2654e-01 -8.6111e+00 1.6855e+01 4.4401e+00 -1.3071e+01 -1.7398e+01 -1.6213e+01 -1.3974e+00 1.1102e+00 -1.5167e+01 -1.5736e+01 -1.6852e+01 -8.4879e+00 1.5133e+01 -1.5091e+01 -1.5656e+01 -1.9280e+01 -2.1642e+00 5.7694e+00 -1.9269e+01 -1.9228e+01 -1.2796e+01 1.2064e+00 -9.9644e-01 -7.9061e+00 -1.2290e+01 -1.3940e+01 -6.7219e+00 1.3669e+01 -1.6521e+01 -1.1784e+01 -1.0032e+01 7.8634e+00 -1.8517e+00 2.6766e+00 -6.3383e+00 -1.4336e+01 9.2500e+00 -1.3874e+01 -2.1904e+01 -1.2685e+01 -1.5942e+01 8.9192e+00 -8.4615e+00 -4.3097e+00 -1.3293e+01 -1.4767e+01 6.3523e-01 3.8342e+00 -1.7014e+01 -1.7738e+01 -2.0708e+01 -5.2792e+00 1.0961e+01 -1.7318e+01 -1.3832e+01 -1.7050e+01 -4.7245e+00 3.5273e+00 -1.8875e+01 -1.4070e+01 -1.5279e+01 -1.0115e+01 1.2577e+01 -1.0453e+01 -1.4632e+01 -2.0840e+01 -1.0795e+01 1.1919e+01
13 -9.4916e+00 1.4694e+01 -5.9395e+00 -7.7088e+00 1.8963e+01 -1.6690e+00 -5.1229e+00 1.6034e+01 -2.1089e+00 -9.6989e+00 1.9373e+01 1.1338e+01 -5.7602e+00 1.6520e+01 7.2044e-01 -7.7364e+00 1.7918e+01 4.8345e+00 -8.3130e+00 1.7510e+01 -3.4759e+00 -9.0396e+00 1.7008e+01 -4.4051e+00 -5.9446e+00 1.9034e+01 3.6566e+00 -9.2150e+00 1.8355e+01 -5.2025e+00 -4.8766e+00 1.8475e+01 -2.3576e+00 -8.0449e+00 1.6861e+01 -2.2494e-01 -6.1321e+00 1.5436e+01 -3.7908e+00 -6.5330e+00 1.9262e+01 -3.8190e+00 -9.0568e+00 -4.6778e+00 -1.5633e+01 -1.7876e+00 1.0385e+01 -1.6402e+01 -1.7385e+01 -1.8302e+01 -3.1471e+00 6.1719e+00 -2.2087e+01 -1.6971e+01 -1.9158e+01 6.8160e-01 5.8169e+00 -1.9142e+01 -1.9466e+01 -1.0848e+01 -5.4138e+00 4.2487e+00 -1.3331e+01 -8.6052e+00 -1.5260e+01 -6.4232e+00 1.1350e+01 -1.8647e+01 -1.5819e+01 1.2712e+01 -2.2501e+01 1.9432e+00 -1.1601e+01 -7.3916e+00 -2.0872e+01 1.1813e+01 1.3539e+00 -1.9824e+01 -1.9747e+01 -1.8283e+01 1.5053e-02 6.8252e+00 9.2428e-01 -2.3784e+00 -1.3090e+01 1.0078e+01 -5.7467e+00 -1.7744e+01 -1.5150e+01 -1.8281e+01 2.4774e+00 9.0476e+00 -1.8778e+01 -1.4447e+01 -1.6779e+01 3.0623e+00 2.6815e+00 -2.0462e+01 -1.4452e+01 -1.6428e+01 -5.5583e+00 1.2482e+01 -1.9230e+01 -1.6713e+01 -1.8312e+01 1.7214e+00 5.2716e+00
14 -5.0568e+00 1.9440e+01 -9.2281e+00 -8.3248e+00 1.8789e+01 2.5628e+00 -8.4357e+00 1.5491e+01 -2.8340e+00 -8.3178e+00 1.5149e+01 1.0335e+01 -2.4054e+00 1.6833e+01 -1.1331e-01 -5.3538e+00 1.7892e+01 8.1340e+00 -6.7237e+00 1.7425e+01 -2.1149e+00 -6.9169e+00 1.3020e+01 -4.0049e-01 -9.6615e+00 1.3981e+01 9.2154e+00 -9.3223e+00 1.6932e+01 1.4273e+00 -9.0682e+00 1.6534e+01 -1.1890e+00 -8.7905e+00 1.8201e+01 7.6214e+00 -8.1892e+00 1.9264e+01 4.1826e+00 -6.3562e+00 1.7897e+01 -1.2677e+00 -1.5803e+01 -1.4499e+01 -1.2025e+01 -1.7283e+00 5.6471e+00 -1.4296e+01 -1.1467e+01 -1.8695e+01 -2.3249e+00 4.9085e+00 -2.1258e+01 -1.6127e+01 -1.6676e+01 -6.7767e+00 1.0513e+01 -1.6967e+01 -1.7469e+01 -1.6560e+01 -6.7838e-01 6.5569e+00 -1.1237e+01 -7.5085e+00 -1.7455e+01 3.0809e-01 5.5037e+00 -1.8063e+01 -1.5155e+01 1.5047e+01 -2.0982e+01 2.1500e+00 -1.2981e+01 -1.1126e+01 -1.9192e+01 5.8149e+00 7.3731e-01 -2.2792e+01 -1.5850e+01 -1.1958e+01 4.0083e+00 -2.0631e+00 3.3608e+00 2.2979e+00 -1.5729e+01 -2.2983e+00 8.0563e+00 -1.7371e+01 -1.6724e+01 -1.7683e+01 -2.9283e+00 1.0952e+01 -1.6765e+01 -1.7476e+01 -1.5122e+01 -5.7359e+00 8.3889e+00 -2.1238e+01 -1.9788e+01 -1.6713e+01 1.8372e+00 4.4105e+00 -1.9918e+01 -1.7992e+01 -1.6236e+01 -9.1240e+00 1.1316e+01
15 -9.7336e+00 1.7724e+01 -5.6991e+00 -6.8044e+00 1.2271e+01 -2.9310e+00 -8.8953e+00 1.8127e+01 4.6847e+00 -9.2159e+00 1.6630e+01 7.6872e+00 -8.0894e+00 1.7531e+01 -1.2227e+00 -8.4372e+00 1.7964e+01 4.3531e+00 -8.6851e+00 1.5495e+01 -2.7549e+00 -7.6518e+00 6.8839e+00 2.2796e+00 -8.6785e+00 6.9789e+00 8.3589e+00 -9.0059e+00 1.2034e+01 5.1575e+00 -9.2119e+00 1.8370e+01 -6.8133e+00 -8.5634e+00 1.5047e+01 -2.3720e+00 -4.7831e+00 1.1269e+01 3.5861e-01 -9.0168e+00 1.7704e+01 -6.5097e+00 -1.2506e+01 -1.1267e+01 -1.8788e+01 -3.3435e+00 1.0630e+01 -2.2342e+01 -1.5573e+01 -1.5603e+01 -1.3299e+00 5.8246e+00 -2.1938e+01 -2.0005e+01 -1.3059e+01 -3.9397e+00 4.5041e+00 -1.8286e+01 -1.6793e+01 -2.0904e+01 -3.3228e+00 1.0235e+01 -1.1233e+01 -1.5728e+01 -1.7006e+01 -4.6155e+00 6.6221e+00 -1.7726e+01 -1.1073e+01 -6.0731e+00 6.8270e+00 -1.9405e+01 -1.6459e+01 -2.2456e+01 1.5748e+01 -2.0642e+01 6.4083e+00 -2.2666e+01 -8.6183e+00 -1.6235e+01 5.7043e+00 1.2919e+00 4.2588e-01 1.0762e+01 1.2109e+01 1.4034e+01 6.1562e+00 -1.5077e+01 -9.7001e+00 -1.8783e+01 -8.5239e+00 1.3691e+01 -1.5824e+01 -1.8223e+01 -1.3437e+01 -9.6026e-01 6.1916e+00 -2.2384e+01 -1.6104e+01 -1.3321e+01 -6.5857e+00 8.4016e+00 -2.2424e+01 -1.6007e+01 -2.0651e+01 2.3047e+00 3.1253e+00
16 -5.4987e+00 1.9343e+01 -5.5089e+00 -9.1405e+00 1.7073e+01 -2.8056e+00 -9.4024e+00 1.9291e+01 -7.3376e-01 -8.1568e+00 1.7371e+01 3.4703e+00 -7.7419e+00 1.9000e+01 1.7581e+00 -5.3056e+00 1.6213e+01 7.2686e+00 -6.5730e+00 1.2778e+01 -5.8591e+00 -9.5406e+00 1.4675e+01 -2.6429e+00 -9.7541e+00 1.2874e+01 1.2482e+00 -8.0953e+00 1.6344e+01 -3.0882e+00 -4.2686e+00 1.8779e+01 -5.4790e+00 -8.6011e+00 1.6522e+01 1.0374e+00 -7.1268e+00 1.8222e+01 2.0693e+00 -2.2435e+00 1.8205e+01 -1.1905e+00 -1.8050e+01 -1.6358e+01 -1.3855e+01 -1.0011e+00 9.1244e+00 -2.1284e+01 -1.8657e+01 -1.3919e+01 -9.9037e+00 9.0167e+00 -2.1298e+01 -2.1607e+01 -1.6305e+01 5.8842e+00 -1.9541e+00 -2.1386e+01 -1.6859e+01 -1.5514e+01 2.4939e-01 7.6227e+00 -1.6975e+01 -1.4641e+01 -1.9168e+01 -3.3742e+00 1.1759e+01 -1.8349e+01 -1.8728e+01 1.4356e+01 -2.1126e+01 1.2655e+00 3.9697e+00 4.1170e+00 -4.8664e+00 1.1128e+01 5.1630e+00 -1.1112e+01 -1.6673e+01 -1.9621e+01 -5.8975e-01 4.5660e+00 -3.8945e-01 1.6070e+00 -1.1148e+01 8.7755e-01 5.8308e+00 -1.8330e+01 -1.4572e+01 -1.1342e+01 -8.3378e+00 1.2845e+01 -1.7660e+01 -1.7261e+01 -1.6229e+01 -6.5952e+00 7.5347e+00 -1.9133e+01 -1.5452e+01 -1.7091e+01 -1.0593e+01 1.2552e+01 -1.9620e+01 -2.0780e+01 -1.6918e+01 8.0038e-01 9.8992e-01
17 -7.1360e+00 1.9119e+01 1.8699e+00 -6.4535e+00 1.7301e+01 1.7069e+00 -7.6614e+00 1.7893e+01 -5.0052e-01 -5.9496e+00 1.8552e+01 -2.3975e-01 -4.8148e+00 1.7110e+01 3.4526e+00 -8.4443e+00 1.6888e+01 9.6826e+00 1.9163e+01 -2.6379e+00 -6.2780e-02 1.8540e+01 -9.3161e+00 4.3115e+00 -9.3656e+00 1.7944e+01 -2.6416e+00 -9.1364e+00 1.7458e+01 2.8063e+00 -9.3166e+00 1.9146e+01 -9.8421e-01 -5.7670e+00 1.8344e+01 1.3627e+00 -5.7168e+00 1.8705e+01 -2.1247e+00 -7.0384e+00 1.4083e+01 1.6179e+00 -9.3910e+00 -1.2272e+01 -1.4405e+01 -1.1866e+01 1.2697e+01 -2.0871e+01 -1.5791e+01 -1.6272e+01 2.7137e+00 5.4133e+00 -1.8151e+01 -1.6277e+01 -1.3037e+01 -3.3150e+00 8.9021e+00 -1.6157e+01 -1.4308e+01 -1.5729e+01 -7.7149e+00 6.8795e+00 -1.0604e+01 -1.2575e+01 -1.2160e+01 6.3597e+00 -4.0368e+00 -2.0323e+01 -1.4017e+01 1.1365e+01 -2.1442e+01 3.4322e+00 2.4135e+00 -2.1007e+01 -1.3017e+01 9.7756e+00 5.9408e-01 -7.3796e+00 -1.1672e+01 3.4023e+00 1.0098e+01 6.0042e+00 5.7946e+00 1.0214e+01 -1.7622e+01 -7.5940e+00 1.3198e+01 -1.5444e+01 -1.4994e+01 -1.8654e+01 -1.4210e+00 6.5759e+00 -1.6419e+01 -1.8374e+01 -1.6015e+01 -1.8061e+00 4.4890e+00 -1.4595e+01 -1.7631e+01 -1.8787e+01 -9.9584e-01 9.8319e+00 -2.0107e+01 -1.8150e+01 -2.1432e+01 -3.1199e+00 7.8258e+00
18 -8.1553e+00 1.8072e+01 -3.9822e+00 -9.1506e+00 1.7253e+01 -9.1273e-02 -9.2358e+00 1.7156e+01 1.0087e+00 -5.4595e+00 1.5157e+01 8.6600e-01 -8.3174e+00 1.8094e+01 -3.0194e+00 -5.3139e+00 1.8389e+01 4.7263e+00 -9.0680e+00 1.7933e+01 -7.2142e+00 -9.6557e+00 1.5070e+01 2.1232e+00 -4.2906e+00 1.6040e+01 -2.6184e+00 -9.1926e+00 1.7689e+01 6.4680e-01 -9.2379e+00 1.5204e+01 2.6794e+00 -7.6508e+00 1.7885e+01 7.5816e-01 -7.9543e+00 1.8600e+01 1.6668e+00 -8.2896e+00 1.8285e+01 -1.5965e+00 -2.0804e+01 -1.8730e+01 -1.6140e+01 -9.0436e-01 6.6502e+00 -1.8678e+01 -1.8128e+01 -1.3579e+01 -9.1081e-01 6.3022e+00 -1.9843e+01 -2.0776e+01 -1.7950e+01 -5.1588e+00 6.5362e+00 -1.8200e+01 -1.1265e+01 -1.3280e+01 6.1367e-01 3.9782e+00 5.0368e+00 -3.0407e+00 -1.4717e+01 -8.6023e+00 1.4103e+01 -1.5999e+01 -1.5118e+01 1.4534e+01 -1.7017e+01 -3.6895e+00 -1.3103e+01 -1.1000e+01 -2.2285e+01 1.2305e+01 1.8093e+00 -1.7957e+01 -1.7964e+01 -1.9210e+01 3.1097e+00 6.1289e-01 7.2782e-01 -5.4718e+00 -1.5156e+01 -2.2273e+00 5.8347e+00 -1.5607e+01 -1.4560e+01 -1.2346e+01 -2.6396e+00 1.1376e+01 -2.2383e+01 -1.5793e+01 -1.8552e+01 5.1638e+00 7.0261e+00 -1.1372e+01 -1.0297e+01 -1.7627e+01 -1.4223e+01 1.3364e+01 -1.9592e+01 -1.6837e+01 -1.0787e+01 -3.7769e+00 6.7560e+00
19 -9.4770e+00 1.8741e+01 -5.3391e+00 -9.6449e+00 1.6886e+01 2.5754e-01 -4.9981e+00 1.5616e+01 -1.9074e+00 -9.6641e+00 1.8202e+01 1.1315e+01 -4.5364e+00 1.9292e+01 -2.2835e+00 -9.4203e+00 1.5893e+01 2.2029e+00 1.1476e+01 -9.7209e+00 4.8723e+00 -9.4897e+00 1.4437e+01 -1.0732e+00 -8.9528e+00 1.3186e+01 1.2127e+00 -9.7287e+00 1.8647e+01 5.7568e+00 -8.2993e+00 1.7844e+01 -4.7037e+00 -9.5606e+00 1.5015e+01 3.6543e+00 -6.9000e+00 1.8069e+01 -2.7815e+00 -3.8618e+00 1.8469e+01 -6.3817e+00 -2.0655e+01 -2.0692e+01 -1.6782e+01 -7.0908e+00 1.2284e+01 -1.5196e+01 -1.3991e+01 -1.4864e+01 -9.9035e+00 1.4190e+01 -1.9536e+01 -1.3579e+01 -1.7168e+01 -9.2609e+00 1.4724e+01 -2.0581e+01 -1.7245e+01 -1.5508e+01 -4.6715e+00 9.3029e+00 -1.3157e+01 -1.3369e+01 -1.4647e+01 1.7040e+00 2.7725e+00 -1.7205e+01 -1.1994e+01 -3.5474e+00 1.2169e+01 -1.3581e+01 6.6794e+00 1.8282e-01 -2.0281e+01 -5.1951e+00 9.8919e+00 -1.3817e+01 -1.8020e+01 -2.0805e+01 -3.4568e+00 1.0067e+01 5.4498e+00 9.1406e+00 7.4207e+00 6.4753e+00 6.3731e+00 -1.8588e+01 -1.9866e+01 -1.7012e+01 2.9856e+00 5.3108e+00 -1.9936e+01 -1.5670e+01 -1.7245e+01 -2.7153e-02 6.3223e+00 -1.8929e+01 -1.4659e+01 -1.3271e+01 -5.5758e+00 7.1346e+00 -1.1996e+01 -1.5242e+01 -1.6166e+01 -4.6171e+00 1.1301e+01
20 -9.7039e+00 1.7060e+01 -7.8740e+00 -9.6721e+00 1.6935e+01 5.1276e+00 -9.6338e+00 1.8435e+01 -3.0902e+00 -3.8647e+00 1.8611e+01 1.0860e+00 -8.9079e+00 1.5984e+01 -1.0872e+00 -9.7528e+00 1.9495e+01 2.8473e+00 -9.3964e+00 1.6359e+01 1.5692e+00 -8.5885e+00 1.8854e+01 -5.3540e-01 -9.4631e+00 1.8392e+01 5.8066e-01 -9.0450e+00 1.6329e+01 -4.3932e+00 -6.7825e+00 9.7987e+00 1.5672e+00 -9.0363e+00 1.8515e+01 5.0959e+00 -9.7318e+00 1.9048e+01 -4.6045e+00 -7.5225e+00 1.2847e+01 -3.5044e+00 -1.9649e+01 -1.6204e+01 -1.3699e+01 -5.0537e+00 7.1802e+00 -1.6774e+01 -1.6996e+01 -1.9602e+01 -4.3563e+00 8.0091e+00 -1.5824e+01 -1.7148e+01 -1.5208e+01 -4.1193e+00 6.1474e+00 -1.5657e+01 -1.1776e+01 -2.1103e+01 -6.4427e-01 1.6452e+00 -1.4244e+01 -1.2001e+01 -1.3930e+01 2.0540e+00 8.1004e+00 -1.6174e+01 -1.5937e+01 9.5202e+00 -2.2598e+01 2.5365e+00 -1.2362e+01 -1.3517e+01 -2.0095e+01 3.7611e+00 7.5869e+00 -2.1212e+01 -2.1472e+01 -1.7191e+01 2.3506e-01 6.5480e+00 8.1491e+00 9.7196e+00 -1.3971e+01 -4.6602e-01 4.0709e+00 -1.4064e+01 -1.6685e+01 -1.8036e+01 -4.9799e+00 1.2347e+01 -2.2283e+01 -1.0352e+01 -1.5173e+01 1.0056e+00 3.7015e+00 -1.9005e+01 -1.8173e+01 -1.9339e+01 3.0640e+00 2.3603e+00 -1.9844e+01 -1.7255e+01 -1.3242e+01 -9.1120e+00 5.9795e+00
21 -9.4873e+00 1.7937e+01 1.0482e+00 -7.9647e+00 1.7405e+01 -3.0259e+00 -5.8253e+00 1.9053e+01 -1.9694e+00 -9.4834e+00 1.8054e+01 1.7438e+00 -5.5787e+00 1.8240e+01 -2.4976e+00 -8.9020e+00 1.8786e+01 3.4201e+00 -9.3618e+00 1.3842e+01 -1.7974e+00 -8.6794e+00 1.8703e+01 1.1567e+00 -9.0975e+00 1.2868e+01 6.2379e-01 -9.7174e+00 1.6509e+01 -2.0032e+00 -6.8010e+00 1.9476e+01 -6.7154e+00 -9.5755e+00 1.6787e+01 -2.7614e+00 -6.9254e+00 1.8045e+01 2.9001e+00 -6.5729e+00 1.7477e+01 2.0224e+00 -1.5356e+01 -1.5524e+01 -1.7890e+01 8.1688e+00 1.1829e+00 -1.6909e+01 -1.8796e+01 -1.9718e+01 -4.7360e+00 9.9509e+00 -1.7318e+01 -1.5108e+01 -1.7978e+01 -6.0895e+00 9.7503e+00 -1.8161e+01 -1.6824e+01 -1.8919e+01 -4.6390e+00 8.1184e+00 -9.9551e+00 -9.5846e+00 -1.9106e+01 -2.9761e+00 7.6680e+00 -9.9793e+00 -9.8617e+00 1.2809e+01 -1.9574e+01 5.8829e+00 -6.5674e+00 -7.3364e+00 -1.3681e+01 -9.2844e+00 7.0528e+00 -2.0598e+01 -1.9135e+01 -2.0992e+01 2.1357e+00 1.8600e+00 2.9008e+00 1.4325e+00 -1.9029e+01 8.6173e+00 7.9531e-01 -2.0185e+01 -1.5805e+01 -1.1291e+01 -5.0409e+00 9.8464e+00 -1.3860e+01 -1.3711e+01 -1.1543e+01 -1.1684e+01 1.0859e+01 -2.2332e+01 -1.9999e+01 -1.2471e+01 -5.1747e+00 3.2111e+00 -1.7040e+01 -1.4336e+01 -1.4361e+01 -6.0642e+00 1.2097e+01
22 -8.6482e+00 1.8311e+01 -2.9040e+00 -9.2918e+00 1.8008e+01 1.1091e+00 -7.8694e+00 1.8658e+01 -5.4598e+00 -8.6733e+00 1.0055e+01 1.3893e+00 -1.6822e+00 1.5713e+01 -5.0600e+00 -5.5373e+00 1.8868e+01 5.3986e-01 -7.6632e+00 1.7868e+01 6.8142e-01 -9.4681e+00 1.7488e+01 7.6659e+00 -6.9524e+00 1.4276e+01 3.3639e+00 -8.4076e+00 1.2361e+01 -1.1202e+00 -7.7001e+00 1.5805e+01 -4.1432e+00 -8.7757e+00 1.8721e+01 -1.8513e+00 -6.7799e+00 1.8115e+01 -3.3266e+00 -8.0960e+00 1.4933e+01 6.2118e-01 -2.0971e+01 -1.8707e+01 -1.4563e+01 2.3575e+00 -4.4936e+00 -1.4602e+01 -1.3459e+01 -1.6669e+01 -1.1810e+00 2.5491e+00 -1.9269e+01 -1.5723e+01 -1.6314e+01 -6.4763e-01 9.2219e+00 -1.7597e+01 -1.8142e+01 -1.6245e+01 6.1056e-01 -4.1290e+00 -1.3997e+01 -1.1469e+01 -1.5090e+01 -8.3636e+00 9.6514e+00 -1.7121e+01 -1.5110e+01 1.1656e+01 -2.2685e+01 9.1842e-01 -7.9611e+00 -1.2659e+01 -1.9238e+01 1.0370e+00 3.8918e+00 -1.9532e+01 -1.9167e+01 -1.6713e+01 -6.3428e+00 7.0411e+00 7.0319e+00 1.5667e+00 -2.2124e+01 -1.1644e-01 1.1113e+01 -1.9408e+01 -1.9578e+01 -1.8452e+01 8.2667e-01 1.0277e+01 -1.3818e+01 -1.7134e+01 -1.7649e+01 1.9740e+00 4.7248e+00 -2.1740e+01 -1.9218e+01 -1.7208e+01 2.8341e-01 5.7560e+00 -1.7697e+01 -1.5146e+01 -1.5859e+01 -6.7500e+00 1.3318e+01
23 -5.9746e+00 1.7065e+01 -4.1927e+00 -9.7535e+00 1.8238e+01 2.8800e+00 -8.6556e+00 1.8543e+01 3.8617e-01 -5.0914e+00 1.8099e+01 1.4438e+00 -5.6493e+00 1.5204e+01 -5.1396e+00 -8.5226e+00 1.3415e+01 1.5430e+00 1.6264e+01 -6.4872e+00 6.1008e+00 -2.5413e+00 1.8593e+01 -4.6522e+00 -8.6529e+00 1.7715e+01 -6.2025e-02 -8.8963e+00 1.9508e+01 -3.2471e+00 -7.4824e+00 1.6549e+01 -4.0061e+00 -9.3521e+00 1.8124e+01 5.4138e-01 -8.7364e+00 1.7351e+01 -3.0021e+00 -1.6808e+00 1.8252e+01 -3.1821e+00 -1.8868e+01 -1.4203e+01 -1.4525e+01 -8.1464e-01 1.1951e+01 -1.6261e+01 -1.3606e+01 -1.7128e+01 -1.1755e+00 7.9813e+00 -1.8586e+01 -1.5448e+01 -9.3795e+00 -8.1461e+00 9.8584e+00 -1.8849e+01 -1.7323e+01 -1.5583e+01 -2.7242e+00 6.7405e+00 -2.2334e+01 -1.7562e+01 -1.6410e+01 -3.5664e+00 5.9334e+00 -7.8440e-01 -7.4463e+00 -1.1696e+01 6.7818e+00 -4.8409e+00 6.3101e+00 -4.6794e+00 -2.0975e+01 1.7484e+01 -8.1335e+00 -8.3013e+00 -1.1098e+01 -1.8305e+01 -5.8192e-02 9.2975e+00 4.2302e+00 4.7501e+00 -1.1402e+01 -4.0085e+00 1.1081e+01 -1.7816e+01 -1.7733e+01 -1.0808e+01 -1.2438e+01 1.0643e+01 -1.8247e+01 -1.7262e+01 -1.8131e+01 7.4981e-02 8.4041e+00 -1.9932e+01 -1.6282e+01 -1.7172e+01 -3.6012e+00 6.8682e+00 -1.4035e+01 -1.1878e+01 -1.3780e+01 -1.5305e+01 1.1802e+01
