frame G1:C1-C2 G1:C3-C4 G1:C1-CC G2:C1-C2 G2:C3-C4 G2:C1-CC C3:C1-C2 C3:C3-C4 C3:C1-CC A4:C1-C2 A4:C3-C4 A4:C1-CC C5:C1-C2 C5:C3-C4 C5:C1-CC G6:C1-C2 G6:C3-C4 G6:C1-CC C7:C1-C2 C7:C3-C4 C7:C1-CC A8:C1-C2 A8:C3-C4 A8:C1-CC A9:C1-C2 A9:C3-C4 A9:C1-CC G10:C1-C2 G10:C3-C4 G10:C1-CC U11:C1-C2 U11:C3-C4 U11:C1-CC G12:C1-C2 G12:C3-C4 G12:C1-CC C13:C1-C2 C13:C3-C4 C13:C1-CC C14:C1-C2 C14:C3-C4 C14:C1-CC G1:C4p-P-plus G1:C3p-P-plus G2:C4p-P G2:C5p-P G2:C5s-P G2:C4p-P-plus G2:C3p-P-plus C3:C4p-P C3:C5p-P C3:C5s-P C3:C4p-P-plus C3:C3p-P-plus A4:C4p-P A4:C5p-P A4:C5s-P A4:C4p-P-plus A4:C3p-P-plus C5:C4p-P C5:C5p-P C5:C5s-P C5:C4p-P-plus C5:C3p-P-plus G6:C4p-P G6:C5p-P G6:C5s-P G6:C4p-P-plus G6:C3p-P-plus C7:C4p-P C7:C5p-P C7:C5s-P C7:C4p-P-plus C7:C3p-P-plus A8:C4p-P A8:C5p-P A8:C5s-P A8:C4p-P-plus A8:C3p-P-plus A9:C4p-P A9:C5p-P A9:C5s-P A9:C4p-P-plus A9:C3p-P-plus G10:C4p-P G10:C5p-P G10:C5s-P G10:C4p-P-plus G10:C3p-P-plus U11:C4p-P U11:C5p-P U11:C5s-P U11:C4p-P-plus U11:C3p-P-plus G12:C4p-P G12:C5p-P G12:C5s-P G12:C4p-P-plus G12:C3p-P-plus C13:C4p-P C13:C5p-P C13:C5s-P C13:C4p-P-plus C13:C3p-P-plus C14:C4p-P C14:C5p-P C14:C5s-P
0 -9.6841e+00 1.7365e+01 1.4997e-01 -7.7885e+00 1.8929e+01 -2.0236e+00 -9.3849e+00 1.7975e+01 3.8364e+00 -4.5991e+00 1.5945e+01 5.7699e-01 -4.8684e+00 1.8649e+01 7.0576e-01 -7.9072e+00 1.9430e+01 6.4045e+00 1.7476e+01 -4.2934e+00 1.7578e+00 1.0018e+01 -8.5774e+00 -6.2720e+00 -5.6301e+00 1.5339e+01 6.5646e+00 -9.2844e+00 1.8989e+01 -1.8093e+00 -8.8223e+00 1.7377e+01 -4.6681e+00 -9.6684e+00 1.8773e+01 -9.6920e-02 -8.4460e+00 1.6131e+01 -3.1464e+00 3.5414e+00 1.5230e+01 -7.7032e-01 -2.0594e+01 -1.4607e+01 -1.1906e+01 -3.8767e+00 8.5898e+00 -2.0492e+01 -1.7335e+01 -1.7767e+01 9.9897e-01 1.2292e+00 -1.7406e+01 -1.3191e+01 -1.6484e+01 -2.7035e+00 9.3681e+00 -2.1863e+01 -1.7380e+01 -1.5331e+01 5.1819e+00 -2.9410e+00 -1.5913e+01 -1.5341e+01 -1.0300e+01 -1.2058e+01 9.1591e+00 -1.5893e+01 -1.6954e+01 1.6755e+01 -1.5235e+01 4.4467e+00 5.4012e+00 9.7462e+00 -1.5954e+01 -1.0510e+01 8.3508e+00 1.6680e+01 -4.8120e+00 1.0383e+01 -9.3752e+00 -1.3040e+01 8.7860e+00 1.3420e+01 1.5002e+01 1.5595e+01 -4.5411e+00 -2.0028e+01 -1.8833e+01 -1.7116e+01 -7.2380e+00 7.7686e+00 -1.8878e+01 -1.8518e+01 -2.0489e+01 2.9569e+00 6.7571e+00 -1.5083e+01 -1.4361e+01 -1.6533e+01 -8.4171e+00 1.0795e+01 -1.5933e+01 -1.4722e+01 -1.9291e+01 -2.4184e-02 7.7685e+00
1 -9.6057e+00 1.7004e+01 5.9320e+00 -8.1850e+00 1.7041e+01 4.2439e+00 -9.4425e+00 1.7191e+01 -2.5577e-01 -8.4791e+00 1.9265e+01 -1.5765e+00 -8.4596e+00 1.9450e+01 3.5787e+00 -7.3223e+00 1.2119e+01 -4.0934e+00 -8.2423e+00 1.9288e+01 3.8206e+00 8.1558e+00 -9.6020e+00 6.6504e-01 -9.0451e+00 1.8466e+01 -6.7537e+00 -9.1843e+00 1.9367e+01 5.2894e+00 -6.4014e+00 1.3342e+01 -3.1273e+00 -2.0595e+00 1.7130e+01 1.6177e+00 -3.2150e+00 1.5446e+01 -1.4228e+00 -6.6521e+00 1.6590e+01 -9.0640e-01 -1.9388e+01 -1.5301e+01 -1.6709e+01 -1.1668e+01 1.1160e+01 -2.1167e+01 -1.7054e+01 -1.8445e+01 -8.6397e+00 1.2267e+01 -1.6999e+01 -1.4533e+01 -1.6241e+01 -1.2075e+01 1.2893e+01 -1.3403e+01 -1.0675e+01 -1.7626e+01 6.6828e+00 4.9365e+00 -1.8769e+01 -1.8821e+01 -1.3342e+01 -1.4197e+00 5.1441e+00 -2.3379e+00 -3.3631e+00 -5.6147e+00 1.1627e+01 -1.7797e+01 -3.9501e+00 -6.1398e+00 1.5476e+01 1.0538e+01 -9.8568e+00 1.4512e+01 -3.8271e-01 1.3646e+01 1.3543e+01 -1.9602e+01 -1.1403e+01 -1.0022e+01 -8.5269e+00 -1.3986e+01 1.2836e+01 -1.6518e+01 -1.6912e+01 -1.6985e+01 -5.9858e+00 9.8510e+00 -2.2455e+01 -1.5850e+01 -1.4616e+01 -3.0973e+00 5.1444e+00 -1.8965e+01 -1.9303e+01 -1.2305e+01 2.7988e+00 7.6836e-01 -2.1100e+01 -1.3009e+01 -1.6697e+01 -2.3593e+00 6.6943e+00
2 -9.1930e+00 1.9239e+01 1.5400e+00 -7.6785e+00 1.7025e+01 6.1822e+00 -9.0977e+00 1.8622e+01 -3.7157e+00 -9.3279e+00 1.8368e+01 9.9026e-01 -6.1011e+00 1.7717e+01 4.0267e+00 -8.0734e+00 1.2933e+01 1.0051e+01 1.4704e+01 -9.4262e+00 5.2771e-01 1.4748e+01 -6.9004e+00 9.6651e-01 -5.5942e+00 1.7296e+01 4.6358e+00 -9.1246e+00 1.8113e+01 9.2660e+00 -8.2924e+00 1.8328e+01 9.1316e-01 -6.3309e+00 1.7222e+01 -4.0566e+00 -8.6028e+00 1.9110e+01 7.7126e-01 -4.2181e+00 1.9507e+01 6.4881e-01 -1.8250e+01 -1.6467e+01 -1.2958e+01 -3.8411e+00 3.4385e+00 -2.0550e+01 -1.8806e+01 -1.8698e+01 1.2398e-02 5.9485e+00 -1.5936e+01 -1.1945e+01 -1.9137e+01 -2.8947e+00 6.6561e+00 -2.2704e+01 -2.1455e+01 -1.2136e+01 2.6746e+00 7.5398e-01 -5.4133e+00 -4.7494e+00 -2.0159e+01 -8.9322e+00 1.1311e+01 -1.2967e+01 -8.2162e-02 1.0279e+01 -2.0414e+01 -2.9937e+00 8.2788e+00 4.5203e+00 -1.1088e+01 -1.3639e+01 1.4477e+01 1.0807e+01 -9.4067e+00 3.1224e+00 7.2396e+00 -1.8261e+01 -1.7980e+01 -1.6429e+01 -1.6907e+01 4.9944e+00 5.8665e-01 -1.7166e+01 -1.6983e+01 -1.9644e+01 2.0745e+00 6.1460e+00 -1.3931e+01 -1.3760e+01 -1.3924e+01 -8.4131e+00 9.5291e+00 -1.1533e+01 -1.2670e+01 -1.4447e+01 -8.0305e+00 1.3108e+01 -1.5032e+01 -1.6831e+01 -1.2793e+01 -8.6399e+00 1.0296e+01
3 -9.0931e+00 1.6627e+01 -5.7780e+00 -7.7989e+00 1.9054e+01 -2.9972e+00 -6.6386e+00 1.7736e+01 -3.8041e+00 -9.1686e+00 1.7247e+01 7.8515e+00 -2.3406e+00 1.2591e+01 2.4432e+00 -4.4916e+00 1.6789e+01 7.6274e+00 1.7154e+01 -9.4667e+00 1.9175e+00 1.6183e+01 -8.9010e+00 2.5282e+00 -8.3904e+00 1.8367e+01 3.7411e+00 -9.3825e+00 1.3751e+01 7.1800e+00 -9.3714e+00 1.4667e+01 -9.3385e-01 -9.5435e+00 1.9390e+01 -5.6951e+00 -9.2725e+00 1.7242e+01 -1.3944e+00 1.7531e+01 -8.5542e+00 1.1428e+00 -1.6650e+01 -1.5556e+01 -1.6251e+01 -4.6390e+00 8.6907e+00 -1.1608e+01 -1.1808e+01 -2.1517e+01 -1.3938e+00 1.0231e+01 -1.9239e+01 -1.7031e+01 -2.0194e+01 -2.1567e+00 4.0473e+00 -1.4001e+01 -1.2631e+01 -2.0601e+01 -1.0883e+00 9.3231e+00 -8.2397e+00 -8.4954e+00 -1.4055e+01 3.8664e+00 -5.2728e+00 -1.0564e+01 -1.3045e+00 1.1553e+01 -1.8942e+01 -2.2747e+00 6.8548e+00 7.2664e+00 -1.4809e+01 -1.3945e+01 1.0346e+01 1.5404e+01 -3.7334e+00 1.1921e+01 -8.5807e-01 -2.0411e+01 -1.0649e+01 -8.4552e+00 -1.7245e+01 -7.1372e+00 1.3330e+01 -1.9119e+01 -1.6996e+01 -2.0256e+01 2.9271e+00 9.0766e-01 -2.1529e+01 -1.6984e+01 -1.4514e+01 -6.5389e+00 1.0102e+01 -1.9141e+01 -1.8347e+01 -1.4692e+01 -4.6778e+00 7.3971e+00 -1.9621e+01 -1.7472e+01 -1.9340e+01 -1.0474e+01 1.0389e+01
4 -8.7951e+00 1.7700e+01 -2.8807e+00 -8.4143e+00 1.7938e+01 -8.1067e-02 -7.2425e+00 1.2520e+01 -1.6872e+00 -7.9096e+00 1.7656e+01 3.2178e+00 -7.7560e+00 1.9429e+01 -3.8349e+00 -6.4514e+00 1.6453e+01 2.8686e+00 1.8604e+01 -8.8922e+00 1.5511e+00 1.2543e+01 -5.4582e+00 2.6817e+00 -3.3142e+00 1.5608e+01 1.0270e+01 -7.4739e+00 1.8445e+01 5.8171e+00 -8.4288e+00 1.8115e+01 -3.2308e+00 -9.3711e+00 1.8369e+01 -2.5064e-01 -7.3831e+00 1.8859e+01 -3.7397e+00 -5.6985e+00 1.7976e+01 -2.5115e-01 -2.0054e+01 -2.0289e+01 -1.7442e+01 2.6914e+00 -2.3546e+00 -1.9134e+01 -1.4920e+01 -1.5567e+01 -5.0289e+00 1.0677e+01 -1.8637e+01 -1.5558e+01 -2.0133e+01 -8.0459e+00 7.3293e+00 -1.0907e+01 -1.3036e+01 -1.8208e+01 -2.2674e+00 4.7431e+00 -1.6011e+01 -1.6129e+01 -1.6733e+01 -2.2781e+00 9.8349e+00 -1.6449e+01 -7.0256e+00 -2.0878e+00 -4.6363e+00 2.8549e+00 -1.4358e+01 2.3547e+00 1.4590e+01 -8.3311e+00 -1.3182e+01 4.1039e+00 -1.6475e+01 5.2055e+00 1.0513e+01 -1.3148e+01 9.0980e+00 1.1089e+01 9.4214e+00 9.7634e+00 5.5927e+00 -2.1357e+01 -1.9715e+01 -2.0496e+01 -1.8135e+00 7.2825e-01 -1.6688e+01 -1.4867e+01 -1.4422e+01 -4.0710e+00 1.0312e+01 -1.2733e+01 -1.3142e+01 -1.8724e+01 1.5513e+00 4.6320e+00 -1.4570e+01 -1.5674e+01 -1.6606e+01 -5.3529e+00 9.8606e+00
5 -8.5291e+00 1.9105e+01 -8.0674e+00 -9.7057e+00 1.4236e+01 4.6989e-01 -8.9729e+00 1.8503e+01 1.8549e+00 -8.6268e+00 1.9012e+01 4.8690e+00 -7.7109e+00 1.3930e+01 1.8878e+00 -7.7565e+00 1.4535e+01 3.9910e+00 1.3211e+01 -5.5503e+00 1.6092e+00 1.1730e+01 -9.2449e+00 -3.1431e+00 -9.1143e+00 1.8366e+01 -1.6664e+00 2.9106e+00 1.5781e+01 -2.4249e+00 -9.4351e+00 1.8024e+01 8.1396e+00 -9.3638e+00 1.7248e+01 3.1768e+00 -8.3743e+00 1.8330e+01 -2.4044e+00 -7.7610e+00 1.9286e+01 -2.7419e+00 -1.4446e+01 -1.5710e+01 -2.0566e+01 -8.9897e+00 9.0712e+00 -1.9474e+01 -1.9275e+01 -1.0635e+01 3.1536e+00 3.4192e+00 -1.9619e+01 -1.5618e+01 -8.2765e+00 -3.3980e+00 7.4470e+00 -2.0734e+01 -1.9683e+01 -1.4863e+01 6.7633e+00 -7.5179e-01 -1.5745e+01 -1.3542e+01 -1.7557e+01 -1.6501e-02 1.1232e+01 -1.8552e+01 -7.7793e+00 1.6117e+01 -1.0569e+01 -3.3773e+00 2.5368e+00 -6.5519e-01 -1.1748e+01 -1.2021e+01 1.1577e+01 1.3095e+01 -7.5319e+00 9.4075e+00 4.8272e+00 -6.5282e+00 -2.0413e+01 -1.6607e+01 3.8736e+00 6.0286e+00 1.0869e+00 -2.1284e+01 -1.9116e+01 -1.9778e+01 -1.9922e+00 6.3556e+00 -1.9880e+01 -2.0635e+01 -1.5672e+01 -1.2017e+00 5.8592e+00 -1.8970e+01 -1.8737e+01 -2.1116e+01 8.7817e+00 5.1753e+00 -2.0084e+01 -2.0193e+01 -1.3186e+01 -6.4697e+00 2.8018e+00
6 -9.7205e+00 1.8282e+01 1.2496e+00 -9.3856e+00 1.8214e+01 -2.6862e+00 -7.3395e+00 1.6005e+01 -3.5404e+00 -5.3279e+00 1.7537e+01 -3.0015e+00 -4.8497e+00 1.9251e+01 -2.1928e+00 -8.7449e+00 1.8224e+01 4.2635e+00 7.3770e+00 -9.6462e+00 1.8598e+00 3.1912e+00 -6.0779e+00 -4.1936e+00 -5.0021e+00 1.7280e+01 9.4813e+00 -9.4374e+00 1.8462e+01 5.0893e+00 -8.8959e+00 1.8804e+01 1.6069e-01 -3.4305e+00 1.2986e+01 4.4758e+00 -7.1753e+00 1.8800e+01 -7.6810e-01 -6.8776e+00 1.2233e+01 4.3120e+00 -1.2789e+01 -1.2963e+01 -1.7831e+01 -8.1024e+00 1.3696e+01 -2.0213e+01 -1.5433e+01 -1.7416e+01 -8.7386e+00 1.2840e+01 -2.2025e+01 -1.8494e+01 -1.2171e+01 -2.7412e+00 7.5042e+00 -2.1309e+01 -2.0520e+01 -1.3233e+01 1.4143e+00 -2.8232e+00 -1.4103e+01 -1.1633e+01 -1.2753e+01 2.9937e+00 4.1538e+00 -1.5405e+01 -1.0685e+01 1.6403e+01 5.1517e+00 -1.6319e+01 5.8251e+00 -1.9738e+00 -2.1414e+01 -1.2909e+01 1.2103e+01 -3.8322e+00 1.2223e+01 -1.7406e+01 1.0139e+00 1.0668e+01 1.1931e+01 1.4922e+01 1.6474e+01 1.6514e+01 -9.3072e+00 -2.0941e+01 -2.0062e+01 -1.1566e+01 -1.4396e+00 3.0871e+00 -1.3035e+01 -8.7593e+00 -2.0105e+01 -5.9490e+00 1.3672e+01 -2.2451e+01 -1.5976e+01 -1.5265e+01 8.6400e-01 1.6493e+00 -1.7700e+01 -1.4744e+01 -1.6231e+01 -9.7561e+00 1.3262e+01
7 -2.8198e+00 1.7660e+01 -6.4713e+00 -7.8307e+00 1.9069e+01 -2.7937e+00 -7.1347e+00 1.7333e+01 3.9057e-01 -5.2020e+00 1.7602e+01 2.6251e+00 -8.0920e+00 1.8181e+01 -5.1338e-01 -9.7162e+00 1.4844e+01 6.0432e+00 6.4683e+00 -5.2208e+00 2.1364e+00 8.7186e+00 -5.9113e+00 -5.7560e+00 -7.3527e+00 1.4975e+01 9.3754e+00 -8.9637e+00 1.8357e+01 -2.8863e+00 -7.6589e+00 1.8818e+01 -2.6981e+00 -9.7418e+00 1.5969e+01 4.6678e+00 -9.6916e+00 1.9359e+01 -2.0930e+00 -7.5076e+00 1.6313e+01 1.2605e+00 -1.7782e+01 -1.9308e+01 -1.8335e+01 5.3790e+00 1.0159e+00 -1.6740e+01 -1.5438e+01 -1.5454e+01 -5.4469e+00 1.0454e+01 -1.9003e+01 -1.4260e+01 -1.4736e+01 -5.1831e+00 1.0651e+01 -2.1202e+01 -1.6356e+01 -1.8059e+01 4.4965e+00 -1.1206e+00 -1.2994e+01 -1.4333e+01 -1.9244e+01 2.3910e+00 2.2617e-01 -1.8062e+01 -8.3797e+00 1.5057e+01 -6.3675e+00 -1.5290e+01 -1.9804e+00 -5.6787e+00 -1.0933e+01 -1.7567e+01 1.3611e+01 -2.5821e+00 1.2387e+01 -1.7814e+01 1.3759e-01 5.9870e+00 1.0121e+01 7.8644e+00 8.6130e-01 5.6583e+00 5.7288e+00 -2.1234e+01 -1.8199e+01 -8.2488e+00 -4.0698e+00 4.9556e+00 -1.5446e+01 -1.5524e+01 -1.4826e+01 -8.7612e+00 1.2743e+01 -1.6100e+01 -1.6095e+01 -1.3078e+01 1.1394e+00 -2.4097e+00 -1.8530e+01 -1.7615e+01 -2.1468e+01 -2.0843e+00 1.1396e+01
8 -8.9791e+00 1.1655e+01 -8.6624e+00 -8.8732e+00 1.8040e+01 3.7510e+00 -9.4029e+00 1.7159e+01 8.3427e-01 -5.3026e+00 1.2816e+01 7.0343e-01 -8.4374e+00 1.8426e+01 3.8016e+00 -5.0385e+00 1.6963e+01 8.2603e+00 1.2666e+01 -4.6537e+00 3.4303e+00 1.0509e+01 -7.4276e+00 7.5186e-01 -7.4691e+00 1.4538e+01 5.4206e+00 -8.1417e+00 1.6080e+01 3.3736e+00 -8.0916e+00 1.8278e+01 -1.5121e+00 -4.6438e+00 1.8016e+01 -3.5674e+00 -8.1683e+00 1.5110e+01 6.1258e+00 -9.4780e+00 1.9009e+01 -8.8682e-02 -1.3229e+01 -1.4264e+01 -1.6037e+01 -4.6782e+00 1.0558e+01 -1.5509e+01 -1.2989e+01 -2.1537e+01 -4.6656e+00 1.0363e+01 -2.1401e+01 -1.9603e+01 -1.9381e+01 2.5291e+00 1.0835e+00 -1.8818e+01 -1.7472e+01 -1.8098e+01 8.3317e+00 2.1028e+00 -5.0638e+00 -6.7751e+00 -1.3052e+01 -6.0515e+00 9.7743e+00 -1.4114e+01 -7.4922e+00 1.6175e+01 -1.7457e+01 4.9234e+00 5.4037e+00 1.1377e+01 -1.4612e+01 -4.4198e+00 8.1554e+00 9.5681e+00 -9.3409e+00 4.4284e+00 6.5046e+00 -1.7129e+01 -1.6727e+01 -1.7348e+01 -1.7426e+01 6.2189e+00 1.5193e+00 -2.1572e+01 -1.9590e+01 -1.4709e+01 9.5251e-01 5.4334e+00 -1.9978e+01 -1.7124e+01 -1.5003e+01 -3.9580e+00 1.0849e+01 -2.2251e+01 -1.9526e+01 -1.0477e+01 3.0196e+00 -5.2611e+00 -1.8678e+01 -1.7182e+01 -1.7698e+01 -5.5191e+00 1.0796e+01
9 -5.5125e+00 1.6914e+01 -7.3392e+00 -9.7315e+00 1.7319e+01 3.5451e-01 -7.3840e+00 1.7853e+01 2.8875e-01 -9.2340e+00 1.7816e+01 7.7773e+00 -7.7956e+00 1.8916e+01 -7.7817e-01 -6.5658e+00 1.6987e+01 2.7669e+00 1.5819e+01 -8.1824e+00 8.4716e+00 8.2338e+00 -3.1168e+00 2.0154e+00 -6.8495e+00 1.3509e+01 1.0066e+01 -7.8521e+00 1.7129e+01 3.6593e+00 -5.5318e+00 1.8800e+01 -2.8111e+00 -8.5793e+00 1.8468e+01 -2.6400e+00 -7.6614e+00 1.6926e+01 -4.2849e+00 -6.6840e+00 1.8830e+01 -4.0769e+00 -1.3628e+01 -1.0680e+01 -2.2014e+01 2.4057e+00 6.4470e+00 -1.4644e+01 -1.3582e+01 -1.5454e+01 -1.3948e+01 1.5516e+01 -1.8695e+01 -1.5479e+01 -1.5240e+01 -4.7243e+00 8.4622e+00 -1.9187e+01 -1.5440e+01 -1.7670e+01 3.4935e+00 5.8741e+00 -5.1909e+00 -1.0111e+01 -1.8471e+01 -4.4412e+00 9.6184e+00 -1.1060e+01 -3.0864e+00 9.7614e+00 -2.2291e+01 5.1091e+00 6.4193e+00 6.7212e+00 -1.6644e+01 -6.7353e+00 4.8803e+00 2.3517e+00 1.1302e+01 -1.6460e+01 1.2017e+01 -5.1448e+00 1.0518e+01 3.6616e+00 3.7695e-01 3.8325e+00 5.9271e+00 -1.9355e+01 -1.5903e+01 -1.7415e+01 -4.2363e+00 1.1198e+01 -1.1955e+01 -1.5189e+01 -1.6996e+01 9.9427e+00 9.6379e-01 -1.8436e+01 -1.3768e+01 -1.4631e+01 -1.2017e+01 1.3518e+01 -1.7935e+01 -1.4878e+01 -1.8564e+01 -2.6869e+00 9.2288e+00
10 -8.2402e-01 1.7883e+01 -2.0512e+00 -9.2450e+00 1.7987e+01 2.0020e+00 -7.2765e+00 1.9288e+01 -5.2805e+00 -8.9004e+00 1.8805e+01 -5.9333e-02 -7.7478e+00 1.5035e+01 -3.2491e+00 -9.3324e+00 1.3727e+01 2.8590e+00 1.6288e+01 -8.8867e+00 -7.5184e-01 9.4124e+00 -7.2457e+00 -4.0197e-01 -9.5327e+00 1.6698e+01 1.0260e+01 -8.5480e+00 1.9071e+01 5.9079e-01 -7.6444e+00 1.6913e+01 -5.9449e+00 -8.5641e+00 1.5086e+01 -2.9269e+00 -4.8979e+00 1.5048e+01 -3.4063e+00 -7.3400e+00 1.9501e+01 -1.9034e+00 -1.7488e+01 -1.5647e+01 -1.3098e+01 -4.4928e+00 1.0314e+01 -1.6960e+01 -1.7221e+01 -1.8426e+01 2.5301e+00 4.0800e+00 -1.7267e+01 -1.8615e+01 -1.6916e+01 -6.8527e+00 1.1617e+01 -1.4452e+01 -1.4790e+01 -2.0442e+01 -4.1063e+00 9.1700e+00 -1.7492e+01 -1.7448e+01 -1.8747e+01 -6.3472e+00 9.7320e+00 -1.4963e+01 -2.8098e+00 1.4270e+01 -1.5597e+01 -5.6623e+00 5.2543e+00 6.9639e+00 -1.9159e+01 3.5316e-01 2.4085e+00 -1.0224e+01 1.4174e+01 -2.1628e+01 -3.5025e-01 5.1899e+00 -1.9192e+01 -2.0266e+01 1.4864e+00 -6.4340e+00 1.6174e+00 -2.0220e+01 -1.9355e+01 -1.8980e+01 3.2190e+00 4.4699e+00 -1.7370e+01 -1.4689e+01 -1.6669e+01 3.3469e+00 3.9157e+00 -2.1011e+01 -1.5399e+01 -1.2839e+01 -6.0328e+00 4.6343e+00 -1.5954e+01 -1.6034e+01 -1.6820e+01 2.9745e+00 2.6411e+00
