frame G1:C1-C2 G1:C3-C4 G1:C1-CC G2:C1-C2 G2:C3-C4 G2:C1-CC C3:C1-C2 C3:C3-C4 C3:C1-CC A4:C1-C2 A4:C3-C4 A4:C1-CC C5:C1-C2 C5:C3-C4 C5:C1-CC G6:C1-C2 G6:C3-C4 G6:C1-CC C7:C1-C2 C7:C3-C4 C7:C1-CC A8:C1-C2 A8:C3-C4 A8:C1-CC A9:C1-C2 A9:C3-C4 A9:C1-CC G10:C1-C2 G10:C3-C4 G10:C1-CC U11:C1-C2 U11:C3-C4 U11:C1-CC G12:C1-C2 G12:C3-C4 G12:C1-CC C13:C1-C2 C13:C3-C4 C13:C1-CC C14:C1-C2 C14:C3-C4 C14:C1-CC G1:C4p-P-plus G1:C3p-P-plus G2:C4p-P G2:C5p-P G2:C5s-P G2:C4p-P-plus G2:C3p-P-plus C3:C4p-P C3:C5p-P C3:C5s-P C3:C4p-P-plus C3:C3p-P-plus A4:C4p-P A4:C5p-P A4:C5s-P A4:C4p-P-plus A4:C3p-P-plus C5:C4p-P C5:C5p-P C5:C5s-P C5:C4p-P-plus C5:C3p-P-plus G6:C4p-P G6:C5p-P G6:C5s-P G6:C4p-P-plus G6:C3p-P-plus C7:C4p-P C7:C5p-P C7:C5s-P C7:C4p-P-plus C7:C3p-P-plus A8:C4p-P A8:C5p-P A8:C5s-P A8:C4p-P-plus A8:C3p-P-plus A9:C4p-P A9:C5p-P A9:C5s-P A9:C4p-P-plus A9:C3p-P-plus G10:C4p-P G10:C5p-P G10:C5s-P G10:C4p-P-plus G10:C3p-P-plus U11:C4p-P U11:C5p-P U11:C5s-P U11:C4p-P-plus U11:C3p-P-plus G12:C4p-P G12:C5p-P G12:C5s-P G12:C4p-P-plus G12:C3p-P-plus C13:C4p-P C13:C5p-P C13:C5s-P C13:C4p-P-plus C13:C3p-P-plus C14:C4p-P C14:C5p-P C14:C5s-P
0 -4.1648e+00 1.8891e+01 6.6397e+00 2.5224e-01 1.5018e+01 7.9189e-01 -9.4691e+00 1.7406e+01 1.5399e+00 -9.6731e+00 1.8406e+01 9.6135e+00 -5.1700e+00 1.7316e+01 1.0276e+00 1.8859e+01 -8.9877e+00 9.2912e+00 9.5039e+00 1.2640e+01 -4.3386e+00 1.3672e+01 1.0860e+01 4.3151e+00 -5.8296e+00 1.8324e+01 1.8642e+01 -8.6496e+00 1.9405e+01 1.3642e+01 -8.3673e+00 1.8187e+01 -8.7702e-02 -9.0258e+00 1.9425e+01 1.0628e+00 -9.2224e+00 1.9189e+01 4.9381e-01 -9.5762e+00 1.8102e+01 1.2857e-01 -1.8142e+01 -1.8593e+01 -1.8792e+01 5.4730e+00 3.4354e+00 -1.8572e+01 -1.7707e+01 -1.8119e+01 -1.1768e+00 5.9746e+00 -1.9070e+01 -1.4448e+01 -1.1986e+01 -1.3101e+00 7.7396e+00 -1.6024e+01 -1.3270e+01 -1.7616e+01 -5.0607e+00 9.4699e+00 -1.4414e+01 -1.2406e+01 -1.6519e+01 -9.0418e+00 1.0197e+01 1.5959e+01 2.2674e+00 1.3632e+01 -2.1559e+01 -1.0371e+00 9.0094e+00 1.1921e+01 -1.4070e+01 -1.5394e+01 1.2980e+01 -1.2427e+01 -9.5528e+00 1.6339e+01 1.1575e+01 -8.2375e+00 9.8207e+00 1.1572e+01 1.5257e+01 1.4383e+01 -4.1916e+00 -1.8167e+01 -1.6866e+01 -1.4270e+01 -1.4792e+00 4.8545e+00 -1.9927e+01 -1.6739e+01 -1.7020e+01 -8.8585e+00 1.2752e+01 -1.0549e+01 -9.8304e+00 -2.0094e+01 5.0240e+00 5.0207e+00 -1.5737e+01 -1.7318e+01 -1.7426e+01 -7.4045e+00 7.8828e+00
1 -9.6537e+00 1.1965e+01 5.8135e+00 -9.2689e+00 1.8375e+01 4.9493e-02 -8.8904e+00 1.8010e+01 -2.0550e+00 -7.7419e+00 1.8673e+01 7.7729e+00 -6.0088e+00 1.3290e+01 -1.7024e+00 -8.2243e+00 1.5329e+01 7.3830e+00 1.4892e+01 -6.7746e+00 -4.7024e+00 1.7574e+01 -7.8689e+00 5.3197e+00 -8.0240e+00 7.4668e+00 1.7907e+01 -3.2617e+00 1.8140e+01 -2.9356e+00 -7.9030e+00 1.8380e+01 1.0450e+00 -8.0432e+00 1.7472e+01 -1.5368e+00 -9.0681e+00 1.8359e+01 4.0729e-01 -7.1744e+00 1.7847e+01 2.1402e+00 -2.2616e+01 -1.5448e+01 -1.4649e+01 -6.1763e+00 1.2227e+01 -2.1978e+01 -1.9276e+01 -1.2329e+01 -5.4080e+00 7.6839e+00 -1.9336e+01 -1.9521e+01 -1.4579e+01 5.5616e+00 -1.0168e+00 -2.0528e+01 -1.7387e+01 -1.7728e+01 -7.2197e+00 1.0997e+01 -8.3103e+00 -1.1987e+01 -1.9069e+01 -3.8447e+00 1.3252e+01 -1.2103e+01 -1.4321e-01 1.5487e+01 -7.0052e+00 -1.5673e-01 5.6383e+00 1.2208e+01 -1.8559e+01 -6.1358e+00 8.2049e+00 1.2573e+01 -7.0379e+00 9.9632e+00 1.0943e+01 -1.2806e+01 5.0579e+00 7.3142e+00 1.5756e+01 1.6531e+01 -1.4270e+01 -1.9137e+01 -1.7937e+01 -1.8755e+01 -2.6115e+00 4.7567e+00 -1.8467e+01 -1.7404e+01 -1.8711e+01 -3.9248e+00 1.1231e+01 -1.4939e+01 -9.6444e+00 -2.0242e+01 -4.5461e+00 1.5482e+01 -2.0301e+01 -1.6954e+01 -1.6782e+01 -6.4727e+00 1.1180e+01
2 -8.9963e+00 1.6293e+01 -1.0305e+00 -9.7461e+00 1.7031e+01 7.7402e-01 -5.1040e+00 1.6472e+01 -4.7356e+00 -6.3856e+00 1.5902e+01 7.2175e+00 -6.1470e+00 1.8313e+01 -2.3755e+00 1.4754e+01 -3.7411e+00 1.1771e+01 -7.6232e+00 5.0852e+00 -6.9014e+00 1.8798e+01 -8.5625e+00 5.8827e+00 -2.4307e+00 7.2161e+00 1.7979e+01 4.9156e+00 1.9014e+01 -2.8155e+00 -7.0584e+00 1.7656e+01 3.0377e-02 -9.7143e+00 1.7615e+01 -6.8686e-01 -8.5621e+00 1.8802e+01 -4.8736e+00 -3.9152e+00 1.9027e+01 -5.2379e+00 -1.9495e+01 -1.4406e+01 -1.3557e+01 -1.7101e+00 4.3740e+00 -2.0185e+01 -1.7388e+01 -1.7455e+01 -2.9560e+00 6.4676e+00 -1.1005e+01 -1.0860e+01 -1.9974e+01 -8.6833e+00 1.1644e+01 -1.9663e+01 -1.3921e+01 -1.7242e+01 -4.1883e+00 1.2554e+01 -1.4309e+01 -1.5512e+01 -9.4608e+00 -1.4562e+01 1.1915e+01 1.2360e+01 -4.7339e+00 8.3381e+00 9.6101e+00 -1.7496e+01 3.1902e+00 1.1292e+01 -1.8695e+01 -1.0492e+01 1.1846e+01 9.2387e+00 -1.2907e+01 8.3048e+00 1.0669e+01 -1.3127e+01 5.3407e+00 1.1374e+01 1.6098e+01 1.4805e+01 -8.8992e+00 -1.9175e+01 -1.6880e+01 -1.1517e+01 7.8103e+00 -7.2714e+00 -1.9657e+01 -1.3611e+01 -1.9004e+01 -7.7294e+00 1.0835e+01 -2.0837e+01 -1.5720e+01 -1.2767e+01 -2.8061e+00 8.6508e+00 -1.4907e+01 -1.3340e+01 -1.5994e+01 -6.6879e+00 7.2117e+00
3 -8.8859e+00 1.8782e+01 -9.2328e-01 -9.4560e+00 1.7315e+01 -4.1641e-02 -7.8340e+00 1.5271e+01 -7.3890e+00 -9.7432e+00 1.8955e+01 4.5351e+00 -6.2638e+00 1.8450e+01 -2.3107e-01 1.8233e+01 -8.3775e+00 5.7846e+00 8.0855e+00 5.7178e+00 -9.4215e-01 1.9485e+01 3.4701e+00 6.1786e+00 -6.1205e+00 1.6626e+01 1.8767e+01 5.5739e-01 1.7850e+01 -1.5666e-01 5.3306e-02 1.6192e+01 -2.6704e+00 -9.0425e+00 1.9252e+01 2.2952e+00 -6.3761e+00 1.2337e+01 -1.1924e+00 -9.1484e+00 1.4433e+01 -2.9454e+00 -1.4308e+01 -1.5264e+01 -1.8488e+01 -4.1554e+00 1.1861e+01 -2.0143e+01 -2.0370e+01 -1.4428e+01 -1.4494e+01 1.2386e+01 -1.9653e+01 -1.2210e+01 -1.9280e+01 -7.8566e+00 1.2785e+01 -2.1410e+01 -2.0206e+01 -1.2354e+01 -2.4791e+00 5.3136e+00 -2.8495e+00 -8.7116e+00 -1.9113e+01 -7.1103e+00 1.2199e+01 1.4497e+01 1.5187e+00 1.2774e+01 -1.8319e+01 -8.7940e+00 6.6939e+00 1.0008e+01 -1.0603e+01 -1.4148e+01 1.0029e+01 -2.0838e-01 -7.9253e+00 1.3142e+01 1.2829e+01 -1.6172e+01 8.0895e+00 9.8403e+00 1.5969e+01 1.5715e+01 -4.2369e+00 -2.1053e+01 -1.8676e+01 -1.3041e+01 3.8746e+00 4.3271e+00 -1.8710e+01 -1.0789e+01 -1.4094e+01 9.7262e+00 -1.0438e+01 -2.0197e+01 -2.0676e+01 -1.6434e+01 -8.4232e+00 1.2658e+01 -1.8337e+01 -1.6072e+01 -1.5276e+01 -1.7300e+00 4.3307e+00
4 -8.7159e+00 1.6948e+01 -2.4185e+00 -9.4835e+00 1.5536e+01 1.2627e-01 -8.2867e+00 1.8471e+01 -4.1705e+00 -8.1049e+00 1.7339e+01 6.0634e+00 -7.1803e+00 1.7905e+01 6.0453e+00 1.8750e+01 -5.3662e+00 9.9145e+00 5.7374e+00 9.6644e+00 -2.5935e+00 1.8145e+01 -2.3633e+00 3.8957e+00 -6.8778e+00 1.1754e+01 1.8468e+01 -7.1410e+00 1.8729e+01 -3.0085e+00 -9.1169e+00 1.7427e+01 -5.7777e-01 -9.6434e+00 1.8659e+01 5.4554e+00 -8.8663e+00 1.8613e+01 -2.3520e+00 -7.8141e+00 1.9088e+01 5.1114e+00 -1.7587e+01 -1.1899e+01 -1.4689e+01 -3.8184e+00 1.3645e+01 -1.7070e+01 -2.0675e+01 -1.7188e+01 -2.7049e+00 6.7745e+00 -1.8450e+01 -1.5368e+01 -1.0473e+01 -9.4713e+00 7.0857e+00 -2.1158e+01 -1.5867e+01 -1.3851e+01 -1.6649e+00 8.1546e+00 -7.1526e+00 -1.0615e+01 -1.3499e+01 2.2414e+00 7.9076e+00 1.4933e+01 1.8872e-01 1.4256e+01 -2.0624e+01 -4.2806e+00 8.2038e+00 1.2732e+01 -1.4297e+01 -1.5082e+01 1.1562e+01 -5.3890e+00 -9.7734e+00 1.3276e+01 1.1176e+01 -1.0761e+01 5.4841e+00 9.9525e+00 1.1155e+01 1.2824e+01 -3.4678e+00 -2.0649e+01 -1.7570e+01 -1.3064e+01 -6.3160e+00 1.2395e+01 -2.1557e+01 -2.1220e+01 -1.2919e+01 -1.6248e-01 -6.4462e+00 -1.7054e+01 -1.5407e+01 -1.3078e+01 -1.0192e+01 9.3873e+00 -1.5588e+01 -1.4139e+01 -1.7980e+01 6.9274e+00 -3.4640e+00
5 -7.9545e+00 1.5218e+01 -3.0415e+00 -7.3268e+00 1.5315e+01 -8.8074e-01 -9.1476e+00 1.6883e+01 -5.8204e-01 -9.7128e+00 1.7097e+01 3.6084e+00 -4.9116e+00 1.2065e+01 -2.8527e+00 -8.7402e+00 1.3572e+01 6.4109e+00 4.3608e+00 -8.5766e+00 -8.0520e+00 4.3712e+00 -9.4413e+00 -1.8778e-01 -5.6398e+00 1.3360e+01 1.8591e+01 -8.6833e+00 1.8155e+01 6.4441e+00 -8.9633e+00 1.8741e+01 -2.6625e+00 -9.7420e+00 1.8511e+01 4.3956e-02 -6.1871e+00 1.5295e+01 -2.3599e+00 -4.3723e+00 1.4915e+01 -7.7574e-01 -1.5276e+01 -1.9105e+01 -1.8004e+01 -1.4656e+00 3.1185e+00 -2.2742e+01 -1.9241e+01 -1.5252e+01 4.8427e+00 -5.0317e+00 -2.1438e+01 -1.6253e+01 -1.7169e+01 6.7398e+00 4.0498e+00 -1.8251e+01 -1.4428e+01 -1.7771e+01 -5.1303e+00 1.2387e+00 -1.1386e+01 -1.3732e+01 -1.7235e+01 -8.4420e+00 9.1313e+00 -1.0261e+01 2.4538e+00 1.6185e+01 -1.2801e+01 -7.1474e+00 5.4531e+00 3.0090e+00 -2.0596e+01 -9.8032e+00 1.1017e+01 1.3347e+01 -6.4634e+00 1.4003e+01 1.2405e+01 -9.4786e+00 9.8738e+00 2.8882e+00 2.3036e+00 4.6807e+00 4.3923e+00 -1.4318e+01 -1.6553e+01 -2.1593e+01 3.1383e+00 5.4018e+00 -1.5054e+01 -1.1603e+01 -1.9273e+01 -4.3109e+00 1.1227e+01 -1.7367e+01 -1.6663e+01 -1.4403e+01 -2.6021e+00 6.7733e+00 -2.1470e+01 -1.6945e+01 -1.6761e+01 -5.2448e+00 7.0855e+00
6 -9.6736e+00 1.8796e+01 -3.6055e+00 -8.2877e+00 1.4651e+01 -3.5937e+00 -7.8102e+00 1.8169e+01 1.9400e+00 -8.6883e+00 1.8440e+01 5.5991e+00 -8.0214e+00 1.9391e+01 -1.0376e+00 -6.3559e+00 1.6454e+01 8.9690e+00 1.5805e+01 4.3302e-01 4.3741e+00 1.8304e+01 -4.2718e+00 4.3310e+00 -4.9432e+00 4.6318e+00 1.7919e+01 2.1563e+00 1.9348e+01 1.9869e+00 -8.8111e+00 1.6982e+01 -2.8445e+00 -8.3174e+00 1.6179e+01 -3.1415e+00 -8.3300e+00 1.8081e+01 -3.9607e+00 -3.6651e+00 1.8078e+01 -2.1691e-01 -1.8470e+01 -1.5862e+01 -1.8436e+01 -1.8412e+00 7.2360e+00 -2.2731e+01 -1.7678e+01 -1.3411e+01 2.7736e+00 2.2004e+00 -1.5756e+01 -1.7819e+01 -1.7903e+01 -7.0450e+00 1.1917e+01 -1.7741e+01 -1.6283e+01 -1.1187e+01 -1.8653e+00 2.0315e+00 -9.2788e+00 -1.1630e+01 -1.7150e+01 8.0969e-01 1.2617e+01 -1.5564e+01 -6.2769e+00 9.7390e+00 4.3109e+00 2.5679e+00 5.2121e+00 7.0216e+00 -1.1680e+01 -1.5561e+01 1.2572e+01 4.9867e+00 -7.9387e+00 1.4118e+01 1.3461e+01 -1.3030e+01 5.2455e+00 1.2013e+01 1.5091e+01 1.4736e+01 -9.3820e+00 -1.6689e+01 -1.7022e+01 -1.3747e+01 3.3509e+00 -5.4302e+00 -1.4050e+01 -1.6341e+01 -2.1253e+01 1.4390e+00 5.5755e+00 -1.9342e+01 -1.7943e+01 -1.5379e+01 -8.6899e+00 1.3807e+01 -1.5045e+01 -1.6746e+01 -1.4110e+01 -7.5919e+00 1.1250e+01
7 -7.5587e+00 1.9123e+01 -6.8595e+00 -5.4863e+00 1.8535e+01 -2.3187e+00 -8.7327e+00 1.8762e+01 3.0857e+00 -6.8351e+00 1.6439e+01 -3.6049e-02 -8.0344e+00 1.7620e+01 7.1428e+00 1.3287e+01 -8.8377e+00 8.7923e+00 -6.0774e+00 1.5741e+01 -2.5860e-01 1.8002e+01 6.9043e+00 1.0207e+01 5.9711e+00 1.6260e+01 1.8577e+01 3.3611e+00 1.9446e+01 5.0333e+00 -6.4763e+00 1.6991e+01 -1.3551e+00 -9.4790e+00 1.9045e+01 3.6721e+00 -6.3277e+00 1.6258e+01 -2.5393e+00 -3.1913e+00 1.7005e+01 4.7331e+00 -1.9895e+01 -1.8372e+01 -1.5576e+01 -1.0159e+01 1.2425e+01 -1.9469e+01 -1.9358e+01 -1.1880e+01 -1.2973e+01 1.3914e+01 -1.9832e+01 -1.6025e+01 -1.8830e+01 -6.5285e+00 1.0288e+01 -1.7550e+01 -1.4823e+01 -1.6407e+01 -3.1633e+00 7.9521e+00 -1.3238e+01 -1.3513e+01 -1.4354e+01 -1.0073e+01 1.1488e+01 1.5727e+01 -1.7961e+00 1.5791e+01 -1.3763e+01 -1.4735e+01 4.2842e+00 1.1224e+01 -4.8190e+00 7.0646e+00 -1.6786e+01 -4.4794e+00 -6.1246e+00 1.5963e+01 1.3768e+01 -1.0052e+01 2.9361e+00 3.1833e+00 1.5889e+01 1.6632e+01 -1.3135e+01 -1.4431e+01 -1.3215e+01 -1.6332e+01 4.7047e+00 -2.1171e+00 -1.4172e+01 -1.4745e+01 -1.9760e+01 -1.0705e+01 1.1815e+01 -1.7447e+01 -1.6064e+01 -1.8542e+01 -4.8205e+00 1.4495e+01 -1.0737e+01 -1.5051e+01 -1.8858e+01 -4.9098e+00 8.9702e+00
8 -7.5345e+00 1.3943e+01 1.6640e+00 -7.9484e+00 1.7268e+01 2.4801e+00 -8.8662e+00 1.7172e+01 6.5500e-01 -9.7223e+00 1.8712e+01 5.3887e+00 -6.1110e+00 1.6947e+01 -3.3821e+00 -7.2987e+00 1.7394e+01 3.8290e+00 1.1646e+01 -9.1539e+00 8.8224e-01 8.4916e+00 -9.1497e+00 1.4888e+00 -9.6664e+00 1.8389e+01 1.8719e+01 -6.5951e+00 1.9015e+01 3.7138e+00 -9.4410e+00 1.7979e+01 -1.8364e+00 -9.3481e+00 1.3354e+01 6.3834e+00 -9.6986e+00 1.8089e+01 -4.5249e-01 -8.4164e+00 1.6484e+01 2.6603e+00 -1.4427e+01 -1.4380e+01 -1.7408e+01 -2.1584e+00 5.4850e+00 -1.9325e+01 -1.9370e+01 -1.8488e+01 3.8606e+00 4.4824e+00 -1.7057e+01 -1.9394e+01 -2.1250e+01 -2.3566e+00 1.1452e+01 -9.7785e+00 -9.9012e+00 -2.0156e+01 -5.5401e+00 9.6052e+00 -1.8374e+01 -1.8837e+01 -1.5098e+01 2.2542e+00 1.4561e+00 -2.9930e+00 3.8978e+00 1.5796e+01 -9.9469e+00 -5.4292e+00 6.0841e+00 4.1522e+00 -2.1456e+01 -8.1706e+00 1.3615e+01 1.5311e+01 -3.6542e+00 8.2000e+00 4.9237e+00 -9.3832e+00 1.1014e+01 1.2170e+01 1.7360e+01 1.7224e+01 -1.3643e+01 -1.8195e+01 -1.9467e+01 -1.6532e+01 1.4760e-01 3.0243e+00 -1.5574e+01 -1.1936e+01 -2.2253e+01 -7.0581e+00 1.2300e+01 -1.6059e+01 -1.2215e+01 -1.7049e+01 -3.2848e+00 1.1316e+01 -2.0820e+01 -1.8539e+01 -1.7344e+01 -3.6692e+00 1.0088e+01
