frame G1:C1-C2 G1:C3-C4 G1:C1-CC G2:C1-C2 G2:C3-C4 G2:C1-CC C3:C1-C2 C3:C3-C4 C3:C1-CC A4:C1-C2 A4:C3-C4 A4:C1-CC C5:C1-C2 C5:C3-C4 C5:C1-CC G6:C1-C2 G6:C3-C4 G6:C1-CC C7:C1-C2 C7:C3-C4 C7:C1-CC A8:C1-C2 A8:C3-C4 A8:C1-CC A9:C1-C2 A9:C3-C4 A9:C1-CC G10:C1-C2 G10:C3-C4 G10:C1-CC U11:C1-C2 U11:C3-C4 U11:C1-CC G12:C1-C2 G12:C3-C4 G12:C1-CC C13:C1-C2 C13:C3-C4 C13:C1-CC C14:C1-C2 C14:C3-C4 C14:C1-CC G1:C4p-P-plus G1:C3p-P-plus G2:C4p-P G2:C5p-P G2:C5s-P G2:C4p-P-plus G2:C3p-P-plus C3:C4p-P C3:C5p-P C3:C5s-P C3:C4p-P-plus C3:C3p-P-plus A4:C4p-P A4:C5p-P A4:C5s-P A4:C4p-P-plus A4:C3p-P-plus C5:C4p-P C5:C5p-P C5:C5s-P C5:C4p-P-plus C5:C3p-P-plus G6:C4p-P G6:C5p-P G6:C5s-P G6:C4p-P-plus G6:C3p-P-plus C7:C4p-P C7:C5p-P C7:C5s-P C7:C4p-P-plus C7:C3p-P-plus A8:C4p-P A8:C5p-P A8:C5s-P A8:C4p-P-plus A8:C3p-P-plus A9:C4p-P A9:C5p-P A9:C5s-P A9:C4p-P-plus A9:C3p-P-plus G10:C4p-P G10:C5p-P G10:C5s-P G10:C4p-P-plus G10:C3p-P-plus U11:C4p-P U11:C5p-P U11:C5s-P U11:C4p-P-plus U11:C3p-P-plus G12:C4p-P G12:C5p-P G12:C5s-P G12:C4p-P-plus G12:C3p-P-plus C13:C4p-P C13:C5p-P C13:C5s-P C13:C4p-P-plus C13:C3p-P-plus C14:C4p-P C14:C5p-P C14:C5s-P
0 -8.9600e+00 1.8036e+01 -5.9678e+00 -6.6546e+00 1.7543e+01 -4.1705e+00 -5.7941e+00 1.8479e+01 -3.7825e+00 -9.0916e+00 1.5935e+01 2.0634e+00 -8.9665e+00 1.7433e+01 -4.0806e+00 -9.0376e+00 1.5211e+01 -9.7668e-01 1.8371e+01 -6.9830e+00 6.9354e+00 1.8301e+01 -7.0423e+00 1.6270e+01 -4.7223e+00 1.5780e+01 1.7374e+01 -8.3394e+00 1.7739e+01 8.0561e-01 -8.4773e+00 1.5837e+01 4.1765e-01 -6.1507e+00 1.8050e+01 -2.4836e+00 -7.8763e+00 1.8504e+01 1.4178e+00 -6.7495e+00 1.6277e+01 9.8306e-01 -1.7157e+01 -1.9528e+01 -1.7067e+01 -7.4637e+00 1.0455e+01 -2.0030e+01 -1.7158e+01 -1.4941e+01 -3.3242e+00 9.8726e+00 -1.2895e+01 -1.3180e+01 -1.9434e+01 -7.0793e+00 1.2113e+01 -1.7650e+01 -1.5410e+01 -2.0533e+01 -6.4532e+00 1.1450e+01 -1.5522e+01 -1.7720e+01 -1.5140e+01 -3.8631e+00 7.8580e+00 -1.6803e+01 -1.4038e+01 -5.1755e+00 1.0944e+01 -1.4820e+01 6.3493e+00 9.4835e+00 -1.2931e+01 -1.7742e+00 4.3673e+00 -1.7494e+01 -7.5758e+00 -2.0292e+01 -7.9354e+00 1.1388e+01 1.0973e+01 1.0065e+01 1.1392e+01 7.1084e+00 3.7966e+00 -1.6161e+01 -1.4630e+01 -2.1370e+01 -8.2850e-01 8.4455e+00 -2.0627e+01 -1.5921e+01 -1.4470e+01 2.4890e-01 6.3120e+00 -1.7735e+01 -1.3292e+01 -1.3606e+01 2.4970e+00 -7.6607e-01 -1.5049e+01 -1.7894e+01 -2.0410e+01 4.0462e+00 6.2519e+00
1 -9.0834e+00 1.7471e+01 1.9497e+00 -9.4427e+00 1.8461e+01 -2.2856e+00 -7.9851e+00 1.3237e+01 -1.2044e+00 -9.2363e+00 1.3974e+01 2.2875e+00 -5.0242e+00 1.9131e+01 -3.5963e+00 -4.6748e+00 1.6744e+01 -4.9069e+00 1.3903e+01 -4.4139e+00 1.4584e+00 1.9487e+01 -8.1750e+00 1.4281e+01 -6.4322e-01 1.9222e+01 1.7354e+01 -9.6227e+00 1.9203e+01 9.1839e+00 -7.7720e+00 1.8946e+01 1.3817e+00 -8.0463e+00 1.8739e+01 -1.2899e-02 -9.4234e+00 1.9071e+01 -3.9486e+00 -9.1986e+00 1.6486e+01 -5.0090e+00 -2.2092e+01 -1.8604e+01 -1.9647e+01 6.9701e+00 6.0542e+00 -1.8339e+01 -1.6162e+01 -1.7406e+01 -6.3577e+00 9.4227e+00 -1.8899e+01 -1.1563e+01 -1.5183e+01 -4.1857e+00 5.7077e+00 -1.8540e+01 -1.4020e+01 -1.6631e+01 -4.1379e+00 8.8678e+00 -1.1719e+01 -1.0922e+01 -1.4161e+01 1.4779e+00 9.4243e+00 -2.1403e+01 -1.8826e+01 -3.2389e+00 1.5016e+01 -1.8756e+01 3.9262e+00 -2.9193e+00 -1.9745e+01 5.6405e-01 3.2236e+00 -9.3776e+00 -1.3211e+01 -2.0780e+01 4.4084e+00 8.0726e+00 -1.9679e+00 1.8417e-01 1.3663e+01 1.7269e+01 -1.5973e+01 -2.0249e+01 -1.9347e+01 -1.3962e+01 -3.5624e+00 7.4611e+00 -1.2480e+01 -1.6448e+01 -1.8560e+01 3.5881e+00 1.1203e+00 -1.9601e+01 -1.7499e+01 -9.5190e+00 8.1732e-01 2.9842e+00 -7.8832e+00 -1.2289e+01 -2.0177e+01 -8.5425e+00 9.7739e+00
2 -9.7523e+00 1.5317e+01 -8.0625e+00 -9.6755e+00 1.1597e+01 -5.8078e+00 -6.9608e+00 1.2732e+01 -5.5864e+00 -9.7445e+00 1.8677e+01 3.7438e+00 -8.5324e+00 1.9031e+01 1.9690e+00 -2.0580e+00 6.2130e+00 3.6229e+00 1.7731e+01 -9.7484e+00 -1.5935e-01 1.7322e+01 -8.9991e+00 -5.2385e+00 -5.6904e+00 1.1367e+01 1.8139e+01 -9.2850e+00 1.8268e+01 2.9489e+00 -8.3758e+00 1.7769e+01 3.9911e-01 -9.3493e+00 1.7866e+01 9.9309e+00 -8.9385e+00 1.8395e+01 -3.9934e+00 -8.3847e+00 1.5494e+01 -2.3269e+00 -1.6104e+01 -1.1155e+01 -2.1121e+01 2.5151e+00 8.6784e+00 -1.8145e+01 -1.7443e+01 -1.8022e+01 -1.5635e+00 1.0690e+01 -1.3999e+01 -1.5356e+01 -1.9611e+01 5.5352e-01 2.4943e+00 -2.0349e+01 -2.0216e+01 -1.2539e+01 -7.2962e+00 8.3886e+00 -1.3028e+01 -9.9711e+00 -1.7933e+01 -7.1060e+00 1.0641e+01 -1.4898e+01 -1.3632e+01 -1.4185e+01 6.0649e+00 2.8131e-02 -2.0081e+01 5.5654e+00 1.3485e+01 -2.2808e+01 2.4756e+00 1.3089e+01 4.6200e-01 4.4860e+00 4.0390e+00 -1.7786e-01 7.1774e+00 1.1744e+01 1.5523e+01 1.5616e+01 -1.1642e+01 -2.1291e+01 -1.7144e+01 -1.7228e+01 1.4365e+00 3.1697e+00 -2.0084e+01 -2.0327e+01 -1.5521e+01 9.0006e+00 -9.2080e+00 -1.9918e+01 -1.7793e+01 -1.5937e+01 -4.8376e+00 1.2369e+01 -1.8155e+01 -1.9201e+01 -1.8175e+01 -5.9096e+00 4.4649e+00
3 -8.9958e+00 1.9198e+01 -2.7958e+00 -9.3776e+00 1.7891e+01 -2.9879e+00 -5.2741e+00 1.6398e+01 -1.0359e+00 -8.1498e+00 1.6546e+01 9.6080e-01 -9.7116e+00 1.3343e+01 5.5289e+00 -9.4671e+00 1.4036e+01 4.9487e+00 1.5989e+01 -4.2911e+00 1.0065e+00 -8.8479e+00 -2.3458e+00 -9.1843e+00 1.5652e-01 1.8865e+01 1.7915e+01 -6.1038e+00 1.7306e+01 9.8550e-01 -8.8344e+00 1.6364e+01 -4.7536e+00 -9.7547e+00 1.8480e+01 -1.1204e+00 -9.2412e+00 1.6597e+01 2.3098e+00 -9.1577e+00 1.6408e+01 1.6427e+00 -1.4652e+01 -1.2732e+01 -1.6109e+01 -1.5803e-01 7.6771e+00 -2.0005e+01 -1.6614e+01 -1.5811e+01 -7.3675e+00 9.0412e+00 -2.1307e+01 -1.5307e+01 -1.2055e+01 3.4224e+00 9.0723e-01 -1.5336e+01 -9.4823e+00 -1.7728e+01 -1.2461e+01 1.2532e+01 -1.8273e+01 -1.2215e+01 -1.9175e+01 2.3044e+00 1.7322e+00 -1.9679e+01 -8.6567e+00 7.3319e+00 -1.5596e+01 4.0272e+00 5.4931e+00 4.6356e+00 4.8538e+00 7.6563e+00 6.6290e+00 5.3077e+00 1.1642e+01 -1.2891e+01 -1.8470e-01 8.8215e+00 1.6196e+00 5.9649e+00 1.4336e+01 1.6171e+01 -8.3252e+00 -2.1428e+01 -1.9591e+01 -1.8837e+01 -4.5244e+00 9.8508e+00 -1.2090e+01 -1.5008e+01 -1.3997e+01 -3.2572e+00 1.2144e+01 -2.0502e+01 -1.9490e+01 -1.7205e+01 -3.7660e+00 8.1682e+00 -2.0371e+01 -1.9671e+01 -1.0044e+01 6.5074e+00 -5.8020e+00
4 -8.9503e+00 1.5561e+01 -9.1865e+00 -7.4036e+00 1.8443e+01 4.3214e-01 -6.9811e+00 1.8159e+01 2.3790e+00 -9.7512e+00 1.7645e+01 9.3554e+00 -9.2528e+00 1.7771e+01 -2.7615e-01 -9.5909e+00 1.9110e+01 -1.3483e+00 1.8036e+01 -9.4533e+00 -2.5651e+00 1.3982e+01 -6.7656e+00 -6.4804e+00 -7.0585e+00 1.3799e+01 1.2030e+01 -9.2195e+00 1.7368e+01 -1.0800e+00 -8.9202e+00 1.9446e+01 -6.6930e-01 -8.9166e+00 1.7670e+01 4.1668e+00 -8.0081e+00 1.8514e+01 2.9249e+00 -4.6760e+00 1.8178e+01 -2.9185e+00 -1.0084e+01 -6.2203e+00 -1.4255e+01 -1.1087e+01 1.2712e+01 -1.5067e+01 -1.6855e+01 -1.3709e+01 -5.1732e+00 8.3916e+00 -1.4438e+01 -1.1698e+01 -1.1021e+01 -2.2951e+00 8.3933e+00 -1.7676e+01 -1.6435e+01 -1.6351e+01 -2.3785e+00 6.4135e+00 -2.9108e+00 -7.8846e+00 -1.8546e+01 -8.0575e-02 1.0849e+01 -1.5178e+01 -1.3636e+01 -2.9404e+00 -1.3397e+01 1.4307e+01 -2.1491e+01 1.0959e+01 1.5582e+01 -6.3830e+00 -2.1433e+01 -1.0561e+01 -1.4794e+01 -5.7902e+00 9.8339e+00 3.5333e+00 -3.1019e-01 1.0212e+01 6.2050e+00 8.2296e+00 5.7047e+00 -1.9273e+01 -1.5910e+01 -1.7079e+01 -1.1056e+00 1.2598e+01 -1.8097e+01 -1.7925e+01 -1.2521e+01 -5.9966e+00 1.1424e+01 -1.8217e+01 -1.4919e+01 -1.7578e+01 3.2037e+00 6.7235e+00 -1.9131e+01 -1.7758e+01 -1.2864e+01 -5.0208e+00 9.4511e+00
5 -9.6381e+00 1.8294e+01 -4.6272e+00 -7.5172e+00 1.7534e+01 -3.5689e+00 -8.5836e+00 1.7300e+01 1.3961e+00 -9.7118e+00 1.8170e+01 2.2812e+00 -9.3090e+00 1.6556e+01 -8.9793e-01 -2.1555e+00 1.3663e+01 -5.7287e-01 1.8126e+01 -2.8360e+00 3.0416e+00 1.5773e+01 -9.5922e+00 -8.2907e+00 -9.6625e+00 1.5360e+01 1.8347e+01 -6.0449e+00 1.9176e+01 -1.3786e+00 -3.3303e+00 1.7909e+01 -3.0199e-01 -7.1615e+00 1.9209e+01 -3.7014e+00 -6.7351e+00 1.8358e+01 -3.5039e+00 -4.6094e+00 1.6936e+01 3.5464e-01 -2.0480e+01 -1.7756e+01 -1.4473e+01 -6.2251e+00 1.0400e+01 -2.0092e+01 -2.1433e+01 -1.7923e+01 -2.3112e+00 2.0984e+00 -1.6208e+01 -1.5982e+01 -2.1695e+01 7.6257e+00 -1.1061e+00 -1.7829e+01 -1.3385e+01 -1.4288e+01 -2.7857e+00 8.7567e+00 -1.7084e+01 -1.4928e+01 -1.6368e+01 5.0893e-01 5.2977e+00 -1.5158e+01 -1.9493e+01 -4.7572e+00 1.2401e+01 -1.4688e+01 5.1083e+00 1.8345e+00 -1.5486e+01 2.1465e+00 2.6500e-01 4.0617e+00 -1.5973e+01 4.7326e+00 8.5906e+00 8.2753e+00 7.8140e+00 1.0303e+01 8.2219e+00 9.9490e+00 5.8658e+00 -1.3689e+01 -1.3852e+01 -1.4631e+01 -3.1394e+00 6.4783e+00 -1.8936e+01 -1.4494e+01 -1.9568e+01 1.0138e+01 -5.4433e+00 -1.4074e+01 -1.6516e+01 -1.5011e+01 -3.9900e+00 1.1143e+01 -1.5666e+01 -1.7391e+01 -1.9333e+01 -1.6590e+00 7.3420e+00
6 -9.7334e+00 1.6102e+01 -3.1095e-02 -9.5373e+00 1.7711e+01 2.2482e+00 -9.2106e+00 1.4552e+01 3.0183e+00 -7.5750e+00 1.7200e+01 5.8103e+00 -2.0575e+00 1.3816e+01 -3.8443e-01 -9.6569e+00 1.6024e+01 1.9070e+00 1.7878e+01 -8.7389e+00 3.5593e+00 1.8216e+01 -9.4034e+00 -8.2749e+00 -2.7655e+00 1.8722e+01 1.8003e+01 -8.3583e+00 1.8874e+01 -1.8896e+00 -8.7241e+00 1.4984e+01 5.2039e-01 -9.5352e+00 1.7162e+01 -8.0488e-02 -9.4066e+00 1.7984e+01 -4.0939e+00 -9.7530e+00 1.3237e+01 1.1202e+00 -2.1101e+01 -1.5995e+01 -1.3531e+01 -7.3987e+00 9.3957e+00 -1.9162e+01 -1.5206e+01 -1.7766e+01 -6.7842e+00 1.0382e+01 -9.8077e+00 -1.4857e+01 -1.5601e+01 -4.7010e-01 3.7457e+00 -7.3392e+00 -1.2356e+01 -2.1201e+01 2.4266e+00 1.1528e+01 -1.8344e+01 -1.8575e+01 -8.7036e+00 4.9342e+00 3.4673e-01 -1.1848e+01 -1.9665e+00 1.3948e+01 -1.0036e+01 -1.8753e+00 6.0465e+00 -4.7990e+00 2.3613e+00 7.8181e+00 -1.2265e+01 1.0827e+01 4.6140e+00 -1.4336e+01 8.6943e+00 3.7191e+00 9.7690e+00 9.0336e+00 1.6442e+01 1.4885e+01 -1.2047e+01 -1.3458e+01 -1.6618e+01 -1.7377e+01 5.0356e+00 3.6742e+00 -2.1403e+01 -1.6946e+01 -2.1135e+01 3.3190e+00 -5.9002e-02 -1.2515e+01 -1.7514e+01 -1.6492e+01 -6.5466e+00 9.5645e+00 -1.2480e+01 -1.6308e+01 -2.1252e+01 -5.0297e+00 8.6172e+00
7 -9.7230e+00 1.8513e+01 -1.0302e+00 -9.3949e+00 1.6615e+01 -4.4702e+00 -5.8766e+00 1.4110e+01 -5.1355e+00 -6.8625e+00 1.3557e+01 4.7999e+00 -8.6359e+00 1.6495e+01 2.4369e+00 -6.0148e+00 1.2706e+01 1.2135e+01 1.8511e+01 4.6862e-01 -1.6743e+00 1.8935e+01 -8.9609e+00 1.8471e+01 -2.5933e+00 1.6319e+01 1.8688e+01 -2.8868e+00 1.8413e+01 6.1533e+00 -6.0119e+00 1.9060e+01 2.6594e+00 -7.9517e+00 9.1565e+00 -4.8264e+00 -6.7413e+00 1.7130e+01 -4.6462e+00 1.1956e+01 8.6826e+00 -1.4141e+00 -1.9154e+01 -1.8072e+01 -1.9866e+01 -2.4575e+00 4.7075e+00 -2.0494e+01 -1.5498e+01 -1.3787e+01 -8.5079e+00 1.1998e+01 -2.2050e+01 -1.5386e+01 -1.3843e+01 1.6290e+00 -1.5580e-01 -1.6060e+01 -1.3898e+01 -1.6881e+01 6.4367e+00 5.4311e+00 -1.6602e+01 -1.3198e+01 -1.9589e+01 -4.1108e+00 1.3337e+01 -1.5575e+01 -2.2489e+01 -6.6546e+00 1.3676e+01 -1.1472e+01 -7.1853e-01 -5.6657e+00 -2.1305e+01 1.1308e+01 -1.8800e+01 -1.0583e+01 -1.0259e+01 -1.5868e+01 -7.2724e+00 1.3181e+01 7.8751e+00 1.0886e+01 1.5073e+01 1.6212e+01 -8.3824e+00 -2.0177e+01 -1.6293e+01 -1.7572e+01 1.6909e+00 6.7305e-01 -2.0262e+01 -1.9415e+01 -2.2029e+01 -2.0794e+01 1.7610e+00 -6.4004e+00 -1.1646e+01 -1.7981e+01 4.1397e+00 -3.8453e-01 -1.4508e+01 -1.0879e+01 -1.9620e+01 -1.5883e+00 1.4234e+00
8 -8.1625e+00 1.1834e+01 -7.7782e+00 -8.9027e+00 1.7700e+01 3.1118e+00 4.9068e-01 1.8414e+01 -4.8359e+00 -9.2345e+00 1.4532e+01 9.7305e+00 -8.8942e+00 1.1719e+01 1.6137e+00 -7.3147e+00 1.4810e+01 7.9290e+00 -1.6655e+00 1.4166e+01 3.3583e+00 7.5119e+00 1.5147e+01 -3.0608e+00 -1.0412e+00 1.4844e+01 1.8701e+01 5.9427e-01 1.6789e+01 5.8127e+00 -8.8407e+00 1.7094e+01 7.3879e-01 -9.1623e+00 1.7677e+01 6.2032e+00 -9.1003e+00 1.4188e+01 4.4348e+00 -9.0930e+00 1.8845e+01 2.3505e-01 -1.0309e+00 -6.3234e+00 -2.2374e+01 -2.7294e-01 1.1106e+01 -2.8180e-01 -3.4173e+00 -1.6896e+01 -4.1370e+00 1.1225e+01 -1.7166e+01 -1.2190e+01 -1.9634e+01 -5.2547e-01 1.0593e+01 -1.9819e+01 -1.6624e+01 -1.9251e+01 -8.7110e+00 8.3994e+00 -4.8112e+00 -5.5824e+00 -1.7807e+01 -3.2227e+00 9.6561e+00 -1.3198e+01 -6.0504e+00 1.6623e+01 -1.2204e+01 4.0949e+00 8.1948e+00 1.3415e+01 1.4070e+01 1.5633e+01 -3.0294e+00 -1.2461e+01 -1.8885e+01 -6.3901e+00 7.9946e+00 -1.2869e+01 -2.1867e+00 1.7786e+00 1.2925e+01 1.4792e+01 -8.2975e+00 -1.7100e+01 -8.4171e+00 -1.8955e+01 -1.0297e+00 2.9503e+00 -1.5719e+01 -1.4728e+01 -2.1492e+01 2.2704e-01 1.1085e+01 -2.0100e+01 -1.8483e+01 -1.8991e+01 -4.5350e+00 1.2196e+01 -2.0379e+01 -1.9259e+01 -1.2170e+01 7.2491e+00 -5.5056e+00
9 -9.7541e+00 1.8880e+01 -1.7350e+00 -9.7354e+00 1.6552e+01 -3.3201e+00 -8.3501e+00 1.7425e+01 -2.0012e-01 -5.1629e+00 1.9462e+01 3.1228e+00 -7.5830e+00 1.9065e+01 5.0850e-01 -7.0677e+00 1.4959e+01 4.7974e+00 1.9044e+01 -4.2311e+00 -5.2188e-01 -9.1070e+00 1.8486e+01 1.0988e+01 -4.7130e+00 1.8075e+01 1.7718e+01 -6.7343e+00 1.8840e+01 -3.2586e+00 -6.7500e+00 1.6594e+01 -1.0641e+00 -8.1120e+00 1.9496e+01 -1.1962e+00 -4.3561e+00 1.8908e+01 -2.6764e+00 -8.4776e+00 1.5969e+01 -3.2607e+00 -1.3884e+01 -1.3247e+01 -1.8534e+01 -1.0499e+01 1.0146e+01 -1.7735e+01 -1.9243e+01 -1.7701e+01 -6.6426e+00 1.3418e+01 -2.0485e+01 -1.9126e+01 -9.0453e+00 -4.0216e+00 4.8681e+00 -1.6457e+01 -1.5616e+01 -1.5415e+01 -1.5838e+00 7.6452e+00 -1.4609e+01 -1.6812e+01 -1.8516e+01 -9.4351e-01 9.9388e+00 -1.9191e+01 -1.0201e+01 1.6464e+01 -3.3479e+00 5.2942e+00 9.1133e-01 -1.6848e+01 -1.5280e+01 1.0421e+01 -3.2237e+00 -1.4645e+01 -1.3674e+01 -2.0419e+01 2.3042e+00 8.4660e+00 -5.4643e+00 -4.0317e+00 1.6527e+01 1.5662e+01 -1.2655e+01 -2.0294e+01 -1.8345e+01 -1.8592e+01 -2.3570e+00 7.7289e+00 -2.0193e+01 -1.5813e+01 -1.4371e+01 -4.3391e+00 1.1842e+01 -1.2182e+01 -1.2864e+01 -1.4188e+01 -8.3373e+00 1.0751e+01 -1.2216e+01 -1.3194e+01 -1.2814e+01 -2.4391e+00 6.7899e+00
