frame G1:C1-C2 G1:C3-C4 G1:C1-CC G2:C1-C2 G2:C3-C4 G2:C1-CC C3:C1-C2 C3:C3-C4 C3:C1-CC A4:C1-C2 A4:C3-C4 A4:C1-CC C5:C1-C2 C5:C3-C4 C5:C1-CC G6:C1-C2 G6:C3-C4 G6:C1-CC C7:C1-C2 C7:C3-C4 C7:C1-CC A8:C1-C2 A8:C3-C4 A8:C1-CC A9:C1-C2 A9:C3-C4 A9:C1-CC G10:C1-C2 G10:C3-C4 G10:C1-CC U11:C1-C2 U11:C3-C4 U11:C1-CC G12:C1-C2 G12:C3-C4 G12:C1-CC C13:C1-C2 C13:C3-C4 C13:C1-CC C14:C1-C2 C14:C3-C4 C14:C1-CC G1:C4p-P-plus G1:C3p-P-plus G2:C4p-P G2:C5p-P G2:C5s-P G2:C4p-P-plus G2:C3p-P-plus C3:C4p-P C3:C5p-P C3:C5s-P C3:C4p-P-plus C3:C3p-P-plus A4:C4p-P A4:C5p-P A4:C5s-P A4:C4p-P-plus A4:C3p-P-plus C5:C4p-P C5:C5p-P C5:C5s-P C5:C4p-P-plus C5:C3p-P-plus G6:C4p-P G6:C5p-P G6:C5s-P G6:C4p-P-plus G6:C3p-P-plus C7:C4p-P C7:C5p-P C7:C5s-P C7:C4p-P-plus C7:C3p-P-plus A8:C4p-P A8:C5p-P A8:C5s-P A8:C4p-P-plus A8:C3p-P-plus A9:C4p-P A9:C5p-P A9:C5s-P A9:C4p-P-plus A9:C3p-P-plus G10:C4p-P G10:C5p-P G10:C5s-P G10:C4p-P-plus G10:C3p-P-plus U11:C4p-P U11:C5p-P U11:C5s-P U11:C4p-P-plus U11:C3p-P-plus G12:C4p-P G12:C5p-P G12:C5s-P G12:C4p-P-plus G12:C3p-P-plus C13:C4p-P C13:C5p-P C13:C5s-P C13:C4p-P-plus C13:C3p-P-plus C14:C4p-P C14:C5p-P C14:C5s-P
0 -9.4371e+00 1.7345e+01 -4.6095e+00 -9.5541e+00 1.8004e+01 1.1218e+00 -8.9223e+00 1.8007e+01 -4.2345e-01 -3.3396e+00 1.3713e+01 7.6365e+00 -6.3159e+00 1.5367e+01 9.6433e-01 -7.2249e+00 1.8383e+01 -9.1774e+00 -9.5325e+00 1.6906e+01 -5.0265e+00 -5.1072e+00 1.2880e+01 -1.3907e+00 -5.6901e+00 1.7781e+01 -3.8655e-01 -8.4710e+00 1.9173e+01 4.6590e+00 -9.6974e+00 1.8847e+01 2.1211e+00 -8.3928e+00 1.7589e+01 -9.6580e-01 -7.9705e+00 1.7688e+01 -3.9477e+00 -6.2402e+00 1.5463e+01 -1.7708e+00 -1.5653e+01 -1.0580e+01 -1.7387e+01 -7.7755e+00 1.4977e+01 -1.8575e+01 -1.5587e+01 -9.8371e+00 -1.0245e+01 9.4612e+00 -1.3953e+01 -1.8822e+01 -1.5791e+01 1.7755e+00 4.3399e+00 -2.2230e+01 -1.6329e+01 -7.0183e+00 9.5224e+00 -1.5508e+01 -3.0262e+00 8.3522e+00 3.3785e+00 2.9592e+00 -4.4215e+00 -8.9443e+00 -6.2946e+00 -1.9401e+01 -7.9805e+00 1.0949e+01 -6.4857e-01 -4.3823e+00 -1.0890e+01 -1.0369e+01 1.3375e+01 -3.0098e+00 -7.8776e+00 -1.4499e+01 5.0042e+00 2.7164e+00 -2.2321e+01 -1.9644e+01 -1.6375e+01 1.5769e+00 -2.3326e+00 -1.7236e+01 -1.5865e+01 -1.3195e+01 6.0180e+00 -1.3952e-01 -2.0920e+01 -1.8583e+01 -1.6310e+01 -4.3860e+00 9.4606e+00 -1.6335e+01 -1.2490e+01 -1.8058e+01 -2.3808e+00 9.5873e+00 -1.7151e+01 -1.3872e+01 -2.0598e+01 -4.2871e+00 8.9196e+00
1 -6.1361e+00 1.9411e+01 -7.0300e+00 -8.2813e+00 1.6634e+01 4.1730e+00 3.1631e+00 1.3666e+01 -4.9180e+00 -7.1927e+00 1.8646e+01 3.9461e+00 -4.5588e+00 1.8107e+01 -5.3948e+00 -8.9828e+00 1.3661e+01 4.8474e-01 -7.3276e+00 1.6963e+01 -4.6484e+00 -8.2872e+00 1.5436e+01 1.3019e+00 -8.7570e+00 1.8844e+01 1.1116e+00 -9.4899e+00 1.9302e+01 4.5287e+00 -6.2572e+00 1.6931e+01 -2.1014e+00 -9.4774e+00 1.6593e+01 1.1151e+00 -7.8004e+00 1.9294e+01 -7.3377e+00 -2.7470e+00 1.7087e+01 1.1280e+00 -1.7376e+01 -1.7486e+01 -2.0692e+01 -3.3655e+00 1.0672e+01 -1.5490e+01 -1.5379e+01 -1.9868e+01 -4.3896e+00 9.9689e+00 -2.1725e+01 -1.2176e+01 -1.6974e+01 9.1366e-01 8.3971e+00 -1.4965e+01 -1.6293e+01 -1.7217e+01 6.8510e+00 -7.9007e-02 6.7165e+00 1.0303e+01 4.6638e+00 6.6351e+00 -2.1777e+01 -2.0982e+01 -1.8970e+01 -1.5708e+01 6.2690e-01 -3.4240e+00 -1.3641e+01 -1.3010e+01 -1.7077e+01 1.3595e+00 5.7625e+00 -9.7616e+00 -1.1179e+01 -1.7724e+01 6.8087e+00 3.1380e+00 -1.8010e+01 -1.8666e+01 -1.5607e+01 3.6456e+00 -3.4424e+00 -1.3483e+01 -1.4478e+01 -2.1465e+01 -1.7354e+00 1.1226e+01 -1.7122e+01 -1.3309e+01 -1.8582e+01 -2.8448e+00 9.1803e+00 -1.7758e+01 -1.3911e+01 -1.4465e+01 -4.1359e+00 9.4761e+00 -7.8202e+00 -1.1060e+01 -1.6201e+01 -6.2974e+00 1.1395e+01
2 -6.5551e+00 1.7639e+01 -6.5817e+00 -9.0842e+00 1.7927e+01 2.5179e+00 -6.7817e+00 1.8984e+01 2.2460e-01 -9.2147e+00 1.3871e+01 5.3801e+00 9.4735e-01 1.7745e+01 2.1312e-01 -9.2542e+00 1.6118e+01 -2.0324e+00 -9.3660e+00 1.7790e+01 -3.8247e+00 -5.2793e+00 1.6966e+01 -5.6951e+00 -8.2597e+00 1.8910e+01 1.5470e+00 -9.6313e+00 1.7727e+01 2.6122e+00 -7.9960e+00 1.5295e+01 -1.8615e+00 -9.1714e+00 1.7245e+01 7.1266e+00 -9.6049e+00 1.5280e+01 3.1062e-01 -5.2703e+00 1.1653e+01 1.7372e+00 -1.5058e+01 -1.6481e+01 -1.5267e+01 1.7229e+00 9.7258e+00 -1.7190e+01 -1.5424e+01 -1.1820e+01 -1.2695e+01 1.2500e+01 -2.0272e+01 -1.9330e+01 -1.9476e+01 -4.3277e+00 4.9368e+00 -2.0014e+01 -1.8055e+01 -1.6594e+01 7.3294e+00 2.3813e+00 3.2619e+00 8.9083e+00 2.3750e+00 1.6177e+01 -2.0666e+01 -9.0215e+00 -8.7076e+00 -1.5378e+01 -7.2129e+00 1.0923e+01 -5.2714e+00 -1.3206e+01 -1.5792e+01 -1.0529e+01 1.4048e+01 -1.0645e+01 -1.2013e+01 -1.7552e+01 -1.0268e+01 1.3553e+01 -4.6574e+00 -9.9882e+00 -1.5642e+01 -1.1553e+00 4.0452e+00 -1.7560e+01 -1.7338e+01 -1.5901e+01 2.8035e-01 7.7066e+00 -2.2573e+01 -1.6825e+01 -1.2624e+01 1.1242e+00 4.2938e+00 -1.7300e+01 -1.4715e+01 -1.7121e+01 -6.1377e+00 1.6374e+01 -2.0623e+01 -1.6248e+01 -1.6886e+01 3.6080e+00 6.1924e+00
3 -9.7001e+00 1.5097e+01 -8.4852e+00 -9.7326e+00 1.6124e+01 -5.5805e-01 -3.6413e+00 1.8729e+01 -2.7474e+00 -6.7907e+00 1.6259e+01 5.9813e+00 -3.3141e+00 1.5902e+01 -2.7421e-01 -9.4337e+00 1.8796e+01 -4.7598e+00 -9.2053e+00 1.8704e+01 -5.3713e+00 -8.5087e+00 1.7329e+01 -2.6931e+00 -9.4156e+00 1.6833e+01 -1.1268e-01 -8.3669e+00 1.5614e+01 -1.0447e+00 -9.1737e+00 1.8511e+01 3.3447e-01 -9.0385e+00 1.7835e+01 -2.4897e+00 -8.6349e+00 1.9438e+01 -3.1795e+00 -3.3167e+00 1.7623e+01 -3.7587e-01 -1.9579e+01 -1.8935e+01 -1.9027e+01 -5.5402e-01 9.5365e+00 -1.3398e+01 -1.2505e+01 -1.7029e+01 -4.0789e+00 6.1900e+00 -1.9772e+01 -1.6686e+01 -1.5846e+01 -2.7844e+00 9.1318e+00 -1.8489e+01 -1.7993e+01 -1.5499e+01 2.1185e+00 4.0699e-01 4.7065e+00 9.4462e+00 -7.9558e-03 7.7420e+00 -2.0279e+01 -9.0998e+00 -1.2619e+01 -1.8031e+01 -6.1773e+00 1.0696e+01 -1.5885e+01 -1.2358e+01 -1.6323e+01 1.0555e+00 7.4719e+00 -1.6082e+01 -1.6389e+01 -1.7713e+01 -3.0515e+00 1.0779e+01 -6.7371e+00 -6.7057e+00 -1.6213e+01 5.5716e-01 4.9491e+00 -1.8585e+01 -1.7478e+01 -1.8593e+01 1.7773e+00 5.2278e+00 -1.6300e+01 -1.4926e+01 -1.5653e+01 -3.8380e+00 1.1350e+01 -1.7363e+01 -1.7379e+01 -1.4566e+01 2.6253e+00 8.9807e+00 -1.5019e+01 -1.5939e+01 -1.7931e+01 -1.3235e+01 1.3289e+01
4 -8.9263e+00 1.8957e+01 -3.5424e+00 -9.7503e+00 1.8220e+01 -4.2072e+00 -8.1694e+00 1.8855e+01 -8.1132e+00 -8.6099e+00 1.7974e+01 1.4444e+01 -8.0640e+00 1.8656e+01 -1.4645e+00 -8.4618e+00 1.2976e+01 -6.9424e+00 -7.3261e+00 1.7194e+01 -6.3813e+00 -8.1076e+00 1.5474e+01 -4.3599e+00 -9.3114e+00 9.6749e+00 1.0758e+01 -7.6861e+00 1.0279e+01 -1.9606e+00 -7.9576e+00 1.9375e+01 3.8259e+00 -9.5273e+00 1.7600e+01 3.6978e+00 -8.8540e+00 1.8787e+01 -4.0200e+00 -4.5587e+00 1.6326e+01 -4.4989e+00 -1.7626e+01 -1.4384e+01 -1.5707e+01 -3.0566e-01 8.8902e+00 -1.5450e+01 -1.5770e+01 -1.5638e+01 -2.3900e+00 1.2722e+01 -1.7273e+01 -1.3038e+01 -1.6627e+01 -7.1704e+00 6.1716e+00 -1.7470e+01 -1.7556e+01 -1.5467e+01 -7.9549e-02 6.2825e+00 9.8835e+00 1.1667e+01 8.8564e+00 8.5882e+00 -1.3136e+01 -8.6503e+00 -9.3814e+00 -1.9522e+01 -6.3408e+00 1.2608e+01 -4.5476e+00 -3.4307e+00 -1.5523e+01 -1.0936e+01 1.1778e+01 2.0042e+00 3.1483e-01 -1.0406e+01 -5.0217e+00 8.7818e+00 -2.2619e+01 -1.5530e+01 -2.1075e+01 -2.0065e+01 6.6879e+00 -1.8386e+01 -1.8889e+01 -1.7660e+01 7.4934e+00 -4.6408e-01 -1.9691e+01 -1.9765e+01 -1.6708e+01 -3.9402e+00 4.5382e+00 -1.1690e+01 -1.5066e+01 -1.7297e+01 -6.8881e+00 6.3473e+00 -1.1783e+01 -1.5324e+01 -1.9523e+01 -1.0377e+01 1.3421e+01
5 -6.6470e+00 1.8586e+01 2.4605e+00 -8.2997e+00 1.7980e+01 7.3295e-01 -8.1513e+00 1.6577e+01 1.8547e-01 -6.6055e+00 1.8448e+01 6.4619e+00 -6.6712e+00 1.7072e+01 6.4304e+00 -9.3488e+00 1.7614e+01 -7.2116e+00 -9.2730e+00 1.3959e+01 2.9976e-01 -9.5488e+00 1.7701e+01 5.4222e+00 -9.7002e+00 1.4589e+01 2.9519e+00 -8.4667e+00 1.8648e+01 3.9260e+00 -6.2719e+00 1.7756e+01 -7.1657e+00 -7.9102e+00 1.7771e+01 3.7186e+00 -6.6559e+00 1.7556e+01 -8.2338e-01 -5.0518e+00 1.8131e+01 1.1835e+00 -1.5288e+01 -1.8184e+01 -1.8285e+01 -1.6909e+00 9.2022e+00 -2.2818e+01 -2.1212e+01 -1.7404e+01 -1.0910e+00 3.0733e+00 -1.8325e+01 -1.5928e+01 -1.1113e+01 -8.0296e+00 1.3923e+01 -2.1054e+01 -2.1774e+01 -2.0502e+01 6.9437e+00 -1.8112e+00 1.1663e+01 1.4526e+01 -1.7294e+00 2.1311e+00 -1.4169e+01 -6.3633e+00 -8.4626e+00 -2.0526e+01 -1.0819e+01 1.2698e+01 -8.3397e+00 -1.1803e+01 -1.6956e+01 -1.8778e+00 8.5773e+00 -1.5815e+01 -1.6235e+01 -2.0963e+01 -7.8934e-01 5.2049e+00 2.5798e+00 -2.3172e+00 -1.3610e+01 -6.5314e+00 1.3592e+01 -1.7208e+01 -1.7430e+01 -1.5561e+01 -5.2956e-02 5.2178e+00 -2.1322e+01 -1.6912e+01 -1.2683e+01 -7.9874e-01 4.5552e+00 -1.7801e+01 -1.5672e+01 -1.9506e+01 -9.4007e+00 1.2890e+01 -1.3972e+01 -1.5297e+01 -1.9091e+01 2.8348e+00 7.2006e-01
6 -9.2138e+00 1.7519e+01 -9.2892e+00 -9.3259e+00 1.8465e+01 -4.7094e+00 -7.4344e+00 1.1173e+01 -3.5728e+00 -8.5966e+00 1.7032e+01 3.1596e+00 -3.9241e+00 1.8769e+01 2.5745e+00 -9.6392e+00 1.8657e+01 -1.6114e+00 -9.1768e+00 1.7141e+01 2.3592e+00 -9.0938e+00 1.7282e+01 6.0218e-01 -8.8103e+00 1.7028e+01 -2.5641e+00 -9.2895e+00 1.8512e+01 -3.4473e+00 -8.1146e+00 1.8623e+01 1.2296e+00 -9.2592e+00 1.5070e+01 2.7565e-01 -8.7587e+00 1.8292e+01 3.8885e+00 -4.7278e+00 1.7035e+01 -1.2925e+00 -1.7236e+01 -8.5658e+00 -1.7759e+01 -1.4024e+01 1.4839e+01 -1.4704e+01 -1.3927e+01 -2.0137e+01 -3.2050e+00 3.5403e+00 -2.0956e+01 -1.8261e+01 -1.9468e+01 -2.2820e+00 2.8896e+00 -1.0723e+01 -1.2701e+01 -1.6211e+01 -1.1939e+01 1.5946e+01 7.8684e+00 9.0335e+00 -7.5485e+00 1.1738e+01 -1.6285e+01 -1.7879e+01 -1.8765e+01 -1.5245e+01 -3.1622e+00 5.0203e+00 -8.5987e+00 -4.5183e+00 -1.5271e+01 -9.6705e+00 1.5658e+01 -2.1848e+01 -2.1081e+01 -1.5640e+01 6.1630e+00 -4.8801e+00 3.8736e+00 3.4038e+00 -2.0436e+01 -1.2354e+00 6.0535e+00 -1.9793e+01 -1.6419e+01 -1.6855e+01 1.9438e+00 9.7067e+00 -1.8263e+01 -1.7720e+01 -2.0545e+01 -2.1269e+00 9.1142e+00 -2.1075e+01 -1.7523e+01 -1.0726e+01 1.7111e+00 3.2653e+00 -1.9696e+01 -1.8936e+01 -1.7463e+01 -5.5385e+00 5.1384e+00
7 -9.3646e+00 1.4399e+01 -2.5705e+00 -9.5119e+00 1.9201e+01 1.4487e+00 -9.6153e+00 1.7675e+01 2.6294e+00 -7.6282e+00 1.8253e+01 6.4034e+00 -8.4838e+00 1.7452e+01 3.6390e+00 -9.1447e+00 1.5982e+01 -6.7990e+00 -6.6311e+00 1.8935e+01 -4.5147e+00 -7.2203e+00 1.9207e+01 -4.7954e+00 -8.4781e+00 1.3652e+01 5.2551e+00 -9.6757e+00 1.6829e+01 3.5850e+00 -9.0169e+00 1.8286e+01 -6.2462e+00 -6.9072e+00 1.7710e+01 6.4444e-01 -8.2342e+00 1.6734e+01 -3.4711e+00 -6.7626e+00 1.8968e+01 -2.3138e+00 -1.1944e+01 -1.1867e+01 -1.5664e+01 -6.2972e+00 1.0224e+01 -1.8733e+01 -1.6914e+01 -1.8265e+01 -7.7653e+00 8.9884e+00 -2.1758e+01 -1.8939e+01 -1.1746e+01 -8.5599e+00 1.1375e+01 -1.8276e+01 -1.6626e+01 -1.7837e+01 -2.3214e+00 7.3965e+00 7.9859e+00 1.2434e+01 3.0249e+00 3.4173e+00 -1.3684e+01 -1.4993e+01 -1.7032e+01 -1.2611e+01 -1.2974e+00 6.2648e+00 -1.5245e+01 -1.0944e+01 -1.2031e+01 -8.3889e+00 9.8818e+00 -8.6090e+00 -1.0425e+01 -1.8692e+01 1.5446e+00 2.5681e+00 -1.7931e+01 -1.8154e+01 -1.8043e+01 5.9726e+00 2.6902e+00 -1.9792e+01 -1.6838e+01 -1.4766e+01 -6.7937e-01 6.0450e+00 -2.2344e+01 -1.9603e+01 -1.8788e+01 5.7249e+00 -1.4601e+00 -2.1650e+01 -2.1591e+01 -1.4060e+01 -7.1064e+00 8.4639e+00 -2.2091e+01 -1.6978e+01 -1.6241e+01 -2.5772e+00 4.1932e+00
8 -9.7063e+00 1.0532e+01 -4.5635e+00 -8.2744e+00 1.7999e+01 -7.6305e+00 -6.6788e+00 1.6198e+01 -6.2933e-01 -6.1962e+00 1.4280e+01 7.8541e+00 -7.3255e+00 1.6992e+01 1.7288e+00 -9.1342e+00 1.3990e+01 -9.3634e+00 -9.7213e+00 1.6820e+01 -2.9445e+00 -9.7452e+00 1.6766e+01 2.0182e+00 -7.6022e+00 1.4345e+01 4.8507e+00 -8.9386e+00 1.7773e+01 -2.9535e+00 -8.6831e+00 1.4025e+01 -3.6264e+00 -8.8239e+00 1.7466e+01 1.9849e+00 -7.0566e+00 1.7227e+01 -3.1728e+00 -4.7828e+00 1.6274e+01 -4.2960e+00 -1.1834e+01 -1.3596e+01 -1.8627e+01 -1.2165e+00 1.1448e+01 -1.8501e+01 -1.8762e+01 -1.7619e+01 4.5341e+00 2.5391e+00 -1.9678e+01 -1.2865e+01 -1.5593e+01 -1.8511e+00 8.3549e+00 -2.1052e+01 -1.6144e+01 -2.1329e+01 4.6030e+00 3.7095e+00 9.9347e-01 9.7962e+00 9.8782e-01 -5.2484e+00 -7.4217e+00 -6.5549e+00 -1.1119e+01 -1.9490e+01 -4.8986e+00 7.1094e+00 -1.6844e+01 -1.2896e+01 -1.4695e+01 5.5156e-01 1.1322e+01 -1.7997e+01 -1.3150e+01 -1.4602e+01 -3.4349e+00 8.3903e+00 -1.3519e+01 -1.0087e+01 -2.0303e+01 -3.1200e+00 1.1993e+01 -1.3331e+01 -1.1792e+01 -1.3676e+01 -4.6916e+00 1.0596e+01 -2.2032e+01 -1.4531e+01 -1.6194e+01 6.6117e+00 -2.1940e+00 -1.4767e+01 -1.4183e+01 -1.7115e+01 -6.5481e+00 1.2632e+01 -1.3315e+01 -1.6453e+01 -2.0739e+01 5.2377e-01 9.3826e+00
9 -9.7248e+00 1.6608e+01 1.1085e-01 -7.0040e+00 1.5744e+01 -3.9847e+00 -2.1390e+00 1.8868e+01 -1.8977e+00 -8.9547e+00 1.5198e+01 -1.8745e+00 -8.1199e+00 1.5189e+01 2.4247e+00 -7.6404e+00 1.6744e+01 -2.8660e+00 -9.2172e+00 1.9510e+01 2.1443e+00 -9.4203e+00 1.3674e+01 -6.8625e-01 -9.7010e+00 1.5068e+01 1.8260e+00 -7.4666e+00 1.6238e+01 1.4783e+00 -7.7237e+00 1.7374e+01 -1.1580e+00 -5.9022e+00 1.8070e+01 1.0309e+00 -7.1228e+00 1.4829e+01 8.6949e-01 -5.9518e+00 1.7004e+01 -1.4783e+00 -1.7985e+01 -1.4809e+01 -1.3213e+01 -7.1018e-02 8.0306e+00 -1.8353e+01 -1.6999e+01 -1.0091e+01 -3.1463e+00 8.5169e+00 -1.8808e+01 -1.7147e+01 -2.0853e+01 -3.9242e+00 1.1381e+01 -1.4675e+01 -1.2877e+01 -1.9249e+01 1.2860e+00 7.3251e+00 6.8823e-01 9.2369e+00 -8.7070e-01 5.6067e+00 -1.7827e+01 -4.9601e+00 -7.4377e+00 -1.9607e+01 -4.6887e+00 1.1351e+01 -8.2476e+00 -8.2476e+00 -2.0987e+01 -3.6791e+00 1.2799e+01 -1.3157e+01 -1.7965e+01 -2.1690e+01 -1.5269e+01 1.4174e+01 5.9697e-01 -6.4985e+00 -1.6329e+01 6.1379e+00 -3.1324e+00 -1.6664e+01 -1.4695e+01 -1.3231e+01 -2.3496e+00 8.0029e+00 -2.0252e+01 -1.3915e+01 -1.6252e+01 5.3789e-01 1.0398e+01 -1.6988e+01 -1.6391e+01 -1.9967e+01 4.9550e+00 4.8816e+00 -1.9186e+01 -1.6107e+01 -1.5494e+01 -1.0018e+00 5.4297e+00
10 -2.8384e+00 1.9003e+01 2.1338e+00 -8.3298e+00 1.8468e+01 2.7391e+00 -6.3463e+00 1.8325e+01 3.4940e+00 -2.4777e+00 1.5394e+01 4.5656e+00 -1.2217e+00 1.6755e+01 4.8784e+00 -9.1413e+00 1.5395e+01 -5.8807e+00 -9.3978e+00 1.8710e+01 -3.6296e+00 -7.6170e+00 1.7082e+01 -3.3134e-01 -8.5789e+00 1.6916e+01 -1.7117e+00 -7.5498e+00 1.8198e+01 -4.9878e+00 -5.6080e+00 1.9085e+01 -5.5768e+00 -7.7510e+00 1.8349e+01 -9.5476e-01 -9.0326e+00 1.8766e+01 1.5430e+00 -4.6754e+00 1.8578e+01 -3.4676e+00 -1.6782e+01 -1.9031e+01 -1.5879e+01 2.6836e+00 7.4506e+00 -2.1138e+01 -1.8382e+01 -1.7814e+01 -4.1801e-01 4.2833e+00 -1.5554e+01 -1.8514e+01 -1.8769e+01 -3.2592e+00 1.0453e+01 -2.1453e+01 -1.7723e+01 -1.4045e+01 -6.0275e-01 6.0547e+00 7.5229e+00 1.3171e+01 1.0753e+00 2.5588e+00 -1.6278e+01 -1.4736e+01 -1.1120e+01 -1.6459e+01 -6.9599e+00 7.7808e+00 -1.5921e+01 -1.5180e+01 -1.6985e+01 -1.3725e+00 5.6047e+00 -1.2469e+01 -1.8328e+01 -1.4255e+01 3.2446e+00 3.2044e+00 -8.5527e+00 -1.0836e+01 -1.7439e+01 1.0982e+00 4.3823e+00 -2.0965e+01 -1.9244e+01 -1.5062e+01 1.7824e+00 1.3423e+00 -1.8385e+01 -1.9478e+01 -1.5779e+01 5.5996e-01 2.8415e+00 -2.0336e+01 -1.6178e+01 -5.5342e+00 -1.0896e+01 1.2442e+01 -1.7645e+01 -1.8520e+01 -1.8982e+01 2.3850e+00 9.5786e+00
11 -9.5424e+00 1.4631e+01 -7.4157e+00 -9.5309e+00 1.6363e+01 7.5971e-01 -7.0298e+00 1.8944e+01 4.2437e+00 -8.3998e+00 1.4436e+01 8.0191e+00 -7.6567e+00 1.8484e+01 -2.1065e+00 -7.8766e+00 1.2978e+01 -4.8278e+00 -9.0496e+00 1.6576e+01 -8.4818e+00 -7.2545e+00 1.7128e+01 -8.5430e-01 -8.6797e+00 1.4399e+01 -1.6783e+00 -7.8091e+00 1.2878e+01 -2.9752e+00 -5.3353e+00 1.9007e+01 -3.6624e+00 -7.8267e+00 1.8599e+01 -1.5462e+00 -8.0952e+00 1.8317e+01 -8.8550e-01 -9.1114e+00 1.8837e+01 -4.6638e-01 -1.8755e+01 -1.6257e+01 -1.3879e+01 -9.4440e+00 1.2452e+01 -2.1092e+01 -1.6740e+01 -1.6779e+01 -2.8749e-01 1.2075e+01 -1.1108e+01 -1.2644e+01 -1.7665e+01 -3.8298e+00 1.1017e+01 -2.1549e+01 -1.6698e+01 -1.7618e+01 4.4016e+00 7.6869e-01 4.3039e+00 9.9865e+00 3.2321e+00 8.8406e-01 -1.9438e+01 -1.2292e+01 -1.6077e+01 -1.7732e+01 -3.3155e+00 4.1277e+00 -9.4716e+00 -6.6644e+00 -1.9369e+01 -2.3621e+00 1.1512e+01 -1.4680e+01 -1.1965e+01 -2.1109e+01 4.0039e+00 6.8878e+00 -4.1539e+00 -8.3654e+00 -2.2477e+01 3.3681e-03 1.0995e+01 -9.3408e+00 -1.3462e+01 -1.3119e+01 -1.0245e+00 4.1094e+00 -1.7802e+01 -1.5131e+01 -1.1239e+01 -2.5658e+00 6.7837e+00 -1.5269e+01 -1.2017e+01 -1.4782e+01 -3.7447e+00 9.6882e+00 -1.5601e+01 -1.4503e+01 -1.8428e+01 4.4457e+00 2.5005e+00
