0	23.8834	2.2742	0.778	23.3023	12.5825	-25.2068	20.9722	18.5403	-35.7	22.8267	-2.0465	21.405	26.7595	12.0798	4.7572	18.0104
1	21.1185	18.3724	-19.1244	22.4997	1.5958	-12.1919	22.8705	18.7313	-48.5646	18.7503	14.3239	15.7546	12.9839	19.0548	19.6052	-6.9121
2	26.8273	26.8146	-4.5834	-4.5047	-12.7303	-30.8497	26.5566	4.3915	-9.2544	19.2083	-4.4204	21.4817	26.0174	-2.6754	14.9193	14.3611
3	27.3338	23.2129	-6.9713	-38.0704	16.7755	-17.2818	19.6524	16.4371	-45.3626	28.4377	19.8922	17.578	24.7269	19.1541	13.7648	4.5407
4	8.7615	-5.6099	8.8404	-2.2533	-18.3041	-24.1605	21.0375	16.8414	-41.7826	24.4215	14.4139	17.786	17.5366	8.5076	26.0446	-4.6163
5	35.8395	30.946	-11.5879	18.3603	-9.9591	-34.0968	18.9297	4.8062	-53.7949	5.9662	-2.5469	19.8286	16.859	-2.3532	-15.5616	8.1893
6	20.1893	21.0039	-18.7351	-0.2903	-8.1924	-23.6749	22.9429	5.0376	-3.3013	6.5273	-12.1825	18.5226	18.9581	8.2429	6.3564	-14.9577
7	28.1606	21.6665	18.375	26.1452	7.313	-23.7668	33.2806	-8.7871	-23.5158	22.0749	3.7704	27.8844	20.7856	5.2753	21.0573	25.6988
8	11.0486	21.229	-36.849	-33.2941	14.3641	3.2247	24.4098	7.6817	-0.2781	9.047	13.3847	27.7184	1.1825	23.0691	12.1937	-35.6405
9	27.4505	26.4965	-17.1891	10.0882	18.1787	-19.1898	17.4158	13.9864	-14.8578	18.9849	24.0718	15.592	14.7106	17.7435	6.1366	8.4066
