0 0.0273960642516613 1.7255618572235107 1.2465169429779053 0.06387646496295929 0.3922383487224579 -0.04722041264176369 11.682456970214844 11.644638061523438 9.744922637939453 9.65111255645752 10.600672721862793 4.609803199768066 9.884634971618652 6.528648376464844 10.931851387023926 10.193367958068848 10.177116394042969 10.680941581726074 10.713574409484863 9.585000991821289 9.141303062438965 10.28172492980957 10.982253074645996 10.764860153198242 6.106386184692383 9.99951171875 5.475548267364502 5.511186599731445 4.09281063079834 6.644412040710449 7.343282699584961 2.755232810974121 1.2681771516799927 1.1206111907958984 1.3652591705322266 2.0326333045959473
1 -0.10286186635494232 0.8360297679901123 10.146700859069824 0.2801281809806824 0.2678713798522949 -0.10052450001239777 11.242493629455566 11.697479248046875 3.796506881713867 11.071310043334961 11.245491027832031 7.229340553283691 10.80517578125 0.3099580407142639 9.407380104064941 6.099069595336914 6.938817977905273 10.864374160766602 10.853943824768066 10.987363815307617 2.0063257217407227 10.895495414733887 10.940042495727539 9.483255386352539 3.7586493492126465 4.346607208251953 10.253483772277832 9.712881088256836 1.5076299905776978 2.6934967041015625 9.95017147064209 3.100245952606201 3.5539708137512207 2.0834598541259766 13.668228149414062 1.7776771783828735
2 1.5795438289642334 0.7236866354942322 10.816448211669922 -0.10564123094081879 -0.06812570989131927 0.20380139350891113 11.634403228759766 11.150688171386719 1.4047983884811401 10.566149711608887 10.575506210327148 10.286249160766602 7.697920322418213 0.5860540866851807 8.706932067871094 4.05547571182251 8.62208366394043 10.996132850646973 10.83703327178955 10.972912788391113 9.920186996459961 10.837471008300781 8.287141799926758 5.2656073570251465 9.064631462097168 7.417086601257324 10.799251556396484 8.04712963104248 3.627753734588623 1.9579585790634155 6.038185119628906 8.447635650634766 1.469915747642517 2.849834442138672 1.0134352445602417 2.0743184089660645
3 -0.007021965924650431 0.19404610991477966 2.7559986114501953 0.19027066230773926 0.4098292291164398 0.6299293041229248 10.54281234741211 10.421868324279785 10.906000137329102 8.671157836914062 8.219608306884766 9.466629981994629 4.35598087310791 10.924483299255371 10.594989776611328 10.888816833496094 9.96412181854248 10.652106285095215 10.398008346557617 9.2525053024292 9.585241317749023 10.567353248596191 0.28167417645454407 6.841113090515137 10.79190444946289 1.7145763635635376 1.5977367162704468 5.952449321746826 4.996842861175537 7.177534103393555 6.644003868103027 5.176663875579834 1.0369089841842651 1.2946298122406006 1.1205073595046997 21.558795928955078
4 0.4256656765937805 7.944492340087891 7.186629295349121 11.673137664794922 0.0940965861082077 0.6570340991020203 10.232568740844727 1.4325218200683594 0.11540073156356812 0.5476561784744263 10.319107055664062 8.846203804016113 3.3338911533355713 4.827371120452881 8.722783088684082 10.840364456176758 9.062101364135742 10.420570373535156 10.762338638305664 10.939942359924316 10.84459400177002 10.907734870910645 0.4538229703903198 7.756596565246582 10.697771072387695 10.727094650268555 1.4770828485488892 7.4578752517700195 3.921485424041748 3.100895404815674 3.5951738357543945 6.858353614807129 1.335505723953247 1.7772403955459595 1.486367106437683 19.710609436035156
5 -0.06338280439376831 0.9561102390289307 0.8516944646835327 0.24502888321876526 0.34169888496398926 0.9478458166122437 11.69994068145752 11.694875717163086 10.87755012512207 10.759708404541016 10.480230331420898 6.185137748718262 8.20821762084961 8.297453880310059 10.78701400756836 6.306356906890869 9.453149795532227 10.993842124938965 10.755855560302734 10.243152618408203 9.610815048217773 10.999907493591309 10.408112525939941 10.206363677978516 8.53652286529541 8.435872077941895 10.136800765991211 6.863007545471191 3.945038318634033 5.36439847946167 6.600412368774414 4.9715471267700195 1.325778603553772 0.999342679977417 1.1096863746643066 1.0406702756881714
6 -0.10509833693504333 1.4936959743499756 -0.056638676673173904 -0.09187805652618408 -0.10219035297632217 -0.02217395231127739 10.830682754516602 11.596193313598633 10.620889663696289 11.07335090637207 10.925439834594727 4.811023235321045 5.255115509033203 4.73976993560791 10.886122703552246 9.480706214904785 10.020310401916504 10.939046859741211 9.75554084777832 10.34566879272461 9.44811725616455 10.757916450500488 8.62226390838623 10.730390548706055 10.615087509155273 10.743888854980469 1.1687474250793457 5.8403401374816895 6.345833778381348 5.125122547149658 6.871155261993408 8.046905517578125 1.0562806129455566 1.0201735496520996 1.1850520372390747 1.7640624046325684
7 2.7067158222198486 3.1545190811157227 0.06376665085554123 0.28931716084480286 0.41291913390159607 0.2994156777858734 9.720040321350098 11.60654354095459 10.572790145874023 10.816717147827148 11.677957534790039 6.765322685241699 9.342449188232422 0.934026837348938 7.636473178863525 6.357688903808594 9.68881893157959 10.230080604553223 10.154546737670898 8.725518226623535 0.3626486659049988 10.036307334899902 9.971632957458496 9.839430809020996 7.039101600646973 8.39646053314209 10.106216430664062 6.464916229248047 5.560171604156494 7.915410041809082 3.856992721557617 5.937626361846924 0.9923349618911743 1.6763641834259033 22.530086517333984 1.0044509172439575
8 -0.1016416847705841 1.5334099531173706 1.3772403001785278 1.5094393491744995 0.22682952880859375 0.6041776537895203 10.907610893249512 10.681289672851562 9.802287101745605 11.387431144714355 10.376097679138184 6.913339614868164 8.816040992736816 9.06874942779541 10.587825775146484 7.513175010681152 6.752114295959473 10.994670867919922 10.963530540466309 10.257514953613281 10.530302047729492 10.937027931213379 9.624764442443848 9.731958389282227 7.796820163726807 7.4483642578125 9.236967086791992 9.848743438720703 1.8969513177871704 5.331748008728027 4.6499152183532715 6.5764665603637695 2.930858612060547 1.0013898611068726 1.1018480062484741 1.1039531230926514
9 0.505477786064148 1.1843550205230713 1.6622488498687744 0.5850566625595093 -0.10652118921279907 0.37026646733283997 10.587855339050293 11.094192504882812 10.945945739746094 10.224536895751953 9.147007942199707 7.507632255554199 8.8248291015625 2.499516487121582 10.987909317016602 4.37362003326416 8.512189865112305 10.868413925170898 10.4907865524292 10.34998607635498 6.117168426513672 10.999719619750977 9.812183380126953 9.241990089416504 7.7851386070251465 10.330913543701172 10.790632247924805 8.182816505432129 1.0786405801773071 5.1147074699401855 10.243732452392578 6.242300510406494 4.757357597351074 1.0213866233825684 4.863249778747559 1.0392495393753052
10 0.729660153388977 0.6597684621810913 11.521444320678711 11.691351890563965 -0.08178563416004181 1.1725945472717285 11.237574577331543 10.498854637145996 4.22593879699707 2.0078701972961426 11.366751670837402 8.643537521362305 10.780041694641113 0.44530993700027466 0.31461530923843384 1.0587007999420166 10.48090934753418 10.97106647491455 10.539996147155762 0.4833127558231354 10.004570960998535 3.2713019847869873 0.5446782112121582 8.020134925842285 1.3634473085403442 6.815155029296875 8.658610343933105 4.7836689949035645 1.108102560043335 6.999586582183838 5.872032642364502 7.260414123535156 4.622994422912598 19.522661209106445 0.999904990196228 19.160676956176758
11 2.288788318634033 0.5086660981178284 -0.03978152945637703 -0.04921337962150574 -0.07647950947284698 0.010402798652648926 11.677322387695312 10.71669864654541 9.177511215209961 10.980096817016602 11.438186645507812 8.630240440368652 10.04224681854248 2.4175732135772705 9.669340133666992 6.017056465148926 8.833096504211426 10.877873420715332 10.951189994812012 9.907904624938965 2.5192930698394775 10.525996208190918 8.950410842895508 8.036886215209961 5.795783996582031 10.277359962463379 10.296631813049316 7.774119853973389 3.0243892669677734 6.061862945556641 10.34330940246582 7.614831924438477 1.829750895500183 1.0159070491790771 12.23767375946045 1.4993268251419067
12 0.7590124607086182 0.3765835464000702 11.648426055908203 0.440263032913208 0.8990175724029541 0.27988818287849426 11.525260925292969 11.554344177246094 2.044705390930176 9.288204193115234 9.723653793334961 9.100069999694824 3.007641077041626 0.2850698232650757 10.970703125 10.143462181091309 10.685669898986816 10.888644218444824 10.987921714782715 10.97623348236084 10.945906639099121 10.774502754211426 10.033928871154785 7.403288841247559 10.58995246887207 4.807502746582031 5.584020614624023 4.185471057891846 2.686098575592041 2.8181982040405273 1.8042241334915161 5.812734603881836 2.089665412902832 1.9825071096420288 3.061187267303467 0.9966830015182495
13 1.236956000328064 0.47199171781539917 0.6226059198379517 0.08770867437124252 1.14223051071167 0.028143201023340225 10.545732498168945 11.083619117736816 11.020591735839844 10.687576293945312 11.515314102172852 6.331273078918457 9.979291915893555 3.351555824279785 9.468768119812012 10.424086570739746 8.363017082214355 10.999987602233887 10.977762222290039 10.702676773071289 6.869174003601074 9.8573579788208 10.717182159423828 10.122039794921875 5.922458648681641 10.702430725097656 4.931183815002441 8.360260009765625 2.802968978881836 4.129417419433594 9.76462173461914 4.080562591552734 1.9944742918014526 1.2548108100891113 3.757556438446045 1.2727298736572266
14 2.4030261039733887 1.389209508895874 1.3507049083709717 1.014183521270752 0.016226788982748985 -0.0048446631990373135 10.670764923095703 11.070481300354004 10.910374641418457 9.102895736694336 9.59200668334961 6.559244155883789 9.454872131347656 8.583192825317383 10.923298835754395 6.4620361328125 9.854689598083496 10.565007209777832 10.518826484680176 10.261307716369629 10.854081153869629 10.684048652648926 9.083627700805664 9.979626655578613 6.86021614074707 8.095643043518066 10.041975021362305 6.163052558898926 4.681488513946533 5.323082447052002 3.5533576011657715 7.427005290985107 1.0947372913360596 1.0019755363464355 1.5079494714736938 1.4041056632995605
15 0.5726574659347534 0.22796756029129028 0.02103993482887745 0.6917746067047119 0.32941752672195435 0.1917039453983307 10.92350959777832 11.43411922454834 10.100951194763184 6.69888973236084 6.888041019439697 9.176179885864258 5.955014228820801 9.875228881835938 10.349807739257812 10.997611045837402 8.608535766601562 10.279648780822754 10.999787330627441 7.036454200744629 9.132498741149902 10.99978256225586 0.2817929685115814 7.291920185089111 10.328136444091797 1.0230759382247925 2.244755744934082 8.064092636108398 2.335601806640625 9.638204574584961 7.356158256530762 4.969186782836914 2.4148473739624023 3.5307865142822266 1.371092677116394 21.73978614807129
16 0.6068871021270752 1.4405407905578613 1.0986003875732422 -0.015102442353963852 -0.09003579616546631 0.5570559501647949 11.535598754882812 10.43661117553711 8.87706184387207 9.780326843261719 9.033872604370117 6.662888526916504 9.73399829864502 2.214414358139038 8.025205612182617 2.9463934898376465 9.470759391784668 10.990681648254395 10.845983505249023 9.926026344299316 0.34430062770843506 10.752344131469727 4.4778008460998535 9.91048526763916 6.384613990783691 10.128568649291992 10.564900398254395 6.834389686584473 3.589120388031006 6.026885032653809 6.1642937660217285 10.78125 1.489458680152893 1.0123035907745361 20.557533264160156 7.759668827056885
17 1.8697623014450073 0.43417036533355713 11.620355606079102 11.55929183959961 0.02886158786714077 0.15636013448238373 10.748248100280762 11.000659942626953 2.5375664234161377 0.08170219510793686 11.271767616271973 9.213497161865234 10.417271614074707 0.2853238582611084 10.13847827911377 3.377190351486206 9.63730239868164 10.624500274658203 10.98555850982666 10.546911239624023 6.54525089263916 0.7022927403450012 8.781795501708984 7.236338138580322 4.948461532592773 4.798862934112549 10.708988189697266 6.554837226867676 2.7164406776428223 4.603647232055664 9.988751411437988 7.842054843902588 2.064371109008789 1.1127068996429443 4.2166852951049805 1.6302272081375122
18 0.36129412055015564 1.4710495471954346 0.2916836440563202 -0.10194797068834305 1.8811004161834717 0.07975425571203232 11.624582290649414 11.318421363830566 11.003411293029785 9.886716842651367 10.331683158874512 4.6075873374938965 9.880775451660156 2.2347817420959473 10.054125785827637 7.351864337921143 9.548735618591309 10.473468780517578 10.13442611694336 10.909612655639648 5.601565361022949 10.51290512084961 10.508755683898926 10.765174865722656 6.113729953765869 10.144567489624023 9.379644393920898 6.705543518066406 5.603359699249268 3.2808690071105957 10.488851547241211 4.708942890167236 0.9920066595077515 1.6619733572006226 5.701610088348389 1.0887515544891357
19 1.7003977298736572 -0.021451054140925407 8.6455078125 0.05063941329717636 0.04206321761012077 -0.010614871978759766 11.611367225646973 10.320894241333008 -0.015152876265347004 9.531083106994629 9.07147216796875 8.151261329650879 2.224611520767212 1.1343053579330444 9.61077880859375 10.981925964355469 9.999374389648438 9.741913795471191 10.787633895874023 10.944930076599121 10.995187759399414 10.726099014282227 0.42393624782562256 8.59942626953125 10.136611938476562 8.802705764770508 2.029682159423828 5.882446765899658 3.826944351196289 3.06781005859375 2.191739559173584 6.7010178565979 1.3760921955108643 1.7996822595596313 2.5685248374938965 19.913576126098633
20 0.006834238301962614 -0.10451874136924744 -0.10283420979976654 0.28852275013923645 -0.0740322470664978 0.12965790927410126 10.177512168884277 11.695196151733398 10.445995330810547 11.452220916748047 11.360389709472656 8.510021209716797 7.7270660400390625 7.076162815093994 10.238591194152832 5.612776756286621 8.169703483581543 10.996611595153809 10.792033195495605 10.136931419372559 8.55753231048584 10.06482982635498 8.945928573608398 8.18545150756836 9.036555290222168 9.607114791870117 10.484245300292969 8.579172134399414 3.8100461959838867 5.598006248474121 8.127355575561523 7.6210222244262695 1.383610725402832 0.9920234084129333 1.8209984302520752 1.5026609897613525
21 1.5312960147857666 0.07013067603111267 -0.04234018176794052 0.0957188606262207 -0.012974601238965988 -0.0132770836353302 11.206348419189453 11.431060791015625 9.46789264678955 11.380752563476562 9.096132278442383 7.207058429718018 8.25405502319336 6.476944923400879 10.056658744812012 6.121325492858887 10.801389694213867 10.99388599395752 10.984770774841309 7.49337100982666 10.4342622756958 10.803132057189941 8.703864097595215 9.501662254333496 8.485145568847656 10.032570838928223 10.241479873657227 3.773597240447998 2.056471824645996 9.25487232208252 4.9052276611328125 7.943315029144287 2.726017951965332 2.9483275413513184 1.051254391670227 1.6944345235824585
22 2.8748035430908203 1.5536887645721436 0.6941901445388794 -0.06352674216032028 0.9913036823272705 -0.028918270021677017 10.18549633026123 11.4399995803833 11.17702865600586 10.845458984375 9.554304122924805 6.586681365966797 9.055620193481445 7.591985702514648 10.509805679321289 7.518069267272949 10.628791809082031 9.993945121765137 9.903450965881348 10.777364730834961 10.538751602172852 10.973102569580078 8.368897438049316 9.961591720581055 7.467130661010742 9.164632797241211 9.232526779174805 4.364526748657227 6.070418834686279 3.8658523559570312 4.626462459564209 8.353407859802246 1.0168339014053345 1.3590878248214722 1.1072866916656494 1.995153546333313
23 0.9853920936584473 0.3011122941970825 10.838465690612793 2.7224419116973877 0.09373172372579575 0.13151580095291138 10.011475563049316 9.210179328918457 1.1612155437469482 11.518754005432129 11.054326057434082 10.148946762084961 7.5688605308532715 0.2879052758216858 6.406854629516602 4.70368766784668 10.112162590026855 10.597912788391113 10.839900016784668 10.826289176940918 2.073962450027466 10.2446928024292 9.028196334838867 5.572237491607666 9.18603801727295 4.72284460067749 10.750186920166016 5.650638580322266 1.4760750532150269 3.6729907989501953 10.011249542236328 7.506083965301514 3.6154823303222656 1.447597861289978 13.47114372253418 1.442815899848938
