0	-28.7467	-13.4217	-0.4028	23.1536	23.8834	2.2742	0.778	23.3023	12.5825	-25.2068	-5.9175	-7.0744	9.7707	27.3303	21.0616	19.6264	19.627	15.7726	20.9722	18.5403	-35.7	22.8267	-2.0465	21.405	25.4627	24.5572	27.3181	21.0605	14.7422	26.7595	12.0798	21.9024	4.7572	18.0104	8.9774	22.0975	22.077
1	-9.6919	-15.0982	4.8817	24.9763	21.1185	18.3724	-19.1244	22.4997	1.5958	-12.1919	-22.6507	-13.7767	7.2705	23.9718	24.0342	23.2841	25.4765	16.4198	22.8705	18.7313	-48.5646	18.7503	14.3239	15.7546	24.3433	27.616	19.4482	22.1556	16.5582	12.9839	19.0548	24.7998	19.6052	-6.9121	18.3838	22.8599	16.644
2	-48.7995	-16.6711	-0.4363	26.477	26.8273	26.8146	-4.5834	-4.5047	-12.7303	-30.8497	-10.5194	18.7997	16.9503	25.8016	20.2954	13.3896	13.5611	20.8038	26.5566	4.3915	-9.2544	19.2083	-4.4204	21.4817	27.5635	29.2856	24.5511	23.281	15.279	26.0174	-2.6754	20.6089	14.9193	14.3611	15.1658	25.286	10.9153
3	-42.2602	-20.4891	12.5216	25.1213	27.3338	23.2129	-6.9713	-38.0704	16.7755	-17.2818	-1.0835	5.7958	16.4298	28.0174	14.2318	22.9432	16.2112	11.1482	19.6524	16.4371	-45.3626	28.4377	19.8922	17.578	14.7125	21.0743	24.4946	22.9672	22.2524	24.7269	19.1541	19.5586	13.7648	4.5407	18.034	17.4379	18.4597
4	-41.5244	-22.1298	12.7953	16.575	8.7615	-5.6099	8.8404	-2.2533	-18.3041	-24.1605	-17.7319	5.2	22.4859	27.478	15.5998	19.7865	18.7257	27.3188	21.0375	16.8414	-41.7826	24.4215	14.4139	17.786	23.6042	24.0042	25.9318	18.2769	26.234	17.5366	8.5076	18.1645	26.0446	-4.6163	13.2772	18.7938	23.1241
5	-31.5898	-14.9438	18.8094	34.0223	35.8395	30.946	-11.5879	18.3603	-9.9591	-34.0968	-6.7044	0.211	22.4144	36.6651	15.7965	15.9754	24.0876	20.0261	18.9297	4.8062	-53.7949	5.9662	-2.5469	19.8286	30.5895	19.783	23.757	21.7238	15.8178	16.859	-2.3532	18.4061	-15.5616	8.1893	5.5587	31.6104	6.7188
6	-22.3121	-15.8994	-4.9707	14.7601	20.1893	21.0039	-18.7351	-0.2903	-8.1924	-23.6749	3.5306	11.2154	19.2718	15.8916	14.3079	15.1488	20.0843	18.4224	22.9429	5.0376	-3.3013	6.5273	-12.1825	18.5226	19.563	15.0511	8.1612	13.9153	18.6811	18.9581	8.2429	13.7328	6.3564	-14.9577	14.7613	10.2016	12.5226
7	-2.6908	-5.3578	18.7794	26.4309	28.1606	21.6665	18.375	26.1452	7.313	-23.7668	-6.9401	-18.6771	-2.0554	29.5765	18.6164	6.9521	10.3067	24.5951	33.2806	-8.7871	-23.5158	22.0749	3.7704	27.8844	35.1322	26.9248	16.4676	15.1308	10.89	20.7856	5.2753	17.6255	21.0573	25.6988	4.5555	28.3986	21.9492
8	-33.0782	-20.7496	-0.3875	8.3807	11.0486	21.229	-36.849	-33.2941	14.3641	3.2247	12.397	12.0727	15.876	1.0183	18.1133	17.0612	4.2239	14.5013	24.4098	7.6817	-0.2781	9.047	13.3847	27.7184	16.3481	14.5063	12.0572	14.5959	11.4137	1.1825	23.0691	21.2529	12.1937	-35.6405	26.1096	22.4401	10.8085
9	-28.2689	-8.2634	15.8766	24.6709	27.4505	26.4965	-17.1891	10.0882	18.1787	-19.1898	-4.4658	5.5812	19.9404	25.6949	14.2771	12.7054	11.2134	21.6046	17.4158	13.9864	-14.8578	18.9849	24.0718	15.592	22.512	14.6751	16.0391	16.4664	19.5533	14.7106	17.7435	18.045	6.1366	8.4066	13.9545	18.5279	5.2578
