0 -20.533 -15.14 -5.1755 -12.931 -20.292 -17.72 10.065 -15.522 -16.803 -17.494 10.973 -16.161
1 -16.631 -14.161 -3.2389 -19.745 -20.78 -10.922 0.18417 -11.719 -21.403 -9.3776 -1.9679 -20.249
2 -12.539 -17.933 -14.185 13.485 4.486 -9.9711 11.744 -13.028 -14.898 13.089 7.1774 -21.291
3 -17.728 -19.175 7.3319 4.8538 -12.891 -12.215 5.9649 -18.273 -19.679 5.3077 1.6196 -21.428
4 -16.351 -18.546 -2.9404 15.582 -5.7902 -7.8846 10.212 -2.9108 -15.178 -10.561 -0.31019 -19.273
5 -14.288 -16.368 -4.7572 -15.486 4.7326 -14.928 10.303 -17.084 -15.158 4.0617 7.814 -13.689
6 -21.201 -8.7036 13.948 2.3613 -14.336 -18.575 9.0336 -18.344 -11.848 10.827 9.769 -13.458
7 -16.881 -19.589 -6.6546 -21.305 -15.868 -13.198 10.886 -16.602 -15.575 -10.583 7.8751 -20.177
8 -19.251 -17.807 16.623 14.07 -6.3901 -5.5824 1.7786 -4.8112 -13.198 -12.461 -2.1867 -17.1
9 -15.415 -18.516 16.464 -15.28 -20.419 -16.812 -4.0317 -14.609 -19.191 -14.645 -5.4643 -20.294
