0	-15.5162	-13.3618	-15.8636	2.6344	12.2156	19.8427	-6.7503	-10.6011	-13.7524	-21.055	-10.6156	5.6456	11.3529	16.6895	13.3972	9.9135	13.2854	19.2499	20.6682	11.1325	19.2885	3.123	-10.2909	17.5722	21.1366	18.2656	12.4216	9.7581	13.52	-0.2238	7.4065	5.261	16.6512	13.6661	11.3058	13.5564	18.2841
1	-22.159	-33.5273	-10.2492	-7.6174	14.0559	22.1162	17.3975	-36.2295	-26.0138	4.7651	9.0638	17.0863	17.6462	-4.2849	0.3942	11.1706	15.8252	19.4895	18.7989	24.5546	4.1312	3.0951	14.8479	12.6072	18.804	18.558	8.8741	16.8703	11.6898	13.1849	11.8739	13.2635	6.5585	15.0413	13.4988	22.6187	17.1909
2	-35.3301	-32.7623	2.6494	15.5818	23.9656	22.7689	23.8448	-9.5825	-24.5445	-18.3982	6.2557	16.0131	22.0598	21.0664	22.2052	25.8305	22.6461	12.1114	25.1467	26.2541	-33.3892	22.9652	27.101	25.489	9.1197	21.0929	18.6416	27.7536	14.4914	28.5845	22.8701	24.3145	15.0851	25.6666	28.6378	15.6171	-0.7143
3	-30.9114	-17.1597	-15.4535	14.2643	15.6994	9.7028	-1.3834	6.3468	17.788	-5.2494	-7.8114	0.9768	-7.6238	16.5162	21.232	23.1291	14.4123	14.6531	11.8861	18.7306	6.1942	17.6106	20.7553	16.3557	12.6623	9.7452	17.3689	23.3045	20.5607	8.0391	2.6403	22.9279	15.8909	8.4526	15.9043	9.4156	12.869
4	-26.3175	-4.4947	14.7494	18.9182	20.6925	26.4428	-12.8715	28.1259	-15.1705	-12.97	6.5305	26.1227	27.5714	26.0142	19.8531	8.3963	20.6404	18.7143	30.372	23.5783	20.9436	-13.5897	15.6353	24.2331	21.0753	23.1895	-0.5934	15.4886	3.4255	-6.5931	2.0146	18.3932	8.6012	19.4115	13.9258	11.4427	-10.9101
5	-37.4173	-11.8089	7.9213	11.8242	14.1157	19.9671	-16.6771	-29.8978	-31.4056	-14.3	6.9472	16.6603	15.0406	17.023	10.8353	16.9009	12.0254	16.3952	12.4498	17.6249	8.9525	-10.6181	4.1161	13.9528	13.4038	16.4223	12.3446	14.8827	16.0665	-3.9071	-4.6168	16.456	2.8692	15.1654	17.4718	12.3051	6.9524
6	-30.1642	-13.4766	-13.6803	10.3207	12.7288	20.3275	-19.8005	-25.8393	-21.2967	-12.3863	2.9057	5.6494	19.7586	17.7208	15.6127	13.4079	15.9721	12.0972	15.4603	18.7031	7.0725	10.5566	2.3638	17.7344	14.761	14.7269	14.4467	13.7245	14.9476	5.2271	4.452	12.8366	9.109	6.2299	14.6013	19.0408	7.1903
7	-30.0471	-17.8274	-5.793	1.9575	12.4939	17.2094	-16.1607	-26.9968	-29.3179	-6.9316	6.8929	14.3389	8.4639	5.4722	15.5298	13.3069	10.6849	14.0357	19.9156	8.3895	13.1551	5.0941	7.9568	20.3748	15.6934	15.9279	12.5324	8.3976	12.4737	12.3411	11.6928	15.5779	7.2709	11.7834	17.8197	16.3307	12.1649
8	21.6643	-21.9421	-22.708	10.3716	16.6673	19.5371	-13.2437	-5.5409	-11.3057	-23.8974	0.3162	12.9607	16.2202	16.2289	-7.5885	10.4324	14.9356	14.1935	21.7593	20.1194	8.5081	12.8895	-6.3677	20.3673	17.0964	12.0796	10.8242	11.8828	9.8738	20.3817	-0.8432	-1.7725	-3.282	14.1316	7.5124	6.649	4.9461
9	-25.7266	-1.4787	8.1859	16.2514	17.6555	14.1056	-6.335	-28.4254	-36.1047	-7.7954	-7.3884	7.6093	12.5759	17.3436	14.6293	12.0543	2.777	18.2642	16.1546	13.8111	1.2574	2.0656	6.8123	14.3663	12.1578	13.4503	-0.3295	15.3522	13.988	6.1277	-9.1725	13.2592	14.5762	10.7998	12.9574	10.4088	12.3414
10	-30.5094	-10.7105	13.7103	19.3802	20.3236	17.2745	-35.6286	-2.5974	11.1922	-5.0952	13.5781	3.9579	0.0468	12.9069	15.302	17.9338	19.6485	15.1364	20.2224	10.5941	4.1579	19.7727	12.0176	15.404	16.6648	17.9152	19.6761	17.0084	17.949	20.5204	18.594	17.3685	7.0721	-6.9316	16.5467	19.048	16.7523
11	-22.9491	-11.9777	7.3056	9.3482	19.2713	22.376	-14.2679	-33.0466	-29.7161	-4.1332	1.4301	15.6585	19.684	21.4271	13.7811	12.7036	12.7021	10.3815	20.9993	16.0723	17.8807	3.4278	8.6642	11.8355	17.241	14.9506	17.8729	13.5634	14.4048	-1.4065	5.5526	12.9909	17.0031	11.2685	13.1164	17.4519	6.9197
12	-34.5466	-28.8255	-17.295	12.0762	16.1895	20.9769	26.1142	3.4277	-23.9195	-8.0726	0.0654	3.615	2.6722	17.2914	28.5383	24.4032	20.0306	20.3023	23.1106	27.0925	-24.7481	-43.8876	-39.5064	23.8532	21.1752	20.6156	21.5371	22.7948	8.9687	-25.0211	-46.25	23.3816	17.7484	27.3849	28.8461	23.6688	15.0945
13	-32.8073	-28.0524	-10.5009	4.5191	10.4411	18.1287	-4.9401	-21.4339	-29.0112	-6.4349	12.5552	14.3825	7.9059	7.0315	13.0739	10.7613	11.9674	14.7544	20.052	16.0302	7.1879	11.2198	-1.1365	15.8289	11.519	14.3882	10.9648	8.7128	11.7065	15.3744	-2.8436	13.5054	9.9644	3.8007	14.2119	17.241	11.7651
14	-32.7181	-19.0934	-1.2326	13.4911	18.2492	15.2028	-13.7408	-22.3506	-16.5646	-9.4603	5.5478	13.7486	13.9622	15.6082	14.0606	14.6243	13.8038	19.6906	16.9974	16.183	2.6881	6.8899	-5.3603	14.3528	10.9284	16.6046	18.5135	11.9325	18.0343	-5.3368	-8.294	12.9587	14.7541	7.3449	12.5108	14.0668	7.1902
15	-25.1642	-16.2518	0.0144	20.3811	23.1357	19.1324	28.8275	18.5735	19.7994	-25.4649	-25.0336	7.2674	20.0857	16.63	16.4488	20.7061	28.6727	28.304	21.3277	3.7169	-29.9371	-12.9833	-12.1499	16.4797	16.7852	11.3352	26.0046	17.6859	29.5177	0.2775	-27.4773	19.1764	17.5977	21.8167	9.1548	26.7856	19.615
16	-22.8991	-11.1166	8.5187	17.6929	20.2352	21.1486	-25.5849	-28.0402	-32.4927	-9.4853	-2.2836	9.7235	19.7424	20.1483	15.2581	11.7438	8.2204	9.205	22.3958	18.3085	22.3113	12.8137	8.5951	12.2083	13.085	15.3494	15.9309	11.9649	12.6767	7.531	19.8233	15.3079	10.8675	12.2782	15.7987	17.1344	10.6925
17	-34.756	-29.8381	-29.357	1.7009	20.3427	29.0407	21.1882	23.486	-44.6836	-6.4509	5.3708	9.1514	24.763	16.3795	11.1116	11.6502	17.1158	22.3092	28.8726	18.0418	0.75	8.9314	-2.0723	27.6908	27.4924	23.1067	15.8574	11.0085	16.8011	14.7792	6.2608	-1.0129	11.2264	21.7136	20.5494	25.6962	9.3629
18	-9.9743	-15.2684	-11.8378	5.1324	14.7465	20.996	-9.5783	-10.7625	-26.6244	-13.283	5.0982	6.4672	18.6565	18.1716	13.8409	12.0534	16.9435	19.5771	16.9722	16.6154	21.2919	1.8597	-3.5783	19.3134	19.0659	19.7082	13.8366	11.5706	15.4471	0.5746	2.9684	6.6503	6.8551	10.4606	14.9732	20.6233	15.3267
19	-23.8272	-15.5896	-4.4364	19.1049	14.2049	-4.9069	7.3023	-6.6111	8.3788	-12.2855	-4.0086	4.3444	19.5475	19.0435	22.004	22.1329	23.2476	23.5937	21.8158	12.9821	-37.8762	18.9307	15.0032	22.1235	14.3199	21.3441	20.8895	22.0031	23.6637	23.8183	22.4603	22.1655	20.6806	20.1272	18.5791	19.3684	8.6139
20	-30.5411	-3.6537	7.4104	19.2384	18.954	19.6798	-27.4956	-25.154	-34.8769	-1.9682	10.4537	18.3604	18.5859	17.3404	15.3621	18.7798	2.3595	3.1407	15.3859	17.3336	2.2831	-1.5905	10.2297	5.9353	12.9304	12.1983	14.8898	17.4766	3.3272	-11.2121	-0.8421	18.3816	17.2367	14.9049	17.9189	7.1879	-10.0143
21	-3.7401	-13.1616	-3.5785	10.8765	17.9495	21.5942	-22.8981	-37.7036	-37.3736	-8.9004	3.2335	20.8405	22.7955	22.4211	19.0837	15.4624	12.1643	9.9635	17.4582	25.8161	6.8189	6.6233	5.9638	22.362	11.1599	1.7792	15.1612	17.4273	6.3808	5.2339	-8.3034	20.5177	6.7065	20.4965	23.4786	4.2155	8.7624
22	-30.2859	-4.1869	7.3025	13.8625	19.2535	19.7403	-15.5368	-35.2013	-29.3869	-9.5716	4.9701	8.1561	19.2299	21.8368	19.5468	16.0211	2.464	13.2621	17.4654	18.1496	1.944	-3.211	2.882	16.9545	8.3915	18.0593	18.0747	19.676	10.9418	-12.7215	0.7228	15.9316	19.4401	16.5877	19.3504	5.857	-10.2802
23	-37.7722	-29.2368	-3.2161	15.9655	8.1756	16.5337	21.3658	-35.1878	-33.2282	-19.0025	-10.0491	10.7053	14.962	25.667	17.9877	20.8519	23.0799	23.2316	14.9776	20.2883	2.5171	15.3395	19.492	19.8523	20.7313	15.1824	22.8428	22.1723	21.4753	8.5605	7.8505	21.9459	16.2321	8.214	21.4534	17.4148	14.9178
