0	2.8940291	4.239565	3.804864	4.4312773	3.0263686	4.6352673	9.591765	3.8805933	1.7531121	1.7451935	3.724862	3.3215046	2.380671	2.3475296	4.2443624	2.6937132	3.5500278	2.3856852	1.6957583	3.7429526	2.4909046	2.3675723	4.087226	4.5504527	3.170885	4.3321233	3.353639	2.7233453	2.9815938	6.6462097	4.2015944	3.7620356	4.332552	2.4481413	3.2269022	2.90933	3.833849	5.0054975	4.6982856	3.5096142	2.466314	1.7215371	1.7761468	2.2658768	2.6248255	4.1427274	4.5390205	3.87226	5.372656	4.8184304	4.9901304	2.3685222	4.247565	3.8060617	2.5224981	3.976204	4.5522523	3.414806	3.3479989	3.9683115	3.96395	3.7302275	2.884893	1.7355102	4.802415	3.5365102	3.0222516	6.2175093	5.241585	2.380694	5.635965	3.9278102	2.8442383	3.2021239	2.549	3.136954	4.9304957	4.3937006
1	2.7875786	3.9825373	3.6538885	4.80404	2.8268332	5.334873	10.126427	3.8963711	1.7396815	1.6678416	3.8272438	3.6945102	2.3814466	2.42506	4.0899124	2.8822386	3.9998639	3.6662796	1.6894081	3.648615	3.569732	2.5414367	2.855556	4.84967	3.3472528	3.953291	4.2472587	2.9532697	3.4457808	9.276643	5.5001173	3.7800913	2.2763786	4.157404	3.0602932	3.0636735	3.9360137	4.7423835	5.0233335	3.7345557	2.500901	1.8206303	1.7584051	2.9614017	2.1160822	3.8726697	4.443839	3.7422597	3.9535568	4.1974535	3.59957	2.4157195	4.352066	3.903205	4.2004976	2.9548082	3.4184492	4.1376843	2.0918198	3.1641126	4.403486	3.4670708	3.0745087	1.8369844	4.1057158	3.7769027	2.914618	5.3050237	4.826279	3.0020978	3.641384	3.586991	2.7998767	4.382354	3.6477664	2.4744298	4.0102506	6.3386106
2	2.863371	4.313945	3.7908032	4.9410114	3.0664964	4.488809	8.846001	3.8662257	1.8224399	1.8097794	3.6442275	3.5616984	2.8317833	2.5581434	4.3567996	2.7087452	3.9803889	2.7682838	1.7993606	3.7101185	2.5860784	2.272665	4.026078	4.4329453	3.1341062	3.3261566	3.3391905	3.4385026	3.3952906	6.441313	4.36125	3.9595702	4.2484565	2.3597689	3.560955	2.7148101	2.755612	4.7484846	4.59575	3.3336174	2.3454235	1.7392788	1.7051969	2.4623165	2.55057	4.1885204	4.1803946	3.8987818	4.929035	4.6801496	4.6091566	2.50244	3.873825	3.0997417	3.3035426	4.3155866	3.5441754	3.8815732	3.4486818	3.4265585	3.9969113	3.679523	2.607141	1.7768514	3.7876368	3.8026552	3.040164	5.783177	4.983234	2.4001882	5.71135	3.9215043	2.7010546	3.1888998	2.4687817	2.329401	4.249647	4.635046
3	2.817906	4.739145	3.929758	4.84416	2.9257636	4.627194	8.553139	3.8654528	1.7133027	1.7555339	3.850831	3.356085	3.1299362	2.36307	4.4647384	2.865381	3.8091183	2.352828	1.7655015	3.9459684	3.0316668	2.244236	3.728417	4.509021	3.3377993	3.0795612	3.0992916	3.5087469	3.0994833	6.0004177	4.015729	3.768303	4.72709	1.9852699	3.4383287	2.673837	3.061307	4.680053	4.6627135	3.478362	2.4665773	1.7025573	1.7807004	2.0864828	2.4928308	4.0660763	4.633811	3.869265	5.6187353	4.6536336	4.279824	2.2446623	3.8288772	2.9402387	2.7338254	3.9158907	3.859817	3.8445945	3.4769387	3.5492668	3.7206845	3.7178907	2.566749	1.7856114	4.318983	3.7793674	3.0309424	5.546936	4.5049534	2.4039552	6.088372	3.8555143	2.8049073	3.747599	2.4377656	2.17766	3.9556787	5.2641144
4	2.6907444	4.4904323	3.5853152	5.810975	3.0972564	4.427743	9.315884	3.8882675	1.6678708	1.6973188	3.731178	3.9542148	2.5494704	2.4129853	4.1502285	2.8641562	3.9247558	2.234457	1.8390757	3.6226258	2.2534864	2.4680557	3.0249786	4.479708	3.1481602	3.5793593	3.1178355	3.243054	3.276646	8.233659	5.0890665	3.9017165	4.2819386	2.7228305	3.2315035	2.6578531	4.0462446	4.4743824	4.368641	3.2215848	2.468134	1.7662959	1.7919257	2.1538107	2.3346312	3.752506	5.31621	3.797484	5.307364	3.9253662	3.9848456	2.44518	3.9651103	2.9900835	3.678626	4.3495855	5.122115	2.9113743	3.2539945	3.719152	3.6326432	3.7188852	2.2140253	1.8377715	4.3068438	3.93276	2.9948292	5.608359	4.727083	2.4647288	5.642987	4.0052443	2.8551352	3.5346017	2.7896597	2.7853394	4.4507737	4.641345
5	2.7479086	4.103961	4.0273194	4.817645	2.942124	4.581757	8.835854	3.8493392	1.8435293	1.7280045	3.6730478	3.3703809	2.693025	2.3678505	3.9858475	2.7281847	3.866004	2.6691213	1.8403524	3.769046	2.8076684	2.2916164	4.9748287	4.500201	3.4540539	3.9344847	3.287037	3.1965132	3.2668173	5.646185	3.3994427	3.8055487	4.110245	2.564938	3.3362987	2.8208327	2.899344	4.7694516	5.1523666	3.5101295	2.4677112	1.7681907	1.8623115	2.5470185	2.2137065	4.1004987	3.941496	3.8542173	5.0496254	4.4661493	5.3555036	2.396352	3.2254167	3.8477132	3.40689	4.562203	3.275759	4.0800595	2.7030518	3.0598986	4.1246705	3.658566	2.8206382	1.733061	4.0584846	3.6293366	2.9979002	5.5490103	5.221005	2.546252	4.766024	3.853128	2.8175702	4.2391615	2.6664958	3.879236	5.315608	4.3637385
6	2.8465593	3.7701342	3.6667438	5.7157383	2.991087	4.580929	8.687979	4.066289	1.8088942	1.8023026	3.6908126	3.7458243	2.827916	2.4366171	4.5435123	2.686338	3.747935	2.4294276	1.7980545	3.5654435	2.9574654	2.3169365	5.545188	4.4770293	3.163496	4.0519133	3.4329176	4.1935663	3.3572614	4.636056	3.1709461	4.1529994	4.308341	2.6154337	3.794972	2.6569567	2.488393	4.778924	4.463473	3.7905262	2.5146174	1.8004977	1.7172354	2.2664065	2.5131848	4.3007913	4.748155	3.6655846	4.838119	4.123798	5.0900803	2.407718	3.7039008	3.8751779	2.1767166	3.6920178	4.782899	2.8626409	2.4566236	3.5611904	3.7741354	3.6795616	2.9977012	1.6772872	3.814393	3.6792526	2.9374301	5.670836	5.3883386	2.0870075	4.505217	3.895136	2.8927155	3.3144107	2.7140589	2.9790282	4.498622	5.0307064
7	2.7887795	3.9554908	3.9048815	5.097706	2.915372	4.6421666	7.1455884	3.9902492	1.7651068	1.697706	3.706497	3.6165462	2.5840662	2.5929546	4.1191	2.6563334	3.808125	2.542186	1.731878	3.6653523	3.1458864	2.3687322	4.8040495	4.1320734	3.4036589	4.0476522	3.7696145	3.849169	3.5465047	6.194806	2.3765728	3.96719	4.2409186	2.3593445	3.427084	2.7426448	3.0444713	4.890398	4.911465	3.6975935	2.4249945	1.7823838	1.7389038	2.5670605	2.2724879	4.169771	4.333336	3.8424096	3.694713	3.799303	4.927455	2.3648064	3.4765768	3.9683864	2.9598308	4.4101496	4.0809183	3.0824015	2.6830215	3.190268	4.13214	3.4604886	2.5729342	1.7018194	4.039132	3.621024	2.960422	5.916239	5.844082	2.4202077	5.283085	3.8763127	2.690966	2.9000196	2.1105936	3.0511653	4.5647135	3.5069778
8	2.7217295	4.029008	3.7478163	4.2991524	2.9731445	4.721102	8.744677	4.04863	1.8741398	1.7566719	3.8475192	3.5633395	2.470243	2.394619	3.9455562	2.8272052	3.8460877	2.6454475	1.7812893	3.7926886	2.807932	2.5109	2.671046	4.3829093	3.3909445	3.487306	3.2439914	2.9974961	3.012907	6.183576	4.130606	4.0077047	4.448302	2.1363056	3.2588627	2.8245173	3.818928	4.616504	4.9375114	3.4804153	2.4092119	1.7276591	1.6999679	2.4725099	2.5393324	4.0108604	3.7684083	3.9582303	5.284819	4.6949296	4.4011025	2.4871078	4.0283604	3.5243332	3.7406983	4.6006565	3.601515	3.8282213	3.7430072	2.9789271	4.0168886	3.632145	2.428189	1.8408972	4.6432214	3.7493205	3.0332325	5.6377287	4.8264794	2.537302	5.794628	3.8246055	2.6608658	3.3318763	2.6309893	2.487285	4.0756087	4.7480316
9	2.6646004	4.0222034	3.651235	4.4673133	3.0459497	4.2473736	7.6145334	3.888675	1.7711601	1.619166	3.6904597	3.652752	2.5499797	2.3956845	4.09104	2.8748236	3.9254413	2.7564502	1.669069	3.8114815	2.2182426	2.3652701	4.357167	4.2807584	3.3317413	3.7218962	3.5747626	3.9493032	3.1694005	6.411129	4.4032154	3.8042727	4.2285795	2.5566795	3.4640017	2.7651043	3.8149288	4.6504407	4.223956	3.7943923	2.567879	1.8605905	1.7796642	2.7765627	2.1101902	3.9161456	4.201213	3.8027754	3.9277723	4.489835	4.8790374	2.364952	4.427057	3.4420204	2.5659678	3.8399224	5.128928	3.3203297	3.0655172	3.340268	4.161263	3.5115414	2.6582148	1.6845474	4.5269623	3.8000526	2.9791765	6.415131	6.171046	2.325297	5.526807	3.8284948	2.9576163	2.4629421	2.5215273	2.7995002	4.7123117	4.0735006
10	2.8794954	3.9477184	3.824774	5.166293	3.000183	4.8798485	7.8601084	3.9658163	1.814111	1.7117536	3.596456	3.958255	2.6311185	2.4648335	4.2385607	2.7638018	3.8437095	3.049821	1.6686809	3.6964993	3.128675	2.3633447	4.1487494	4.333198	3.5625136	4.0283356	4.184866	4.1113772	3.5323765	5.1083946	3.1659136	3.8215585	4.83237	2.0098286	3.4978583	2.7973018	3.6412907	4.598284	4.6588492	3.7002149	2.4382362	1.7309242	1.7995818	2.5562854	2.0985265	3.7677045	4.627611	3.8023808	4.66412	4.1032906	4.7419105	2.5126293	3.3115091	3.41883	3.1783316	4.153623	5.1269274	2.933752	2.1407008	3.1423564	4.114814	3.5017858	2.3573496	1.7406585	4.4262505	3.7213435	2.9058578	5.66492	5.809561	2.4287848	4.9263854	3.9499366	2.6749578	3.362291	1.8697864	3.0584154	4.219432	4.9713063
