0 0.7726 -2.5072 7.1492
1 -0.001931 2.3775 2.0988
2 3.9992 2.5963 0.69771
3 0.13154 -5.311 12.211
4 0.76326 -8.5396 -2.8141
5 -3.3962 -3.1975 8.3627
6 -2.6873 0.3872 3.7107
7 -0.14461 -1.9686 -0.99696
8 2.1474 -3.0997 -3.3163
9 0.9788 -2.4438 -1.0401
10 5.3459 -1.5095 -6.915
11 1.3938 -4.3882 2.7666
12 2.274 0.9671 2.5878
13 0.72044 -3.4759 -4.4051
14 -0.11331 -2.1149 -0.40049
15 -1.2227 -2.7549 2.2796
16 1.7581 -5.8591 -2.6429
17 3.4526 -0.06278 4.3115
18 -3.0194 -7.2142 2.1232
19 -2.2835 4.8723 -1.0732
20 -1.0872 1.5692 -0.5354
21 -2.4976 -1.7974 1.1567
22 -5.06 0.68142 7.6659
23 -5.1396 6.1008 -4.6522
