0 0.15805180370807648 0.0968889594078064 11.2378511428833 11.535331726074219 1.7840129137039185 0.4434795081615448 10.928815841674805 9.808267593383789 0.7053685188293457 0.9651409983634949 10.527165412902832 9.432112693786621 1.048851728439331 0.31759804487228394 10.999934196472168 10.99753475189209 9.35031795501709 10.899022102355957 10.701370239257812 10.786516189575195 10.451434135437012 10.89682388305664 0.4008030295372009 6.896976470947266 8.639066696166992 5.904879570007324 2.5124998092651367 7.026794910430908 4.133769512176514 3.8312220573425293 1.0588988065719604 6.566573619842529 1.253244400024414 1.3742010593414307 4.8609843254089355 20.081806182861328
1 1.4138671159744263 1.722823143005371 9.283607482910156 11.698954582214355 3.2062108516693115 -0.10553878545761108 11.549751281738281 10.721410751342773 1.9825892448425293 0.3090812861919403 11.593767166137695 6.489541053771973 0.30333077907562256 0.29083019495010376 10.933236122131348 1.9015958309173584 10.49129581451416 9.716882705688477 8.614952087402344 10.965739250183105 10.075482368469238 10.329262733459473 0.35686564445495605 10.024580001831055 4.435624122619629 4.652945041656494 9.849302291870117 4.755995273590088 8.056068420410156 2.9127140045166016 0.9935194253921509 6.266313552856445 1.7704190015792847 1.9103819131851196 5.727397441864014 20.44072914123535
2 0.26891833543777466 2.8830718994140625 10.993618965148926 10.840347290039062 1.435147762298584 -0.0041578663513064384 11.536199569702148 6.158647537231445 -0.10653765499591827 0.11139533668756485 8.440189361572266 6.450489044189453 0.28987887501716614 10.285414695739746 0.4599694311618805 0.9552552700042725 9.495118141174316 10.976604461669922 8.941012382507324 10.794820785522461 10.75317096710205 7.041165351867676 0.28964680433273315 10.049221992492676 5.483255386352539 1.006148338317871 8.443498611450195 6.794511318206787 7.627799987792969 1.3884522914886475 3.9547176361083984 5.477832317352295 1.5063271522521973 3.799259662628174 1.321824073791504 21.277992248535156
3 -0.08389624953269958 0.004418299067765474 10.368185043334961 0.050736989825963974 3.178358554840088 1.2931814193725586 10.331889152526855 9.593318939208984 1.8175427913665771 3.0567212104797363 11.639883041381836 10.041182518005371 10.844976425170898 1.279345989227295 0.6153693795204163 1.8208808898925781 10.714911460876465 10.7205171585083 10.996143341064453 9.039504051208496 0.30499589443206787 7.285210609436035 0.38740819692611694 5.7979559898376465 3.593510150909424 9.053094863891602 9.766020774841309 4.0882792472839355 2.547764778137207 7.490061283111572 4.412104606628418 6.482310771942139 2.2104601860046387 1.4348100423812866 22.17462158203125 20.184846878051758
4 -0.019406579434871674 0.32579612731933594 11.09162712097168 9.61996078491211 0.9165704250335693 0.04538451135158539 11.133617401123047 11.560327529907227 -0.0171829666942358 0.9840884208679199 9.554769515991211 5.040086269378662 1.8614680767059326 10.891427993774414 8.434693336486816 10.997637748718262 9.56568717956543 10.442062377929688 10.111556053161621 10.99617862701416 9.56103515625 0.4670148491859436 0.28131380677223206 10.67755126953125 9.808523178100586 3.376338481903076 2.509521484375 6.677067279815674 5.651917457580566 2.2111754417419434 1.1311109066009521 5.024407863616943 0.9921644926071167 2.5469775199890137 6.68489933013916 21.692611694335938
5 0.026659660041332245 2.552246570587158 11.565354347229004 10.188539505004883 -0.08668588846921921 0.8894940614700317 10.682366371154785 9.415091514587402 2.3421318531036377 -0.06095678359270096 10.056695938110352 8.438687324523926 0.28148120641708374 0.880789041519165 8.70384407043457 10.984823226928711 9.925023078918457 10.999292373657227 10.605040550231934 10.876792907714844 10.935486793518066 1.1854634284973145 1.3342783451080322 8.271200180053711 5.000517845153809 8.27361011505127 2.056997299194336 6.028826713562012 4.435935974121094 3.44834566116333 1.7581874132156372 9.140094757080078 1.1564854383468628 1.5645114183425903 3.129457473754883 15.811128616333008
6 2.8831470012664795 -0.054327212274074554 11.134685516357422 11.598102569580078 2.5291054248809814 0.5447843074798584 9.658760070800781 10.309320449829102 0.20653389394283295 -0.0194094218313694 11.471817970275879 10.626409530639648 10.999236106872559 4.93353271484375 0.48238497972488403 0.6082650423049927 8.500699043273926 10.284893035888672 10.962518692016602 8.387354850769043 10.992560386657715 5.410998344421387 0.34356826543807983 4.371769905090332 2.300659656524658 10.703908920288086 7.496096134185791 8.196759223937988 1.8909584283828735 8.331827163696289 2.617107391357422 4.006556987762451 2.939011573791504 1.9775861501693726 2.1487646102905273 22.442359924316406
7 0.17578893899917603 1.051613450050354 11.366490364074707 11.478677749633789 3.0143768787384033 2.5497822761535645 10.70753002166748 9.385414123535156 3.7313666343688965 0.13278834521770477 10.415278434753418 7.329693794250488 0.3346044421195984 0.3139253258705139 10.965628623962402 0.9910222887992859 10.762948036193848 8.49377727508545 10.922174453735352 9.275443077087402 10.671669006347656 10.582932472229004 0.5415334701538086 9.398693084716797 6.078155517578125 5.862307548522949 8.520426750183105 3.9192581176757812 3.2100720405578613 1.2807869911193848 4.230697154998779 7.247941493988037 1.7059718370437622 7.142611503601074 1.2196526527404785 19.178438186645508
8 0.1271817982196808 0.6107747554779053 3.0302376747131348 6.80620002746582 3.406731128692627 4.008328437805176 8.748810768127441 10.229631423950195 9.796113014221191 10.016688346862793 10.13115119934082 3.636610746383667 10.994714736938477 0.6432520747184753 10.24005126953125 0.495802640914917 10.856843948364258 10.883636474609375 10.41976261138916 6.155980110168457 0.291011244058609 10.999340057373047 0.2811620235443115 10.761983871459961 2.1832218170166016 7.614340782165527 7.055950164794922 1.5144456624984741 4.942156791687012 10.222537994384766 5.508733749389648 5.085283279418945 1.0452312231063843 4.802776336669922 21.247970581054688 21.639766693115234
9 0.5781014561653137 1.0243338346481323 11.536168098449707 0.023233085870742798 1.6872713565826416 0.8763854503631592 11.648518562316895 9.879557609558105 2.1932027339935303 11.306905746459961 11.08890438079834 9.085615158081055 10.611320495605469 0.2874046862125397 9.805258750915527 1.7730481624603271 10.157485961914062 10.363269805908203 10.670239448547363 3.922858238220215 8.907482147216797 10.584593772888184 0.6457772254943848 7.424144744873047 4.417226791381836 5.421037673950195 9.714251518249512 5.553824424743652 4.235267639160156 10.793622970581055 7.673766613006592 7.622605323791504 1.2181296348571777 8.900984764099121 1.5315823554992676 18.623884201049805
