0	-27.624	-22.0397	-9.1552	5.6975	8.6154	14.8023	-3.1046	-27.4384	-20.5106	5.6741	10.9596	2.5824	8.4426	4.2236	9.5836	8.2929	10.8439	10.9995	18.0435	8.088	-10.3285	-5.6137	12.7213	18.9127	16.0775	14.1625	8.2945	11.3154	8.7913	4.8056	0.8636	5.413	9.6848	10.3318	16.735	5.4279	8.7472
1	-24.3676	-18.0739	-4.6706	-4.7414	3.1039	-1.2882	-8.9309	-21.2409	-19.2513	-3.4403	9.6027	11.4082	8.7427	2.2525	5.4739	3.1615	9.858	13.9622	19.6262	-6.1527	-15.5999	1.2405	5.6857	18.719	16.3687	12.4239	6.4571	-0.7425	7.2625	14.34	3.2718	4.4802	6.6502	1.5165	14.1151	8.4123	11.0954
2	-16.0614	-4.8642	-1.3515	14.1104	11.3358	0.6192	-18.5922	-32.0396	-23.6478	-2.0107	1.2385	7.5727	4.6365	14.7693	14.068	13.4876	17.7032	18.1215	18.4521	-9.1781	-7.1776	15.2005	10.4844	17.4003	15.2195	19.5946	16.3091	14.9649	14.1937	5.5865	5.8067	13.8344	16.9498	7.8092	15.0002	20.582	18.0265
3	-19.6122	-18.8319	-11.2383	3.5464	9.6341	-6.2353	-10.4427	-25.4232	-19.4698	5.5669	8.0297	8.6082	-2.4807	2.0355	13.7248	13.2122	10.2291	10.8363	14.0912	10.646	-2.6904	1.4889	10.635	13.9272	13.5789	10.1069	8.4076	7.8917	10.3532	-10.2607	4.6034	9.0004	5.3807	13.5887	16.6329	13.1109	10.5391
4	-20.0123	-25.6661	-25.9619	1.2707	7.3959	13.855	-5.3566	-24.143	10.8727	5.1315	3.9087	11.5757	4.6844	6.0026	2.6205	3.7081	11.778	10.9993	17.1714	1.6169	-12.9587	3.7231	16.2322	10.8893	15.5512	13.0179	9.5885	6.2539	9.4809	-13.8461	12.9961	7.4213	11.9098	5.7197	15.8276	15.7714	12.3797
5	-4.8399	-12.1821	0.7484	7.0521	10.114	-4.1489	-18.876	-31.2124	-26.6041	-5.5271	2.0653	8.8588	18.885	15.9827	16.4781	13.8698	14.7592	17.5652	13.0746	4.3661	-14.7391	-8.1805	8.8643	21.2803	7.505	17.3332	9.7165	14.1289	12.2335	3.2681	-0.6018	13.3059	13.2043	10.3864	17.0256	14.7362	11.0571
6	-27.5888	-13.5693	3.5794	3.3349	13.6244	-7.0808	-16.1253	-29.9811	-25.3693	0.6	4.3307	4.1959	0.7091	5.9656	15.231	12.7514	8.2751	14.0025	15.7094	-1.566	-12.4077	6.8079	14.533	5.7668	12.9773	15.2358	11.7301	11.6009	14.6884	-1.6495	-2.2095	15.8591	13.6441	6.4334	15.3085	15.7032	12.8905
7	-23.4743	-8.3393	-5.6068	-6.2597	10.0284	6.8305	-23.4829	-31.9641	1.4246	4.8357	6.1244	8.6694	14.3126	15.9485	15.7944	12.8064	14.1602	14.877	12.8115	-3.8143	-11.3422	12.3531	12.7745	18.7819	15.4088	19.3754	7.8972	6.5178	12.0956	-2.0879	12.4502	14.3203	13.118	1.4271	17.8609	20.3683	12.2134
8	-17.1601	-15.2448	-5.0056	2.2499	6.4206	-2.4851	-20.3256	-20.3556	-8.6088	-8.922	1.3737	-3.0991	5.8477	5.462	13.5987	7.0934	9.1714	9.4163	15.5154	12.6206	2.8654	2.6378	8.1287	15.5382	16.3065	11.0468	7.0434	8.2682	7.7284	4.376	9.0641	12.6463	2.816	4.6243	13.3957	15.0789	8.5497
9	-26.3687	-26.0729	-10.7781	-6.3338	7.6938	-4.8431	-17.5359	-26.6725	-15.4966	-2.4885	5.7781	4.062	5.5228	7.2811	6.4638	8.7335	9.0751	13.8006	16.0746	1.3244	-5.0639	2.7263	9.3891	19.8316	16.7371	12.8226	4.2157	4.077	8.9639	1.1239	9.6519	0.2325	8.5049	9.4893	18.9873	15.9477	10.8509
10	-26.5281	-11.3981	-14.8538	5.5621	6.8459	-3.2179	-18.1191	-25.2175	-22.107	0.5869	1.4381	7.9528	1.6352	-1.9498	-0.0831	12.3033	9.711	12.7766	9.9457	0.1963	-1.7036	-4.0069	10.7513	5.4899	12.8745	11.6822	9.5355	12.3383	11.8142	-7.3621	9.1268	2.2286	12.107	11.0028	14.3436	13.514	12.2447
11	-27.0992	-19.4966	-11.8631	8.9652	5.3677	1.6104	-18.9511	-27.7389	-26.5128	-2.457	10.0884	9.9836	3.1942	6.7822	17.2745	12.7866	10.5273	12.7428	18.4052	0.7092	12.4354	-4.8294	8.4767	19.6464	14.7961	12.27	11.1462	9.0454	9.9338	-9.6951	4.8801	14.5256	10.8677	18.5435	19.007	14.484	10.8684
