0 -15.331 -10.3 16.755 -15.954 10.383 -15.341 13.42 -15.913 -15.893 16.68 8.786 -20.028
1 -17.626 -13.342 -5.6147 15.476 13.646 -18.821 -10.022 -18.769 -2.3379 14.512 -11.403 -16.518
2 -12.136 -20.159 10.279 -11.088 3.1224 -4.7494 -16.429 -5.4133 -12.967 10.807 -17.98 -17.166
3 -20.601 -14.055 11.553 -14.809 11.921 -8.4954 -8.4552 -8.2397 -10.564 15.404 -10.649 -19.119
4 -18.208 -16.733 -2.0878 14.59 5.2055 -16.129 11.089 -16.011 -16.449 4.1039 9.098 -21.357
5 -14.863 -17.557 16.117 -11.748 9.4075 -13.542 -16.607 -15.745 -18.552 13.095 -20.413 -21.284
6 -13.233 -12.753 16.403 -21.414 -17.406 -11.633 14.922 -14.103 -15.405 -3.8322 11.931 -20.941
7 -18.059 -19.244 15.057 -10.933 -17.814 -14.333 7.8644 -12.994 -18.062 -2.5821 10.121 -21.234
8 -18.098 -13.052 16.175 -14.612 4.4284 -6.7751 -17.348 -5.0638 -14.114 9.5681 -16.727 -21.572
9 -17.67 -18.471 9.7614 -16.644 -16.46 -10.111 3.6616 -5.1909 -11.06 2.3517 10.518 -19.355
10 -20.442 -18.747 14.27 -19.159 -21.628 -17.448 -20.266 -17.492 -14.963 -10.224 -19.192 -20.22
