0	2.8748574	8.233365	3.9189038	8.895827	2.5164654	5.6183796	8.093079	3.9559338	1.7422116	1.7275716	3.6561446	3.0759416	2.2511346	2.5041566	3.8930206	2.8059945	3.733218	3.862771	1.7279193	3.5695653	4.200737	2.252242	5.4329653	4.905233	3.0470643	3.4983425	4.665457	6.323329	3.338041	5.1256323	3.9653614	3.645299	2.8608384	2.8150487	3.4340916	3.0204942	3.102335	4.9112716	3.923532	3.2439816	2.3416448	1.7586937	1.8374163	2.5001602	2.1685007	4.2325535	8.228331	3.503727	12.016324	3.3506556	5.824163	2.4793556	4.727167	4.0191917	4.4856005	4.936813	3.2445965	3.926794	6.8737884	6.431904	4.043575	3.6264715	3.0647993	1.7587215	3.921708	3.531079	2.7960315	2.2569675	2.281426	2.4109738	4.22895	3.6467671	2.885498	3.6797295	2.723858	2.284229	3.7481735	4.7242985
1	2.8652563	8.177585	3.91884	7.7834177	2.7306583	5.422887	8.471528	3.859755	1.7974716	1.7513721	3.5912802	3.4101286	2.4374979	2.6072395	4.3796782	2.762605	3.8787355	3.0336442	1.7779176	3.640742	3.8043525	2.545171	5.181623	4.682659	3.2492628	3.8690157	4.0294666	5.920045	3.6463263	6.697838	2.2733896	3.7459447	2.5650153	2.384976	3.2533252	2.94418	3.9491906	4.8421183	3.3851864	3.4789255	2.3799548	1.8235646	1.7405734	2.1769013	2.4088213	4.1263156	7.0946245	3.6843193	11.27174	3.9455905	4.9953084	2.5313635	4.8048835	3.9745557	3.82697	4.4031816	2.725987	4.2680435	5.5677204	5.0043287	3.7902112	3.6129787	2.914944	1.6994371	4.0276065	3.6669602	2.6998708	2.242945	2.3705685	2.631404	4.5571356	3.8910153	2.6978688	3.9752362	2.8395257	2.6229944	4.163113	4.4153047
2	2.9317212	8.033043	3.8881729	9.069101	2.703444	5.3843303	8.926797	3.7948127	1.7845452	1.7594844	3.6867433	3.1506982	2.7226064	2.3971057	4.1784782	2.711108	3.7216535	2.9389286	1.6679604	3.620839	4.129466	2.457359	5.5590034	4.725557	3.056698	3.865757	4.2104034	6.4279795	3.6104016	6.507427	2.4452612	3.770133	2.9835863	2.6133142	3.4131231	3.1155252	3.9134896	4.933661	3.3689437	3.1755939	2.453751	1.7734418	1.76491	2.6637764	2.4980183	4.2511377	7.4915733	3.7525725	12.412399	3.8060708	5.43876	2.2774315	5.317621	4.017124	3.599598	4.4484267	2.969583	4.106203	5.6339483	5.0148077	4.1789017	3.7300124	3.0217383	1.7679653	4.477802	3.6089606	2.8390312	2.6400375	3.371482	2.5004199	5.1257477	3.8662765	2.6949015	3.7545714	2.4661503	2.6338735	4.0828543	3.6790638
3	2.737391	8.280664	3.8751147	10.022919	2.692919	5.4745393	9.001395	3.7194242	1.7880458	1.8153243	3.7124252	2.991588	2.7184181	2.6018062	4.548726	2.799606	3.6969862	3.2208395	1.8005543	3.6318188	3.9950087	2.3540173	5.3204985	4.7225533	3.2921994	3.5989065	4.37174	6.757169	3.5116503	6.81202	2.5012784	3.7230256	2.788118	2.3299131	3.208036	3.0792558	3.821333	4.7006063	2.8716195	3.450509	2.485238	1.8577923	1.8132312	2.7554665	2.267995	4.364137	8.43619	3.6551452	12.753483	4.9223356	5.171509	2.420517	4.79267	4.072749	3.9916034	4.4240017	2.2720017	4.0900145	6.4373994	6.219267	4.294204	3.5460992	3.081689	1.7620999	4.177272	3.8043296	2.7099798	2.3605285	2.8109398	2.4895608	4.4045873	3.9349077	2.7179766	3.9558694	2.6854243	2.7468374	3.678967	3.7104564
4	2.6057835	8.171081	3.7624595	8.562771	2.7569203	5.514962	8.344605	3.9225757	1.7107584	1.7979963	3.7211576	3.4089744	2.294711	2.3594077	4.1073217	2.7808995	3.8934302	3.712614	1.8539183	3.547858	4.1857495	2.397956	5.0082045	4.3567653	3.366229	3.8523097	4.370641	6.0601907	3.65408	5.5515404	2.8684654	3.7965248	3.3075213	1.9892993	3.2957876	2.9605725	3.5345287	4.7077055	3.4392002	3.4346914	2.4255733	1.7229639	1.6766901	2.7639475	2.420041	3.895445	7.9927073	3.5561075	10.923525	2.835682	4.928946	2.4236531	6.090513	4.224428	3.7514532	4.397829	3.860815	2.237342	6.8465223	6.2768383	4.2264276	3.591167	3.2403378	1.8058796	4.5056515	3.7006593	2.7332213	3.9974089	2.4418406	2.446895	4.7992167	3.9917037	2.708838	3.3200467	2.4968991	3.1309583	3.9812157	3.8676383
5	2.8733625	8.272818	3.7286057	8.764958	2.6185865	5.447099	8.36434	3.76691	1.7945478	1.7569302	3.7328005	3.2289968	2.333175	2.449386	4.3147907	2.7766182	3.657773	3.3897176	1.7511413	3.6210213	3.8827791	2.3038003	5.755597	4.3965206	3.521446	3.9558568	4.433746	6.910183	3.5538566	6.376767	2.5140407	3.844398	2.9034796	2.7511115	3.4038787	3.0933151	3.6962838	4.557807	2.986453	3.3126159	2.4785872	1.7350795	1.7332914	2.5062132	2.3549297	4.441767	7.0112634	3.4369886	12.569285	4.3496537	5.537997	2.4100819	4.978705	4.011395	3.815664	4.106886	2.7486763	4.113503	5.9425077	5.2586966	3.9521127	3.5858884	3.0620394	1.6814857	4.3317084	3.8825388	2.6995935	2.4024355	2.9177213	2.4274673	4.6472125	3.9137049	2.6286695	3.980503	2.6711998	2.6056263	3.9508126	3.7939048
6	2.8476164	7.8864803	3.8295846	8.742878	2.7482355	5.0308237	8.054895	3.7400916	1.8535397	1.6832743	3.7531867	3.1458101	2.4644892	2.4464052	4.575819	2.721138	3.6445289	3.034287	1.8110241	3.7669888	3.756301	2.3544629	5.9254103	4.8531356	3.3329103	4.296139	4.2704673	6.7088456	3.5140562	6.997286	3.2204027	3.8633003	2.7562487	2.9739025	3.3219552	2.9966807	3.805182	4.398058	2.740909	3.3396244	2.5255108	1.7479696	1.6854085	2.253044	2.4301627	4.0117073	7.3180485	3.683219	12.548865	4.331754	5.847409	2.431995	4.6985216	3.9268956	3.7395427	4.1284614	2.2152433	4.393884	5.300271	5.2582397	3.7687395	3.6205664	3.1179156	1.7381858	4.2309675	3.6349561	2.6470745	2.3100867	3.6442552	2.3995419	4.9862213	3.6839232	2.7374985	3.9579043	2.6900175	3.087281	4.0753913	2.7933671
7	2.6818852	8.252572	3.7842064	8.566012	2.8117802	5.3146296	8.398252	3.736535	1.759119	1.7819656	3.7914612	3.1840339	2.2351284	2.5322917	4.2785277	2.7083018	3.8128326	3.3584666	1.7824132	3.4752154	3.9086316	2.454606	5.2026644	4.4284	3.479384	4.0788326	4.408274	5.8411894	3.435315	6.143502	2.1766496	3.8159018	3.2076163	2.0588377	3.1021419	3.0678625	3.4970558	4.765942	3.3421845	3.308443	2.4257376	1.7389052	1.7195934	2.6218116	2.419298	4.2119007	6.929321	3.661554	12.439859	4.299312	4.9256268	2.414146	5.1016665	4.340623	3.7499466	4.538351	3.485125	3.8260326	5.916636	5.2575345	4.0873585	3.6043577	3.1797626	1.8656096	4.3036838	3.7397969	2.850175	2.5920877	2.3452737	2.4336221	4.687738	3.8315692	2.7889957	3.8143933	2.7428107	2.7230115	3.972018	4.962428
8	2.7990196	8.395916	3.818141	9.276513	2.7049947	5.4545565	9.044658	3.6846838	1.8998411	1.7882674	3.6580582	3.6392722	2.4024549	2.3911712	4.1241965	2.735489	3.7958403	3.868063	1.740057	3.6206222	4.1160765	2.3459313	5.8770313	4.541465	3.4269657	4.2253065	4.6156483	7.0466514	3.5060523	6.655121	2.4436436	3.7773263	2.9222062	2.7755	3.5311327	3.0930085	3.5553079	4.931827	2.9287887	3.4683971	2.6181087	1.7824161	1.7694626	2.9980998	2.4846122	3.972229	7.876839	3.4565163	14.466075	4.5807953	5.512867	2.5296042	4.586786	4.0786643	3.5711334	4.0639133	2.9170368	4.082966	6.0518837	5.672374	4.731237	3.7768362	3.1476495	1.7454515	4.2054267	3.7624865	2.5803864	2.2034986	2.7026124	2.3271213	4.492093	3.830756	2.6794565	3.7778816	3.0034828	2.830637	3.5946221	4.341956
9	2.6758327	8.019685	3.7949567	8.4861355	2.6515114	5.404599	9.660415	3.7371106	1.8197273	1.7747962	3.7350497	3.23102	2.3981864	2.4408798	3.9863029	2.7983732	3.8540647	3.1425474	1.767653	3.717446	3.9296916	2.3231668	5.301556	4.7645493	3.5898468	3.8383465	4.0770206	6.230619	3.2637594	6.8324876	2.395869	3.5903642	2.7308779	2.180321	3.3662605	3.0666919	3.9447823	4.702191	3.0441582	3.5885522	2.3600883	1.8318558	1.767992	2.710683	2.4330652	3.870362	7.2285967	3.793232	12.3609085	4.631126	5.118573	2.3224127	4.738967	4.1588597	3.414206	4.078703	2.5759661	3.85165	5.364935	5.4392767	4.2988133	3.6352994	3.2302477	1.7392235	4.269965	3.6287336	2.797251	2.0679443	3.2048397	2.360213	5.0518217	3.8361838	2.689854	4.0734034	2.6684098	3.0110466	4.0813117	4.176313
10	3.0346167	8.015739	3.9702117	8.95809	2.7286994	5.617833	9.072417	3.6875608	1.7638017	1.7001185	3.6820242	2.831925	2.2987175	2.473557	4.407131	2.7325811	3.6538467	3.6240296	1.7348195	3.5919056	4.015591	2.4431734	5.6703587	4.916825	3.2403407	4.068836	4.500355	7.1091824	3.5445871	6.7435975	2.6058567	3.7640529	2.8458529	2.797176	3.3863535	3.0227633	3.6024861	4.864646	2.7733376	3.2379625	2.2437925	1.7840667	1.7433863	2.8519678	2.3202832	4.2338285	7.374203	3.6560907	12.489604	4.4197054	5.519933	2.42324	4.906872	4.0355186	4.014285	4.277721	2.2615244	4.4495378	5.9840183	5.342432	4.2333584	3.5616431	2.9969301	1.7586932	4.1413646	3.8426688	2.8395228	2.2736108	2.9373622	2.4280863	4.4490356	3.7809775	2.6902227	3.9536433	2.720919	3.055701	4.152589	3.3905
11	2.7484155	8.74895	3.766097	8.50274	2.7433386	5.7559004	8.888613	3.670885	1.814221	1.727544	3.6851728	3.4164462	2.2067628	2.3806086	4.039419	2.7727807	3.8819356	3.687234	1.8286895	3.3704174	4.321643	2.278352	5.441785	4.620186	3.159952	3.930675	4.461769	6.4158177	3.4498823	6.6276855	2.9569235	3.8532224	3.5157654	2.4735007	3.3663938	3.113214	3.534404	4.694689	2.6438415	3.2585418	2.511055	1.7575295	1.7555059	2.9044077	2.5915222	3.9119709	7.3743396	3.7291446	12.102581	4.21853	5.486794	2.434297	4.7444606	3.7222838	3.7628958	4.232539	2.1015487	4.0104136	6.283278	5.4153943	4.2750645	3.8181398	3.099742	1.7228475	4.4745283	3.8013797	2.7141306	2.183255	2.7125094	2.3442683	4.0769825	3.8529718	2.6478126	4.1627507	3.425565	3.050524	3.3438015	4.485999
