0 -7.0183 3.3785 -19.401 -10.89 -14.499 8.3522 -19.644 -3.0262 -8.9443 -3.0098 -22.321 -17.236
1 -17.217 4.6638 -15.708 -17.077 -17.724 10.303 -18.666 6.7165 -20.982 -9.7616 -18.01 -13.483
2 -16.594 2.375 -15.378 -15.792 -17.552 8.9083 -9.9882 3.2619 -9.0215 -10.645 -4.6574 -17.56
3 -15.499 -0.0079558 -18.031 -16.323 -17.713 9.4462 -6.7057 4.7065 -9.0998 -16.082 -6.7371 -18.585
4 -15.467 8.8564 -19.522 -15.523 -10.406 11.667 -15.53 9.8835 -8.6503 2.0042 -22.619 -18.386
5 -20.502 -1.7294 -20.526 -16.956 -20.963 14.526 -2.3172 11.663 -6.3633 -15.815 2.5798 -17.208
6 -16.211 -7.5485 -15.245 -15.271 -15.64 9.0335 3.4038 7.8684 -17.879 -21.848 3.8736 -19.793
7 -17.837 3.0249 -12.611 -12.031 -18.692 12.434 -18.154 7.9859 -14.993 -8.609 -17.931 -19.792
8 -21.329 0.98782 -19.49 -14.695 -14.602 9.7962 -10.087 0.99347 -6.5549 -17.997 -13.519 -13.331
9 -19.249 -0.8707 -19.607 -20.987 -21.69 9.2369 -6.4985 0.68823 -4.9601 -13.157 0.59697 -16.664
10 -14.045 1.0753 -16.459 -16.985 -14.255 13.171 -10.836 7.5229 -14.736 -12.469 -8.5527 -20.965
11 -17.618 3.2321 -17.732 -19.369 -21.109 9.9865 -8.3654 4.3039 -12.292 -14.68 -4.1539 -9.3408
