0	8.6154	14.8023	-3.1046	-27.4384	-20.5106	5.6741	18.0435	8.088	-10.3285	-5.6137	12.7213	18.9127	4.8056	0.8636	9.6848	10.3318
1	3.1039	-1.2882	-8.9309	-21.2409	-19.2513	-3.4403	19.6262	-6.1527	-15.5999	1.2405	5.6857	18.719	14.34	3.2718	6.6502	1.5165
2	11.3358	0.6192	-18.5922	-32.0396	-23.6478	-2.0107	18.4521	-9.1781	-7.1776	15.2005	10.4844	17.4003	5.5865	5.8067	16.9498	7.8092
3	9.6341	-6.2353	-10.4427	-25.4232	-19.4698	5.5669	14.0912	10.646	-2.6904	1.4889	10.635	13.9272	-10.2607	4.6034	5.3807	13.5887
4	7.3959	13.855	-5.3566	-24.143	10.8727	5.1315	17.1714	1.6169	-12.9587	3.7231	16.2322	10.8893	-13.8461	12.9961	11.9098	5.7197
5	10.114	-4.1489	-18.876	-31.2124	-26.6041	-5.5271	13.0746	4.3661	-14.7391	-8.1805	8.8643	21.2803	3.2681	-0.6018	13.2043	10.3864
6	13.6244	-7.0808	-16.1253	-29.9811	-25.3693	0.6	15.7094	-1.566	-12.4077	6.8079	14.533	5.7668	-1.6495	-2.2095	13.6441	6.4334
7	10.0284	6.8305	-23.4829	-31.9641	1.4246	4.8357	12.8115	-3.8143	-11.3422	12.3531	12.7745	18.7819	-2.0879	12.4502	13.118	1.4271
8	6.4206	-2.4851	-20.3256	-20.3556	-8.6088	-8.922	15.5154	12.6206	2.8654	2.6378	8.1287	15.5382	4.376	9.0641	2.816	4.6243
9	7.6938	-4.8431	-17.5359	-26.6725	-15.4966	-2.4885	16.0746	1.3244	-5.0639	2.7263	9.3891	19.8316	1.1239	9.6519	8.5049	9.4893
10	6.8459	-3.2179	-18.1191	-25.2175	-22.107	0.5869	9.9457	0.1963	-1.7036	-4.0069	10.7513	5.4899	-7.3621	9.1268	12.107	11.0028
11	5.3677	1.6104	-18.9511	-27.7389	-26.5128	-2.457	18.4052	0.7092	12.4354	-4.8294	8.4767	19.6464	-9.6951	4.8801	10.8677	18.5435
