0	-40.2939	-26.4036	3.9716	19.8109	20.5585	24.2429	-0.1974	-26.3178	-8.6394	-16.5757	5.7698	11.1621	19.7383	22.6647	6.5384	18.6083	21.6802	10.6645	24.5143	16.678	-30.5641	-10.2152	17.3392	19.209	4.123	18.4132	13.7861	18.0674	3.1879	-11.6737	-0.5495	14.157	18.1223	9.2752	20.1253	10.0322	-2.4447
1	-20.4473	-11.1543	-7.7577	9.976	24.9925	16.2588	15.735	-51.2834	-27.1678	-12.9195	6.5175	17.5351	33.3684	29.9164	21.1981	18.0036	24.159	25.8365	34.0265	29.5731	-40.408	0.1745	17.3159	31.6964	31.3571	29.8235	18.2267	12.7611	5.3046	-7.0439	26.3178	19.3344	16.1955	16.0936	17.0181	27.5926	20.8181
2	-18.5899	-11.0318	-5.8678	13.952	23.5704	25.333	18.1977	-29.5414	-19.6818	0.7416	-11.4038	4.815	22.5056	20.6405	9.2245	8.9893	11.6251	22.3012	25.9281	8.0467	14.0388	-16.9987	5.5986	21.161	27.8421	18.2355	12.8114	8.2049	5.3988	-30.0706	-0.4009	8.7556	-8.6547	22.121	10.3318	27.5703	10.5092
3	-32.4351	-30.1071	-15.6144	12.5165	14.2472	21.3738	5.4379	-24.4176	-14.3622	12.6835	10.1629	15.5967	17.9152	15.4006	15.3844	15.0143	13.8185	16.9197	22.2322	17.7909	9.844	-33.1629	19.4273	26.0111	22.6643	6.623	14.6033	12.4316	12.7996	-26.2832	9.8521	8.083	5.5002	24.1955	21.3747	18.994	7.0285
4	-35.966	-22.6133	-6.493	21.0411	28.2226	28.1174	1.6497	-38.0308	-12.9068	-18.5259	-15.5929	4.9985	15.5225	29.0175	16.2778	18.5073	24.7324	28.41	20.4901	4.3967	-34.7792	-11.1977	14.3532	17.3883	28.2923	25.6858	20.1311	20.4853	15.5837	-26.3662	15.9789	15.9806	-4.3459	14.392	9.4167	27.2342	12.9826
5	-31.7046	-14.6454	-3.2507	7.4627	15.4732	24.9366	7.0099	-23.515	-15.653	-13.4651	14.2709	17.2382	12.3278	10.8167	6.82	7.4797	15.0016	17.3737	24.4802	9.7034	24.8299	4.4979	7.5329	14.9419	23.2463	22.3578	10.8626	8.8699	8.0802	6.0559	8.1557	5.4977	15.77	12.6518	10.5587	25.4863	10.2795
6	-3.0818	2.5261	14.6044	11.8597	22.2942	22.1869	13.406	-41.5568	-15.269	-18.5496	-0.7017	22.9594	22.3279	23.9095	14.6364	3.2587	-1.2591	5.7035	20.9475	12.9744	16.1757	14.5597	7.9938	21.0672	19.1832	16.4139	16.9471	15.7392	12.1935	5.6619	-3.7532	17.2471	-0.692	24.0637	16.1181	10.4296	21.0844
7	-30.8417	-9.4606	7.969	19.5211	21.4534	22.0702	-4.4041	-31.148	-11.8105	-14.7769	12.3314	21.1068	27.1798	25.6179	10.8683	6.6699	12.4836	14.8312	20.033	11.0812	27.3025	6.8975	3.4411	9.6225	5.9068	17.7405	-0.5549	12.142	8.9598	-4.0757	-3.7539	9.7795	11.0764	2.999	11.8648	11.7411	10.2374
8	-35.9985	-17.3314	-4.5699	9.4418	16.0802	25.4039	-0.983	-35.2521	-9.5525	-2.8727	1.8343	-7.6875	19.8296	14.3108	16.0868	11.4099	15.0883	22.7271	25.7973	10.0793	-0.6936	-8.8494	12.5646	23.6908	25.0982	20.8185	10.9052	10.6524	13.0155	-30.6293	-1.1884	9.4782	12.8049	17.2875	18.4121	25.3077	13.2589
9	-37.2894	-6.7465	11.4102	25.4812	29.0291	29.9143	-12.3456	-35.5243	-22.3629	-24.1363	-11.8183	12.4186	27.5025	29.3279	12.2815	9.4411	14.8179	17.0195	18.6632	15.1424	-23.7933	-2.7152	-1.9122	15.0555	23.6343	12.8197	4.6492	7.6489	16.5412	-26.2754	-28.775	11.3723	8.2015	-8.8464	2.4388	19.9493	12.3609
10	-25.7281	-6.337	3.3102	17.7128	24.3323	23.9456	11.5019	-31.5952	-12.7345	-23.3324	-10.2863	11.9248	27.0826	6.9555	10.5941	11.2955	4.6491	9.9838	14.4435	16.3079	19.7355	5.7233	3.9714	13.4472	17.5224	11.7806	-0.7891	10.1001	6.5013	-10.1244	-4.282	10.6141	7.3213	20.9909	8.683	4.7828	-7.0945
