0	12.2156	19.8427	-6.7503	-10.6011	-13.7524	-21.055	20.6682	11.1325	19.2885	3.123	-10.2909	17.5722	-0.2238	7.4065	16.6512	13.6661
1	14.0559	22.1162	17.3975	-36.2295	-26.0138	4.7651	18.7989	24.5546	4.1312	3.0951	14.8479	12.6072	13.1849	11.8739	6.5585	15.0413
2	23.9656	22.7689	23.8448	-9.5825	-24.5445	-18.3982	25.1467	26.2541	-33.3892	22.9652	27.101	25.489	28.5845	22.8701	15.0851	25.6666
3	15.6994	9.7028	-1.3834	6.3468	17.788	-5.2494	11.8861	18.7306	6.1942	17.6106	20.7553	16.3557	8.0391	2.6403	15.8909	8.4526
4	20.6925	26.4428	-12.8715	28.1259	-15.1705	-12.97	30.372	23.5783	20.9436	-13.5897	15.6353	24.2331	-6.5931	2.0146	8.6012	19.4115
5	14.1157	19.9671	-16.6771	-29.8978	-31.4056	-14.3	12.4498	17.6249	8.9525	-10.6181	4.1161	13.9528	-3.9071	-4.6168	2.8692	15.1654
6	12.7288	20.3275	-19.8005	-25.8393	-21.2967	-12.3863	15.4603	18.7031	7.0725	10.5566	2.3638	17.7344	5.2271	4.452	9.109	6.2299
7	12.4939	17.2094	-16.1607	-26.9968	-29.3179	-6.9316	19.9156	8.3895	13.1551	5.0941	7.9568	20.3748	12.3411	11.6928	7.2709	11.7834
8	16.6673	19.5371	-13.2437	-5.5409	-11.3057	-23.8974	21.7593	20.1194	8.5081	12.8895	-6.3677	20.3673	20.3817	-0.8432	-3.282	14.1316
9	17.6555	14.1056	-6.335	-28.4254	-36.1047	-7.7954	16.1546	13.8111	1.2574	2.0656	6.8123	14.3663	6.1277	-9.1725	14.5762	10.7998
10	20.3236	17.2745	-35.6286	-2.5974	11.1922	-5.0952	20.2224	10.5941	4.1579	19.7727	12.0176	15.404	20.5204	18.594	7.0721	-6.9316
11	19.2713	22.376	-14.2679	-33.0466	-29.7161	-4.1332	20.9993	16.0723	17.8807	3.4278	8.6642	11.8355	-1.4065	5.5526	17.0031	11.2685
12	16.1895	20.9769	26.1142	3.4277	-23.9195	-8.0726	23.1106	27.0925	-24.7481	-43.8876	-39.5064	23.8532	-25.0211	-46.25	17.7484	27.3849
13	10.4411	18.1287	-4.9401	-21.4339	-29.0112	-6.4349	20.052	16.0302	7.1879	11.2198	-1.1365	15.8289	15.3744	-2.8436	9.9644	3.8007
14	18.2492	15.2028	-13.7408	-22.3506	-16.5646	-9.4603	16.9974	16.183	2.6881	6.8899	-5.3603	14.3528	-5.3368	-8.294	14.7541	7.3449
15	23.1357	19.1324	28.8275	18.5735	19.7994	-25.4649	21.3277	3.7169	-29.9371	-12.9833	-12.1499	16.4797	0.2775	-27.4773	17.5977	21.8167
16	20.2352	21.1486	-25.5849	-28.0402	-32.4927	-9.4853	22.3958	18.3085	22.3113	12.8137	8.5951	12.2083	7.531	19.8233	10.8675	12.2782
17	20.3427	29.0407	21.1882	23.486	-44.6836	-6.4509	28.8726	18.0418	0.75	8.9314	-2.0723	27.6908	14.7792	6.2608	11.2264	21.7136
18	14.7465	20.996	-9.5783	-10.7625	-26.6244	-13.283	16.9722	16.6154	21.2919	1.8597	-3.5783	19.3134	0.5746	2.9684	6.8551	10.4606
19	14.2049	-4.9069	7.3023	-6.6111	8.3788	-12.2855	21.8158	12.9821	-37.8762	18.9307	15.0032	22.1235	23.8183	22.4603	20.6806	20.1272
20	18.954	19.6798	-27.4956	-25.154	-34.8769	-1.9682	15.3859	17.3336	2.2831	-1.5905	10.2297	5.9353	-11.2121	-0.8421	17.2367	14.9049
21	17.9495	21.5942	-22.8981	-37.7036	-37.3736	-8.9004	17.4582	25.8161	6.8189	6.6233	5.9638	22.362	5.2339	-8.3034	6.7065	20.4965
22	19.2535	19.7403	-15.5368	-35.2013	-29.3869	-9.5716	17.4654	18.1496	1.944	-3.211	2.882	16.9545	-12.7215	0.7228	19.4401	16.5877
23	8.1756	16.5337	21.3658	-35.1878	-33.2282	-19.0025	14.9776	20.2883	2.5171	15.3395	19.492	19.8523	8.5605	7.8505	16.2321	8.214
