0	2.7698555	4.1235404	3.7051048	4.349828	2.802875	5.434785	7.377134	3.9325576	1.7147896	1.8229055	3.7185206	3.888199	2.4988801	2.2859812	4.349472	2.8590202	3.7517347	2.293883	1.8031402	3.7290988	3.96889	2.4368033	6.203183	4.8440266	3.3150563	4.0810165	3.1450927	3.711628	2.9720187	6.534226	2.8602254	3.9495552	3.2172651	3.3668683	3.2174978	3.0329027	3.1026764	4.405224	2.2551515	3.4651704	2.3982313	1.751853	1.742929	2.4667594	2.709869	3.8694696	4.326811	3.7456105	5.146193	4.708397	5.8090544	2.3865056	5.191149	3.4300156	3.7943377	3.9146528	2.183139	3.9518728	4.064722	3.4934907	4.0578947	3.8299074	3.0052767	1.7600884	4.049803	3.7790346	2.8563097	2.4865458	4.008017	2.4718828	5.3203297	3.797329	2.708081	3.4943113	2.432388	2.6056886	3.793612	3.0997708
1	2.6572514	4.634352	3.8218946	4.081774	3.1189904	4.650622	8.806528	3.8974478	1.721075	1.8003858	3.8396597	3.9086306	2.6508307	2.3460155	4.0035753	2.7769442	3.6020148	2.4741461	1.7998073	3.7109833	3.021045	2.4011033	4.836951	4.762792	3.3650863	4.1395407	3.2718337	3.4302635	2.9653997	11.250248	3.7071023	3.8702178	4.57893	2.5940144	2.9013267	2.9703355	4.189487	4.795263	3.510326	3.3292916	2.2553258	1.840435	1.7556738	2.5950134	2.213506	3.589432	4.1267047	3.9527864	5.300271	5.282926	5.187736	2.349126	4.827154	4.2003455	4.482568	4.7927136	1.9891943	4.17489	4.515542	3.5662043	4.0631127	3.546546	2.539565	1.747971	5.0512166	3.5645058	2.8394058	2.1444325	2.7516742	2.6160648	4.92809	3.8003304	2.7492893	3.9453886	2.7314672	2.9966993	3.7107847	3.3862362
2	2.705588	4.338213	3.7599077	5.6905627	2.8781068	4.8890734	9.855588	3.7571516	1.8077037	1.829154	3.779152	3.3020272	2.394428	2.2908094	4.2863607	2.8273125	3.7694688	2.6071224	1.7849935	3.759656	2.874598	2.4280257	7.0864563	4.752737	3.556713	4.5613513	3.8759894	6.642495	3.2307415	11.428504	6.5539827	3.6567898	4.6744103	5.3626604	3.1817434	2.9047208	3.7078428	4.774242	2.9888625	3.432915	2.3552048	1.7215102	1.7477407	2.9925263	2.5005016	4.1671576	4.7331467	3.8355446	5.4010897	4.164924	5.591523	2.5666535	4.9234314	4.076957	3.843777	4.0979266	2.6327739	4.1257863	2.2314343	3.495796	4.4381304	3.7209013	2.679012	1.6902363	4.7915964	3.7604384	2.760813	2.5509782	2.4741483	2.6284943	4.1309924	3.6553106	2.800233	4.3957477	3.0822072	3.5082927	4.25454	4.189832
3	2.653073	3.8481572	3.8011181	4.5634537	2.8162398	4.838019	4.8853035	3.8750756	1.7586653	1.7618194	3.7895808	3.7370172	2.6669466	2.4317288	4.090124	2.7687168	3.9394665	2.7863235	1.8352395	3.601708	3.4318984	2.5063312	3.3783016	4.5190935	3.5834904	3.9152262	3.758775	3.9887617	3.1879492	10.340606	6.145706	3.9124057	2.9481888	4.270574	2.8902092	2.9598334	4.057055	4.2564898	2.5960946	3.4287894	2.298826	1.8157382	1.779382	2.4607728	2.1104233	3.9419408	4.2720256	3.7464907	4.4057455	4.2450094	4.729294	2.5214882	6.1185703	3.4692054	4.2719884	4.3501954	4.735336	2.9059088	2.5622048	3.1488395	3.9511774	3.5034394	3.0169353	1.7632915	4.5724063	4.085643	2.719723	3.5078497	4.724033	2.478124	6.0392375	3.7248502	2.678152	2.7441225	1.9722575	2.9349785	4.5142794	4.1187615
4	2.8364942	4.123517	3.767824	4.5699663	3.0398228	5.6728296	7.11866	3.6859164	1.7918975	1.6729325	3.7464662	3.620347	2.1423578	2.3962264	3.9915042	2.984829	3.9538856	4.2504826	1.7241257	3.3388767	4.0251474	2.358771	4.92955	4.459921	3.3201506	3.912005	2.7386484	4.528454	3.3517466	9.223697	3.736279	4.1049857	5.0573115	3.1190376	3.6957562	2.6745257	2.7242062	4.662199	4.5371466	3.2268999	2.4790316	1.7245864	1.7810371	2.517261	2.4476342	3.8505836	3.7290888	3.8530767	5.1224775	4.4037395	5.7590504	2.5959978	2.9932115	2.2159874	5.2175455	5.4591656	4.3651586	2.6672432	2.3742383	2.877848	4.110291	3.6340334	2.686503	1.7589198	4.2013445	3.7124276	2.974644	4.4802933	5.376959	2.498579	4.4827266	3.7901578	2.7088187	3.3422146	2.3454394	2.9925566	4.214984	4.3722887
5	2.6566722	4.3264527	3.7130175	4.944996	2.818601	5.4163	8.374613	3.8745966	1.673352	1.6977959	3.5076208	3.989551	2.8091815	2.4175348	4.2780633	2.908642	3.6228437	2.5798059	1.8267171	3.5649133	3.9043167	2.3948727	5.931324	4.496822	3.3980892	4.0409045	3.8498554	3.0587215	3.1928844	7.1864414	2.7925613	3.79297	3.040757	2.876437	3.3121133	2.977836	3.1955278	4.372485	2.6845675	3.2395818	2.3517866	1.7648209	1.7616473	2.823863	2.524977	3.6358361	4.3203363	3.8005247	4.4965224	4.5622616	5.634856	2.3497663	4.771175	3.792375	4.3340282	4.159101	2.141351	4.0292306	2.6662734	2.6990757	4.2928543	3.7437038	3.2219415	1.7246718	4.13844	3.9655793	2.7275085	2.1774757	3.6051626	2.5834856	4.7793417	3.835963	2.7752852	3.6562548	2.431583	3.037318	3.9033067	3.2774072
6	2.7167807	3.8461673	3.7324083	4.8227296	2.773824	4.9852304	8.290366	3.7552233	1.8270184	1.7425573	3.6210756	4.1229477	2.7804492	2.403225	3.971914	2.8031955	3.6766047	2.644181	1.7174695	3.6289117	3.7035794	2.2737858	5.6484804	4.4891415	3.37612	4.0954347	3.6044133	2.7830405	2.9904177	7.5953465	3.6318178	3.7415895	2.3612883	3.0412354	3.489325	2.9406958	3.4269073	4.661523	2.6482215	3.4412339	2.2860904	1.8073738	1.6787201	2.4148276	2.4691107	3.502501	4.389305	3.7695763	4.8494945	4.552899	5.872665	2.4115572	4.9943457	4.176479	3.9851112	3.8285599	2.2332704	4.0164795	3.121584	3.0237894	3.8541794	3.6153016	3.0316672	1.7870082	3.918991	3.8984857	2.7942452	2.3821208	3.3783722	2.5588677	5.0888166	3.8627064	2.7157311	3.792957	2.3896463	3.048489	4.233652	3.6635926
7	2.7912867	4.0229006	3.913642	5.584092	2.812846	5.190925	8.697868	3.7211556	1.6755296	1.7933773	3.6648593	3.1860466	3.1246428	2.4742694	4.3595724	2.7853177	3.5672686	2.2406466	1.7910349	3.635643	3.7390642	2.364612	5.376337	5.068512	3.260702	3.6642025	3.16615	2.8677857	2.9907181	7.253651	4.1234703	3.932201	2.6207063	2.9474914	3.325705	2.9510827	3.472146	4.6159406	2.9625988	3.5134587	2.3963537	1.8204675	1.7195934	2.738265	2.5434613	3.7655268	4.6913643	3.9332066	5.453634	4.4176	5.8058066	2.4096684	4.534808	4.113514	3.877872	2.5322125	2.5430121	3.9894497	2.6273975	2.9641035	4.199345	3.727868	3.076832	1.7630649	3.9748454	3.7527852	2.742298	2.0673888	2.3702106	3.0553076	4.2845874	3.7742023	2.75454	4.2165036	3.2837942	2.4469767	3.814671	4.5664682
8	2.772346	4.72324	3.7367508	5.118965	2.754142	5.544891	7.562685	3.734515	1.7568729	1.7986088	3.7226484	3.879254	2.539567	2.5607233	3.995358	2.847967	3.7699466	2.5342865	1.7539967	3.5148554	3.9309678	2.4964159	5.60165	4.456783	3.318223	3.9016154	3.500372	3.6590447	3.3630495	7.4501076	2.1579852	3.8278065	3.106395	2.641988	3.127332	2.9399843	3.4493601	4.663238	3.0516543	2.98776	2.5650907	1.7416645	1.7565333	2.5338883	2.3478715	3.7559514	4.5831103	3.9423485	4.830054	4.2857094	5.187543	2.5063324	5.003579	3.8704638	3.917243	4.510144	2.7035892	3.9967217	2.613253	3.3918858	4.046801	3.641223	2.979361	1.7854403	4.228034	3.8425252	2.7084134	2.400354	3.835933	2.5166044	5.7842703	3.8678293	2.8093066	3.470492	2.4199607	2.9663112	3.8910127	3.5623586
9	2.799304	4.6714134	3.8875463	4.8486214	2.6673782	4.730305	8.499164	3.8530147	1.7223824	1.7583227	3.7853546	3.774148	2.6648264	2.3724668	4.045356	2.7389793	3.7297723	2.2030435	1.748971	3.58014	3.4215953	2.6393554	5.8622622	4.8559875	3.690609	3.9034855	3.199593	3.0067255	3.2503228	7.2613096	3.3164	3.7962341	2.8590217	2.9778526	2.9734313	2.9332724	3.8653474	4.616459	3.009418	3.1254766	2.3649294	1.7495675	1.8277309	2.7874565	2.6002493	3.9365597	4.225363	3.847206	4.923466	4.2983236	5.7649016	2.5177145	4.8798075	3.7960231	4.5775747	4.337117	2.1568735	4.332495	3.34166	3.2040594	4.448564	3.7573514	3.1392527	1.8270177	4.4441996	3.8465185	2.749744	2.2244585	3.9884586	2.5441904	5.235877	3.5583858	2.7294917	3.8880596	2.7904482	2.9964976	3.8934045	3.483946
10	2.6696434	4.6714573	3.7002969	4.4927177	2.9986863	4.806933	5.7245197	3.5892744	1.7746556	1.7562191	3.8252568	3.3072038	2.1171212	2.335143	4.21286	2.705642	3.8542576	2.3858323	1.8358917	3.7288344	2.825122	2.3880346	6.15725	4.396647	3.319125	3.9746194	3.1681216	4.064395	3.1891375	4.396373	3.226589	3.684688	4.5396404	3.5060081	2.598963	2.9581592	4.2495785	5.0049114	4.626718	2.9200315	2.3121192	1.7619047	1.7747396	2.0539944	2.5049953	3.8844724	4.2963915	3.8339937	6.1961107	4.4692497	6.3239694	2.4642408	2.6782444	2.5376763	5.7969384	6.150749	4.608286	2.8834703	3.5367498	3.9790204	3.6440349	3.7628064	2.9285526	1.637496	5.281395	3.509846	3.0510683	4.888542	4.465972	2.5300012	5.5012207	3.9986987	2.540591	3.7265244	2.379599	2.9492054	4.564067	4.7749534
11	2.7931545	4.6237764	3.6967702	4.5038323	2.5327058	5.37309	8.681596	3.6460793	1.7751622	1.8071257	3.7479858	3.2471678	2.42184	2.5627508	4.227767	2.7313173	3.7367635	2.485276	1.7963858	3.5802915	3.9559717	2.2301567	5.406229	4.7134156	3.3688138	4.4691834	3.137723	3.147636	3.3526268	7.82905	3.539956	3.9045355	3.0595565	2.6539207	3.4683428	2.902242	3.0230615	4.358372	2.5767038	3.6901193	2.2262511	1.7391126	1.791563	2.67593	2.3391852	3.764162	4.4051547	3.9156857	4.6516023	4.7063885	5.346035	2.4011648	4.7418675	4.051887	4.22058	3.7184534	2.1229687	4.126814	3.4987257	4.0730944	4.2439713	3.580096	3.1366553	1.7700281	3.9345767	3.7242568	2.6705978	2.4802043	3.034965	2.6673932	4.383652	3.7784781	2.8440964	4.048528	2.6747143	3.2195182	3.8543859	3.700069
12	2.8213656	4.170814	3.8015904	4.578088	3.178067	4.8122873	3.0368066	3.7758465	1.7650516	1.6898787	3.5888	3.3446956	2.45002	2.483346	4.291106	2.8198245	3.8438513	2.7478337	1.876515	3.676549	2.835965	2.69256	4.851568	4.652955	3.4473915	3.5348158	3.71812	3.1046748	3.2144988	10.890002	5.619946	3.7125869	4.669914	3.718655	2.9133306	2.8308635	4.009801	4.5087237	2.5250342	3.5246272	2.3251033	1.7531147	1.7907268	2.4249337	2.2325988	4.3328166	3.852309	3.8762107	4.7891326	4.537787	5.9341545	2.5017204	5.790225	2.609711	5.154523	4.7281785	3.3961291	4.0713778	2.3639188	3.27	3.9756272	3.5670433	2.4824371	1.79251	4.865571	3.8224335	2.851771	3.7609186	5.6719756	2.3429277	5.804076	3.743541	2.8254018	2.1962686	2.2119918	2.3472955	4.213859	3.7614126
13	2.8286052	4.543107	3.8405335	4.779632	2.6555219	4.876453	8.520178	3.8006873	1.7974973	1.7484028	3.77992	3.6101217	2.6155496	2.3500202	4.054652	2.7986412	3.9137075	2.3213377	1.7946007	3.6216712	3.5950675	2.4470818	5.354447	4.6362276	3.3798504	4.1201572	3.2299984	2.959225	3.1568651	7.0856833	2.9824457	3.7853527	2.6410234	2.2808986	3.0210757	3.0679317	3.6929939	4.8535686	3.0406263	3.4801283	2.216889	1.7730179	1.7415514	2.471439	2.3853955	3.5563736	4.5931377	3.804747	5.8281155	4.27198	5.2091737	2.4178288	5.0527744	4.158497	4.1149855	4.188902	2.170855	4.1781697	3.2037954	3.3282754	3.9834425	3.6191874	3.2772236	1.7610791	4.1410866	3.7220156	2.7623377	2.3978755	3.122836	2.5366507	5.1187205	3.8517675	2.8345194	3.8161755	2.6949766	3.0520942	3.9218113	3.2479694
14	2.9421792	4.2506447	3.8366022	4.280959	2.6298473	4.9872165	7.233618	3.7759755	1.7286427	1.6614772	3.6365116	3.108281	2.5045755	2.4158015	4.3116827	2.8290274	3.7768495	2.4576619	1.79296	3.6116228	3.553381	2.4999983	6.1042786	4.3675385	3.3615925	4.0289726	3.1274438	3.5369487	3.0836	7.1238976	2.8362308	3.6926696	2.80332	3.1896892	3.1998909	2.9889612	4.0007744	4.482923	2.8275433	3.2870352	2.4369023	1.8067383	1.7377009	2.8808503	2.2741995	4.112873	4.055475	3.846102	5.309973	4.9526362	5.905506	2.4192157	5.0143027	3.697918	4.108588	3.8850117	2.7618299	4.2349606	2.9353855	3.7294757	4.3025236	3.5546563	3.0370193	1.6510301	4.447796	3.7668262	2.726796	2.421446	3.924336	2.626421	5.693278	3.92828	2.4853735	3.328737	2.1512306	2.7921314	4.2143087	3.3518496
15	2.7284417	4.0652294	3.835021	5.5294952	2.8217907	5.472035	3.3622742	3.8937006	1.7718333	1.6578592	3.717325	3.8232079	2.7306616	2.3489137	3.9634988	2.8193984	3.7837803	2.4184487	1.7594047	3.6105692	4.100865	2.3802733	4.216634	4.421631	3.569956	3.9793704	3.5835316	4.4371853	3.2701964	9.061733	6.5318685	3.864738	3.0490315	4.975401	3.4818504	3.0025837	3.7032173	4.3976593	2.287464	3.6436927	2.3925917	1.8650506	1.747142	2.4679759	2.46686	3.5642834	4.469464	3.8512988	4.8945484	4.0599146	5.3376884	2.3466322	6.03961	2.4351187	4.7620363	4.0647736	4.8442764	2.310717	2.5312047	2.7781634	4.022489	3.6917334	3.0140653	1.7052279	4.224429	3.8329887	2.7825544	3.6370425	5.048721	2.6583252	5.2695055	3.819661	2.6696827	2.578645	2.591008	2.887785	3.9085956	4.761881
16	2.7593322	4.2951713	3.7814548	5.757969	2.735195	5.2407174	9.400562	3.7070467	1.7557046	1.7559352	3.7171638	3.4110694	2.2323747	2.3488114	3.8901005	2.8814933	3.8086886	2.2138438	1.816728	3.487736	3.7949178	2.4040394	5.1547837	4.839101	3.5038414	3.9976618	3.1184287	2.732051	3.1846035	6.275588	2.471762	3.9691434	3.3309765	2.4217768	3.5359166	3.0346334	3.0974343	4.825248	3.2081914	3.6214638	2.2062416	1.7496023	1.7744017	2.825081	2.5124483	3.8391266	5.060365	3.8866684	6.180889	4.140567	5.3052998	2.4937737	5.2445583	4.354746	4.1884356	3.0198505	2.213888	4.151181	3.485181	3.7367117	4.2994175	3.7972202	2.8380623	1.7623563	4.0422525	3.7897367	2.6784527	2.7626967	3.0114121	2.8724556	5.2644925	3.7722538	2.663419	4.0458503	2.7670393	3.1599693	4.0622396	3.6201115
17	2.8185468	4.090048	3.806914	5.044422	3.0391786	4.735492	6.787563	3.662417	1.8201656	1.7231077	3.8001838	3.476236	2.9114633	2.3674634	4.631524	2.7487078	3.608296	2.3786077	1.7905593	3.833926	2.5674481	2.3320792	5.235989	4.8686957	3.3296394	3.7107947	3.4532597	3.6041894	3.2874272	9.145605	4.8376017	3.6764262	4.4672246	3.1413503	2.7826614	2.9403572	3.9120831	4.4790726	5.032634	3.168942	2.3919263	1.8100522	1.7161	2.5309894	2.4090502	4.3057866	4.4071217	4.038488	5.753122	3.9691422	5.6878624	2.4314	3.0022666	2.7060676	5.2608747	5.5993037	2.057136	4.259649	2.9608943	3.313204	3.972015	3.697855	2.7478166	1.6951115	4.8732924	3.730565	3.0554056	4.441927	5.3473825	2.4439518	4.593248	3.761964	2.62147	4.247928	3.2279088	2.7616115	3.7994328	3.823426
18	2.74188	4.2251277	3.5633845	3.3772316	2.5951676	5.7019396	8.432183	3.880181	1.8096143	1.7924857	3.587381	3.802712	2.3487465	2.5186672	3.9840436	2.8319275	3.795643	2.6630049	1.8427432	3.4360151	4.251553	2.4153266	6.0825152	4.8575487	3.1969678	3.7934434	3.2858026	3.9537458	3.0841703	7.3707	2.9220705	3.7910028	3.7250626	2.91611	3.3680544	3.1561227	2.8754482	4.624048	2.6918206	3.3318286	2.3485734	1.6907682	1.7350787	1.9942386	2.3430321	3.8796906	3.6202788	3.931017	4.1135015	5.008443	5.682974	2.4346254	4.623431	3.8739376	4.0660276	4.0625234	2.495877	4.090207	4.2015	3.484163	3.5381734	3.6489587	3.317363	1.6593372	4.0597053	3.834853	2.7189894	2.0276601	2.9137442	2.5096023	4.319723	3.8160703	2.8764205	3.770331	2.8786805	2.4281259	3.7353172	4.002972
19	2.8522453	3.7496665	3.691886	4.7934937	2.934299	4.958285	7.950471	3.6719604	1.7408895	1.693458	3.4761465	3.4998987	2.526815	2.505852	4.122487	2.6961827	3.7117252	2.4703238	1.8018045	3.6422517	3.0872774	2.426644	4.378652	4.545435	3.4542882	3.9891129	3.8191855	5.1811795	3.5611508	8.7134285	3.163055	3.9337265	4.712597	1.9719039	3.6495757	2.4604485	2.8965144	4.424389	3.1221917	3.6474237	2.5057926	1.7941302	1.7502546	2.2399569	2.3840525	3.6661425	4.039319	3.7714448	3.1111572	3.770465	4.368228	2.4428482	4.5000544	4.0745425	3.0070066	3.9900608	4.6467724	2.8330896	2.533102	2.5668063	3.7741754	3.73241	2.667543	1.7248191	4.252316	3.6708846	2.5700781	2.0012481	3.1279712	2.270705	5.1773443	3.762167	2.7829669	3.859663	2.9119918	2.7930107	4.264247	5.766003
20	2.8301775	3.931794	3.75514	4.465401	2.8285866	5.4803205	8.900124	3.5933983	1.7296836	1.7404877	3.5892045	3.571708	2.2788353	2.4002905	3.8502202	2.7173676	3.530791	2.354654	1.8333309	3.5934794	3.971224	2.3843873	5.6305766	4.6877394	3.404484	4.237557	4.0528975	3.672902	3.2522295	7.71511	2.3986235	3.872994	2.80717	2.7708137	3.505166	3.0700312	3.6253963	4.6505666	2.4060962	3.290641	2.5256681	1.7504574	1.7232785	1.9083781	2.4159887	3.8634694	4.0901594	3.8145623	5.376852	4.106444	5.457114	2.3476145	4.813283	3.9882455	3.8971117	4.176801	2.44667	4.128497	2.5414348	3.007941	3.4808884	3.6689367	2.9730442	1.718635	4.1495795	3.915124	2.7052727	2.351383	2.9938962	2.5053132	4.3070526	3.7361214	2.7288275	4.2454343	2.975414	3.0682406	4.026783	3.9357452
21	2.8126507	4.40469	3.6805577	4.569401	2.7642908	5.8326836	7.9360685	3.789473	1.6495757	1.7909222	3.6683788	3.7749445	2.5446615	2.4088151	4.0697556	2.8031769	3.72694	2.578719	1.804576	3.5749407	4.2357154	2.3655863	5.5670986	4.6097713	3.566203	4.216681	3.881765	2.90472	3.2409084	7.3925214	3.173088	3.8956532	3.1657078	2.7006097	3.4953399	2.9356637	3.663139	4.357993	3.1206079	3.2057767	2.4012902	1.7112249	1.7284405	2.9426692	2.6117048	3.8370564	4.1268163	3.8197775	4.6178026	4.4037576	5.555954	2.4513073	4.6362267	4.1594467	4.0353794	4.503731	2.0366147	4.067172	2.7923105	3.2011404	4.305788	3.759058	3.0363295	1.6968809	4.2305536	3.6443508	2.791433	1.9710162	3.359005	2.4817934	5.1879177	3.835492	2.802231	3.7963784	2.4827614	3.038681	3.8545146	3.2289486
22	2.9537437	4.1636305	3.9025788	4.2373204	2.7633498	5.15361	7.5751057	3.7698936	1.7287265	1.8005819	3.6257422	3.3826292	2.5960138	2.5396447	4.1999173	2.7957442	3.7940204	2.7402368	1.7330612	3.6783397	3.7125325	2.471538	5.7929444	4.7441015	3.3906195	4.012651	3.6937406	3.537387	3.0403123	8.301289	3.1123934	3.7626057	2.8048906	3.0221019	3.2054648	2.9789596	4.0714755	4.439763	2.7377746	3.5648408	2.1869164	1.7542243	1.7368941	2.6111279	2.5380695	3.9918294	3.8417032	3.7975106	4.9832726	4.718855	5.841858	2.360041	4.786951	4.1527934	4.09407	4.0537524	2.5073912	4.115361	2.318383	2.9977634	4.2271953	3.5890665	3.0027483	1.8116839	4.5342593	3.9278593	2.7205884	2.2822142	3.0809078	2.3077493	4.83601	3.8783252	2.748199	3.4623697	2.5600216	2.7274344	3.804378	3.457008
23	2.8805234	4.3260837	3.9365592	5.4226246	2.953862	5.239275	8.532691	3.7291028	1.70311	1.749541	3.4670172	3.960303	3.263019	2.4339476	4.6314783	2.7360158	3.8262904	3.0156102	1.8249367	3.7828836	2.9869878	2.4155765	4.8791523	4.701456	3.3439648	4.311775	4.0358906	3.2300768	3.3409274	12.046358	3.9022279	3.5752754	4.984637	2.4002693	2.9689393	2.7841368	4.0531864	4.7724543	3.179153	2.8947	2.3136563	1.8052421	1.7961365	1.9910055	2.4862812	4.202677	4.842269	3.8357522	4.5643945	4.3765974	5.0116386	2.4964166	5.0162373	3.9362166	4.839121	4.4900923	2.3818924	4.0455036	2.1660068	3.3737934	3.6681347	3.685337	2.809167	1.7980793	5.2315197	3.7766109	2.8887727	2.2026377	3.0108147	2.7066226	4.7310266	3.691574	2.7949378	4.00592	2.7529774	2.7016482	3.6742613	3.8257403
