0	2.6935866	3.6053567	3.7206864	4.835713	3.108474	4.243689	5.945234	3.7993388	1.7496836	1.768986	3.5151281	3.7284455	2.5338893	2.5825193	4.150639	2.7164874	3.9290714	3.397027	1.7160692	3.8508582	2.0734766	2.4217532	9.008159	6.1988015	2.9671214	4.2302465	4.0947404	8.640289	3.6156597	8.589998	8.714632	3.8428245	4.3511624	7.3333426	3.233512	2.8719494	4.124281	6.0928984	5.914708	2.974658	2.6495256	1.686235	1.7512839	2.475542	2.2081187	3.4129894	4.125883	3.661177	3.723791	4.354168	9.974838	2.371622	5.315018	4.614131	6.246601	6.886815	5.132067	2.6902957	2.0900698	2.6737428	3.980465	3.5194018	2.7129693	1.8618542	4.7515287	2.222838	3.0147288	6.27315	8.081608	2.2346811	3.6709948	2.62505	2.8468964	4.287575	5.5963283	3.28623	4.335205	8.56312
1	2.8868809	3.2103305	3.7564871	4.5087247	3.0812154	4.4742126	6.6904488	3.6179564	1.8555329	1.6904738	3.5409217	3.6084647	2.6908937	2.431232	4.6243496	2.8482466	3.7356825	3.2480466	1.8249918	3.6752415	2.547173	2.5541334	9.336708	6.262038	2.7120101	3.6900713	4.0022736	9.571651	3.2218318	7.819717	8.931121	3.9695308	3.931284	7.6543717	3.420072	2.8537154	3.075663	6.2159877	5.9231606	3.0235245	2.3752902	1.7760634	1.7363453	2.4903438	2.5087645	4.13252	3.5759912	3.7811801	4.467585	4.5907087	9.959723	2.4988976	5.6565905	4.645699	6.0447245	6.666071	5.2968497	3.2084436	2.4297135	2.2723145	3.9468088	3.6656518	2.6226144	1.7352793	3.9713612	2.3800433	2.9749126	6.230919	8.295218	2.2741597	4.2867	2.746708	2.9537776	4.0020504	5.5110636	2.4800632	4.625065	8.246311
2	2.8033183	3.749963	3.6732154	4.965239	3.0188754	4.606027	5.4385376	3.7651289	1.7871481	1.7180221	3.7370858	4.013851	2.629694	2.5176196	4.223031	2.8524005	4.0583134	3.178947	1.6869783	3.8072834	2.9283776	2.347191	4.6981187	6.2437015	3.435085	3.6447608	3.2167695	5.031987	3.4121704	7.784043	3.8566961	3.793693	4.75648	2.8273659	3.4714124	2.5591016	3.2569485	4.8626037	4.477465	3.3059044	2.4207034	1.7315905	1.7776692	2.5155692	2.4291732	3.6983917	4.279158	3.7100146	4.7865977	4.356203	5.3739557	2.456357	3.575753	1.9385817	5.3371234	5.201788	4.853597	2.4985192	2.8578675	2.895877	4.1289706	3.6725183	2.5804467	1.7771046	4.352725	3.5948417	2.9406114	6.30457	7.2428865	2.5442667	6.152925	2.4460802	2.7833238	3.8622031	5.3767843	2.3526356	4.011857	8.632892
3	2.5967298	4.3334155	3.924529	4.75299	3.0216727	4.50898	7.3540316	4.0446134	1.7195926	1.8403512	3.8440893	3.5908499	2.6319757	2.4500003	4.239563	2.6161227	3.8382711	2.6159904	1.8337423	3.6915307	2.4008532	2.4689057	5.5282125	6.1583595	2.6732922	3.574645	3.6610107	5.9177103	3.4551568	7.6351686	3.2497845	3.7617683	4.0493555	3.1752043	3.2769203	2.8633358	4.051284	5.134763	4.4937954	3.982739	2.208959	1.7877628	1.8272922	2.2686985	2.297239	3.692926	4.0982666	3.968842	4.682446	4.257383	5.746305	2.504517	6.1008253	4.5787554	4.3214126	3.164048	5.184392	2.9560308	2.3178866	2.9346385	3.8977144	3.6339936	2.4287438	1.6925104	4.388405	3.1810844	2.7681935	4.668255	5.1502414	3.0099332	5.8317037	2.3949325	3.002632	4.0939097	5.32047	2.5732872	4.5131583	8.397149
4	2.7556849	3.9694977	3.7574065	4.5671535	3.0868425	4.6315994	5.4565277	3.7701726	1.8721901	1.7999173	3.7290883	4.021006	2.7299452	2.3620527	3.9925206	2.750436	3.719207	2.8847706	1.8313651	3.7776449	2.8152122	2.934043	4.6149116	6.1819143	3.2942667	3.815497	4.2476964	3.5651221	3.520639	8.411551	5.533227	3.8747146	4.43412	3.4106588	3.5296736	2.7131162	3.7067108	5.017738	4.305531	3.4173968	2.5034776	1.7537373	1.737439	2.0773528	2.5206566	3.9396858	3.9729583	3.6545067	3.0557652	4.042698	3.7992616	2.3781703	3.2922497	2.126802	5.135951	5.2454433	3.9756916	2.5034795	2.7845466	2.535466	3.7313378	3.61588	2.6345787	1.7186348	2.4325707	3.4964826	3.0170336	6.0197678	7.0616794	2.4583127	5.4934974	2.5661848	2.7431557	3.52891	5.2346363	2.7705593	4.1521225	7.1826544
5	2.6889026	3.7822843	3.783238	5.5960507	2.9973986	4.9294	6.484643	4.0091147	1.7046123	1.7339251	3.5119913	4.0144367	3.128418	2.387759	4.14012	2.955704	3.9505048	2.8803685	1.716975	3.8123603	2.678075	2.661767	4.1016235	6.1627	3.2804427	4.0279756	3.2083356	4.673606	3.1923306	8.340385	5.089922	3.5689492	4.6010957	3.2613053	2.8229406	2.9239323	4.03274	4.9989	4.4815617	3.6412234	2.5170815	1.7028191	1.7641972	2.8330407	2.5444844	3.8146052	4.8140807	3.8040762	3.664163	4.268431	5.595829	2.5086446	2.9366314	2.2578967	5.3342104	5.4983163	4.9809723	3.3218195	2.74042	2.919246	4.3917327	3.6731994	2.5446794	1.7937934	4.8058405	3.536974	3.0432048	5.6019373	6.8853908	2.3988328	4.9930534	2.4302468	2.6521132	4.1011467	5.4474764	3.1825447	4.877189	8.271763
6	2.8624809	4.3927794	3.9503179	5.4531436	3.1162329	4.423393	4.347904	3.490531	1.7072202	1.6904728	3.6234088	3.2256598	2.8528757	2.4909034	4.358221	2.6126204	3.8659682	2.204791	1.8231008	3.762302	2.367488	2.5274677	6.0542088	6.1372986	3.109436	4.1600685	3.092474	4.1466846	3.317967	3.9288042	2.696034	3.7671247	4.3302326	4.344227	3.1181762	2.7471795	3.918788	5.227363	4.9546866	3.2066343	2.4110982	1.7751588	1.7464525	2.7320695	2.4428468	3.9758	4.359701	3.7135162	6.091519	4.1943297	6.5129185	2.4610977	3.8148806	2.8711853	5.8980007	6.439395	4.506495	2.8592482	2.2707498	3.2338986	4.3220706	3.5925195	2.5821142	1.7759789	4.5733385	3.6517801	2.9524562	6.325513	7.3003654	2.0482662	5.2399044	2.362393	2.8577237	3.9353385	5.2445593	2.9571257	4.446414	8.059992
7	2.7399998	4.0490603	3.7901714	5.2919774	2.9749975	4.5899124	6.3142376	3.7455826	1.6999722	1.723021	3.6479304	3.4842207	2.3512115	2.395603	4.054083	2.8567994	3.746438	2.363683	1.808785	3.7782807	2.8423934	2.4795566	9.560057	6.30027	2.9299998	3.233481	3.1569767	9.013218	3.5246136	10.235433	7.9999375	3.6531768	4.4998326	7.5812745	2.8798797	2.926123	4.1036687	5.941457	5.919829	3.3938909	3.0331006	1.6966413	1.7834237	2.3909001	2.395722	3.9555273	4.7711725	3.9908142	5.4973173	3.9879963	10.480577	2.3321455	4.820072	4.3600893	6.0101743	6.1210866	5.5994725	3.5406497	3.7397447	3.3747733	3.97877	3.675932	2.8545742	1.7566456	5.0034485	2.4434814	2.9618576	5.770829	7.4914126	2.527409	2.9856467	2.4277773	2.7567182	4.125459	5.626021	3.1665287	4.9188004	9.166154
8	2.770939	4.1749935	3.8072155	4.682933	2.8238642	4.43893	6.599745	3.8331327	1.7067213	1.7968315	3.7336597	3.5876894	2.2957585	2.3942819	4.1426687	2.7970533	3.8781185	2.0047479	1.7796047	3.8388276	3.0112119	2.5622063	6.1954346	6.3359594	2.9098792	3.6056771	2.8700366	4.005895	3.360505	3.730764	4.5982714	3.953596	2.6775184	4.107724	3.279575	2.9779363	4.004124	4.866804	4.1966743	2.6694026	2.4973776	1.8137553	1.7696322	2.612834	2.6467335	3.8567462	4.457275	3.8794348	5.9049616	4.367165	7.0303564	2.5159698	6.097327	3.772135	5.4586983	4.066976	5.192398	4.0602674	4.455579	3.8045506	4.1664	3.8151276	2.8890479	1.696849	4.2068653	3.6352177	2.9605765	4.368479	6.5277314	3.0339737	5.8886843	2.4202073	2.8432024	3.8214407	5.5065327	3.6690855	5.551016	8.794388
9	2.7690065	3.8444486	3.6441872	5.190242	3.0778222	4.7669907	6.7516594	3.9303315	1.8036351	1.7214544	3.757698	3.6011262	2.641857	2.4007914	4.317073	2.7834883	3.7173786	2.6807845	1.7769082	3.6164353	3.0355535	2.3766778	4.9436812	6.082969	3.0883193	3.9877083	3.6569533	5.737133	3.4493163	7.7373796	4.695478	3.8469853	4.8772445	3.0788624	2.81654	2.7754605	4.0002265	4.441917	2.1788552	3.2158647	2.4306579	1.7846566	1.7813764	2.3669584	2.468135	4.1940694	4.5012884	3.8905134	5.2594852	3.9725204	5.3606505	2.460528	5.607372	3.4326968	4.267598	4.3709383	5.121074	2.9865	2.2669127	3.1240668	3.955021	3.7580574	2.3489976	1.8111036	5.1501555	4.0571055	2.7248669	4.975916	6.877742	2.403625	6.457827	2.565228	2.8762994	3.9084926	5.38054	3.1064785	4.540638	8.432344
