0 1.4584031105041504 0.6780017614364624 11.030725479125977 7.958529949188232 1.139685034751892 0.03221166133880615 11.379239082336426 11.665412902832031 1.8887250423431396 0.32792264223098755 10.376534461975098 8.993637084960938 9.740927696228027 0.7358791828155518 0.5074698328971863 1.6053802967071533 10.324711799621582 10.486740112304688 10.812773704528809 6.417011260986328 9.460162162780762 10.961967468261719 0.32247963547706604 7.554716110229492 6.372177600860596 7.89713191986084 9.517402648925781 5.175266265869141 3.728283405303955 10.070035934448242 1.1789586544036865 5.958212375640869 1.4211324453353882 4.405648231506348 6.851631164550781 20.78569984436035
1 0.358233243227005 0.6115790605545044 0.20850808918476105 7.5247673988342285 0.06131468713283539 0.000188928417628631 11.685301780700684 8.726480484008789 11.611394882202148 -0.018981078639626503 11.35915470123291 9.897202491760254 3.4538776874542236 10.93809986114502 0.49398595094680786 7.940536022186279 9.32889461517334 10.816895484924316 10.90939998626709 9.984435081481934 10.672877311706543 10.680245399475098 8.585277557373047 6.082394599914551 10.727163314819336 3.112813949584961 8.823352813720703 7.060222148895264 3.2820305824279785 5.9122467041015625 1.2209486961364746 8.093056678771973 1.66126549243927 1.0025694370269775 4.226823329925537 1.7964121103286743
2 1.0664423704147339 0.5586327314376831 9.71872329711914 9.702261924743652 1.822084665298462 0.20333236455917358 10.976515769958496 9.16806411743164 -0.04553566500544548 0.8047510385513306 10.827157974243164 7.440290927886963 10.843999862670898 0.4919089078903198 0.29318755865097046 10.055391311645508 10.921356201171875 10.999832153320312 10.79766845703125 10.999716758728027 10.988896369934082 10.996931076049805 10.504288673400879 9.302322387695312 1.485047698020935 7.03857946395874 5.768868446350098 3.21482515335083 3.788174629211426 2.4209814071655273 2.100867748260498 4.721044063568115 1.3934603929519653 2.3296213150024414 2.6728224754333496 1.0861711502075195
3 2.9495694637298584 1.7827461957931519 10.783254623413086 10.468476295471191 0.23978635668754578 0.017467156052589417 9.184267044067383 10.643179893493652 0.006075623445212841 0.04688101261854172 11.328286170959473 6.603577613830566 10.692635536193848 1.006225347518921 0.5861373543739319 8.839652061462402 10.950167655944824 10.469935417175293 10.999972343444824 10.359160423278809 10.581927299499512 10.837392807006836 10.674960136413574 9.950387954711914 1.2429734468460083 8.552281379699707 7.765364170074463 3.0316362380981445 2.3893847465515137 5.0924811363220215 1.1379427909851074 4.220138072967529 2.3606719970703125 1.024062156677246 4.503757476806641 1.2231950759887695
4 0.7306037545204163 1.1286275386810303 11.636506080627441 8.86640453338623 2.2698984146118164 0.9073940515518188 11.666528701782227 10.493719100952148 0.26490649580955505 1.6281697750091553 10.249884605407715 10.137410163879395 10.981678009033203 10.422905921936035 0.8192319273948669 10.932273864746094 10.812514305114746 10.953095436096191 10.966195106506348 10.692671775817871 10.00609016418457 10.438860893249512 0.2977849245071411 5.596983909606934 2.027462959289551 4.93418550491333 3.1495165824890137 3.7293338775634766 1.9132145643234253 4.162548542022705 0.9997186660766602 5.637298107147217 2.9089088439941406 1.2430156469345093 5.868984222412109 21.120647430419922
5 0.6429487466812134 0.6705665588378906 9.243531227111816 8.754358291625977 -0.028413301333785057 5.011600971221924 9.523270606994629 9.70638656616211 1.5766605138778687 0.10653696954250336 11.236971855163574 9.209929466247559 9.984495162963867 2.9115707874298096 0.415250301361084 10.988669395446777 9.830218315124512 10.902148246765137 10.999112129211426 9.918601036071777 10.443713188171387 10.907973289489746 1.310407280921936 7.241681098937988 5.9121270179748535 10.549945831298828 2.6759543418884277 6.208842754364014 2.2949910163879395 6.041250705718994 1.055391550064087 15.894973754882812 2.4569005966186523 1.0137474536895752 4.880947589874268 9.102776527404785
6 1.8361177444458008 0.2831731140613556 6.602875232696533 4.914885520935059 1.4747810363769531 -0.05158436670899391 11.611217498779297 11.305538177490234 -0.06205357611179352 1.2630138397216797 10.764298439025879 8.716755867004395 10.827614784240723 2.925236940383911 1.4696052074432373 1.0118283033370972 10.14035701751709 10.536518096923828 9.36032772064209 10.5778226852417 10.488282203674316 10.157890319824219 0.29909059405326843 7.926722049713135 3.667473316192627 10.555877685546875 8.563899993896484 5.590677738189697 7.011096000671387 4.5156378746032715 1.077288031578064 5.658795356750488 1.2318127155303955 1.1348133087158203 4.764048099517822 21.09897804260254
7 0.28753453493118286 -0.09396108984947205 6.457332611083984 7.255886077880859 0.9718113541603088 0.37141162157058716 11.1763277053833 10.147113800048828 1.7764825820922852 1.4962899684906006 9.966415405273438 9.686089515686035 10.510138511657715 3.84460186958313 0.7677894234657288 10.961549758911133 10.650711059570312 10.57049560546875 10.987399101257324 10.918158531188965 10.879857063293457 9.825095176696777 0.9427492022514343 6.469724655151367 4.7051849365234375 10.787662506103516 1.8853150606155396 4.296950817108154 2.693033218383789 1.691407322883606 3.4335803985595703 8.415915489196777 2.0838494300842285 3.2332024574279785 1.5727404356002808 17.286876678466797
8 0.48314332962036133 1.9249883890151978 8.964107513427734 7.87612247467041 1.0125861167907715 0.654548168182373 11.262660026550293 10.821352005004883 1.9808199405670166 0.9591426849365234 9.712904930114746 6.720624923706055 10.933294296264648 0.45754581689834595 0.3227338194847107 9.606752395629883 10.49728775024414 9.836983680725098 10.729498863220215 7.5105204582214355 10.247764587402344 10.997110366821289 9.180567741394043 9.870767593383789 1.7491286993026733 6.87687873840332 6.60736608505249 4.739924430847168 4.03827428817749 9.239375114440918 0.9999709725379944 7.285419940948486 1.2887526750564575 2.9275457859039307 5.353943824768066 1.3396663665771484
9 0.76941978931427 0.9408353567123413 10.137929916381836 7.1239142417907715 0.44506579637527466 0.44259822368621826 11.6354398727417 10.69359302520752 0.40021824836730957 2.623020887374878 9.353973388671875 7.994990348815918 10.82001781463623 0.31283140182495117 0.8249924778938293 10.76721477508545 7.931493282318115 10.86075496673584 10.824108123779297 10.449579238891602 9.334480285644531 9.978259086608887 0.6559357643127441 8.766793251037598 3.6988601684570312 4.311314105987549 3.903595447540283 8.832658767700195 3.682033061981201 4.865787982940674 1.2463436126708984 7.655505657196045 1.4432090520858765 1.0580456256866455 7.051530361175537 18.57303810119629
10 0.198713481426239 -0.03674889728426933 10.566731452941895 8.03408432006836 -0.06129482388496399 0.3024853467941284 10.033164024353027 9.339632034301758 0.05352378264069557 0.8909597396850586 10.694867134094238 10.220272064208984 10.765153884887695 1.2717812061309814 0.6414000391960144 0.7152389287948608 7.982293128967285 10.82652759552002 10.946200370788574 10.828680038452148 10.2901611328125 10.005356788635254 1.3544561862945557 5.415863990783691 3.911172389984131 9.040799140930176 7.837457656860352 8.780061721801758 3.0591859817504883 3.6630301475524902 1.007063627243042 22.462364196777344 1.805599570274353 1.452459692955017 5.256515026092529 1.3142904043197632
