0 0.920933723449707 0.7959202527999878 -0.06939038634300232 1.7405054569244385 1.1428241729736328 0.3495864272117615 10.608065605163574 11.24479866027832 10.722370147705078 8.994036674499512 11.492539405822754 10.994953155517578 3.6611483097076416 5.401535987854004 7.780400276184082 10.915912628173828 10.008318901062012 10.998169898986816 10.912858009338379 10.875288963317871 10.885198593139648 9.983110427856445 10.913240432739258 2.5732874870300293 10.765771865844727 10.565553665161133 3.245926856994629 5.864506244659424 1.6729151010513306 3.455533981323242 3.407454490661621 3.2608814239501953 3.2630014419555664 1.5605305433273315 1.5874706506729126 1.674223780632019
1 1.8431189060211182 0.0791882872581482 0.8899788856506348 0.569394588470459 0.227307990193367 0.016822367906570435 11.10295295715332 9.421874046325684 10.695393562316895 10.102109909057617 11.418313026428223 10.99630355834961 10.048415184020996 5.875109672546387 9.786697387695312 10.092312812805176 9.978772163391113 9.353869438171387 10.8679780960083 10.98957633972168 10.414192199707031 10.827530860900879 10.986504554748535 2.2138257026672363 5.783175468444824 10.367265701293945 5.692347049713135 5.923490047454834 3.489992141723633 2.109017848968506 4.956240177154541 2.7045888900756836 1.5416706800460815 2.6632208824157715 1.0430201292037964 2.0742034912109375
2 3.8650031089782715 0.04872693866491318 -0.03433600813150406 1.5646144151687622 0.511385440826416 -0.021650969982147217 10.961633682250977 10.30720043182373 11.530274391174316 10.705222129821777 11.692949295043945 10.922710418701172 8.736899375915527 7.606060028076172 7.065513610839844 9.685258865356445 10.238954544067383 10.264391899108887 10.906901359558105 10.856582641601562 10.5646333694458 10.785978317260742 10.915356636047363 3.2069454193115234 7.900672912597656 9.151529312133789 6.471185684204102 5.373891353607178 1.6530379056930542 3.542141914367676 4.55350399017334 3.2490592002868652 3.2955894470214844 1.5138283967971802 1.1250677108764648 1.68152916431427
3 2.710153102874756 -0.1025906577706337 0.07209031283855438 0.41926276683807373 -0.021024074405431747 0.4985755681991577 10.256922721862793 11.535350799560547 11.538652420043945 10.846424102783203 10.847088813781738 10.817072868347168 7.058502674102783 9.190812110900879 7.047411918640137 9.190305709838867 9.355192184448242 10.606030464172363 10.25810718536377 10.997883796691895 10.490022659301758 10.372024536132812 10.987610816955566 1.4293617010116577 9.620992660522461 7.270205020904541 7.270958423614502 7.019158363342285 5.33039665222168 2.252324104309082 4.759401798248291 2.0861849784851074 1.0014803409576416 2.502187728881836 1.0782262086868286 2.690244674682617
4 0.8333515524864197 0.1287928819656372 0.8450237512588501 0.4989306330680847 0.021519411355257034 0.7255818843841553 11.342292785644531 9.125307083129883 10.831647872924805 10.030550003051758 8.221528053283691 10.975608825683594 6.162174224853516 6.507638454437256 6.766620635986328 10.784175872802734 10.486026763916016 10.290177345275879 10.99683952331543 10.859910011291504 10.822643280029297 10.611391067504883 10.936336517333984 2.8242979049682617 10.21911907196045 10.01302719116211 3.840129852294922 4.770063400268555 2.2256884574890137 3.527094841003418 3.688077449798584 1.7617534399032593 2.5310511589050293 1.5217758417129517 1.4402862787246704 3.124074935913086
5 1.0301036834716797 -0.06639625132083893 0.11616861820220947 -0.00939303357154131 -0.10562923550605774 0.3059968650341034 11.08338737487793 10.979564666748047 9.45386791229248 10.984868049621582 9.779488563537598 10.635915756225586 4.611537933349609 8.668856620788574 8.822685241699219 4.83005428314209 9.223434448242188 10.636201858520508 7.362028121948242 10.893230438232422 10.998263359069824 10.686555862426758 8.776288032531738 4.342747688293457 10.764610290527344 7.988057613372803 10.726547241210938 7.221429824829102 9.370864868164062 3.3671951293945312 2.4900388717651367 7.84928560256958 3.110111713409424 1.6105962991714478 2.263662815093994 1.634690284729004
6 2.1348865032196045 -0.10590260475873947 0.05584896355867386 0.1335056722164154 0.14481700956821442 -0.003914803732186556 11.389335632324219 11.371467590332031 10.906554222106934 10.872719764709473 10.828015327453613 10.963949203491211 7.42633056640625 7.544814109802246 10.592307090759277 6.004967212677002 9.925531387329102 10.013615608215332 9.650809288024902 10.888993263244629 10.9883394241333 10.695396423339844 10.210103034973145 2.9274535179138184 9.31467056274414 9.208137512207031 10.302846908569336 6.027841091156006 6.53142786026001 1.5982455015182495 2.6804728507995605 5.438526153564453 1.0935732126235962 3.388584613800049 2.0944037437438965 0.9956264495849609
7 0.4801567494869232 0.09675231575965881 1.1085891723632812 0.6508891582489014 0.13875842094421387 -0.0379660502076149 11.058042526245117 10.470864295959473 11.649782180786133 11.584287643432617 9.285506248474121 10.99976921081543 10.157930374145508 8.155759811401367 7.543708801269531 10.64918327331543 10.383063316345215 10.285303115844727 9.691193580627441 10.845030784606934 10.02381420135498 10.987401962280273 10.637093544006348 2.416472911834717 5.552863121032715 8.59449577331543 4.301714897155762 5.033933162689209 6.460731029510498 1.4873360395431519 5.833256721496582 4.3391265869140625 1.0783331394195557 3.5932750701904297 0.9977028369903564 1.1849486827850342
8 0.7004207372665405 0.0504581555724144 -0.10570862144231796 -0.10616838932037354 0.8492782115936279 -0.04249802231788635 10.685745239257812 9.422548294067383 10.70822525024414 10.741616249084473 9.899994850158691 10.831984519958496 9.097259521484375 9.042078971862793 8.552520751953125 8.62717056274414 9.236062049865723 10.637239456176758 7.7531208992004395 10.791128158569336 10.783656120300293 10.814661979675293 10.812469482421875 3.6491599082946777 7.407351016998291 7.486404895782471 8.040745735168457 7.202412128448486 9.011248588562012 1.3820525407791138 3.842108726501465 3.7295122146606445 2.6422455310821533 3.813535213470459 1.36941397190094 1.4205530881881714
9 0.6340414881706238 0.5959758162498474 0.11135868728160858 -0.07262368500232697 -0.10567647218704224 0.7746999263763428 10.062788009643555 10.574492454528809 11.699999809265137 9.692878723144531 9.942730903625488 10.892552375793457 7.698862075805664 6.551359176635742 8.165146827697754 9.506668090820312 8.963789939880371 10.4960355758667 8.071067810058594 10.82784366607666 10.655701637268066 10.983465194702148 10.984790802001953 3.3706398010253906 9.063728332519531 9.984773635864258 6.775485515594482 7.596310615539551 8.686259269714355 1.4507514238357544 4.281325340270996 2.056666374206543 2.2937519550323486 3.666522979736328 1.2030738592147827 2.725783348083496
10 2.5846076011657715 0.11856098473072052 -0.064968541264534 0.2736113667488098 0.29399776458740234 0.7249669432640076 10.61569881439209 10.142497062683105 11.383275985717773 11.115604400634766 10.723092079162598 10.23616886138916 6.310559272766113 8.239134788513184 8.433799743652344 7.006608486175537 10.539931297302246 9.4280424118042 8.655753135681152 10.84793758392334 10.838132858276367 10.97132682800293 10.327537536621094 5.3801751136779785 10.134322166442871 8.50194263458252 9.661298751831055 4.623174667358398 8.00468635559082 1.4938465356826782 3.623055934906006 5.168543815612793 1.7351930141448975 3.58056640625 1.472267508506775 1.015390157699585
11 0.6063080430030823 0.5247582197189331 0.04296010360121727 0.9472576379776001 0.37257492542266846 0.7647850513458252 11.28244400024414 9.048809051513672 10.744860649108887 10.759258270263672 9.699115753173828 10.067098617553711 9.270261764526367 8.294169425964355 6.739952087402344 7.067136287689209 8.762397766113281 10.775263786315918 10.33155345916748 10.969571113586426 10.581351280212402 9.314363479614258 9.766531944274902 5.744751453399658 7.150521278381348 8.43962287902832 9.614217758178711 7.86747407913208 5.158968448638916 1.9349702596664429 4.505426406860352 6.325923919677734 1.016406536102295 2.8799495697021484 1.1375010013580322 1.0527971982955933
