0	20.5585	24.2429	-0.1974	-26.3178	-8.6394	-16.5757	24.5143	16.678	-30.5641	-10.2152	17.3392	19.209	-11.6737	-0.5495	18.1223	9.2752
1	24.9925	16.2588	15.735	-51.2834	-27.1678	-12.9195	34.0265	29.5731	-40.408	0.1745	17.3159	31.6964	-7.0439	26.3178	16.1955	16.0936
2	23.5704	25.333	18.1977	-29.5414	-19.6818	0.7416	25.9281	8.0467	14.0388	-16.9987	5.5986	21.161	-30.0706	-0.4009	-8.6547	22.121
3	14.2472	21.3738	5.4379	-24.4176	-14.3622	12.6835	22.2322	17.7909	9.844	-33.1629	19.4273	26.0111	-26.2832	9.8521	5.5002	24.1955
4	28.2226	28.1174	1.6497	-38.0308	-12.9068	-18.5259	20.4901	4.3967	-34.7792	-11.1977	14.3532	17.3883	-26.3662	15.9789	-4.3459	14.392
5	15.4732	24.9366	7.0099	-23.515	-15.653	-13.4651	24.4802	9.7034	24.8299	4.4979	7.5329	14.9419	6.0559	8.1557	15.77	12.6518
6	22.2942	22.1869	13.406	-41.5568	-15.269	-18.5496	20.9475	12.9744	16.1757	14.5597	7.9938	21.0672	5.6619	-3.7532	-0.692	24.0637
7	21.4534	22.0702	-4.4041	-31.148	-11.8105	-14.7769	20.033	11.0812	27.3025	6.8975	3.4411	9.6225	-4.0757	-3.7539	11.0764	2.999
8	16.0802	25.4039	-0.983	-35.2521	-9.5525	-2.8727	25.7973	10.0793	-0.6936	-8.8494	12.5646	23.6908	-30.6293	-1.1884	12.8049	17.2875
9	29.0291	29.9143	-12.3456	-35.5243	-22.3629	-24.1363	18.6632	15.1424	-23.7933	-2.7152	-1.9122	15.0555	-26.2754	-28.775	8.2015	-8.8464
10	24.3323	23.9456	11.5019	-31.5952	-12.7345	-23.3324	14.4435	16.3079	19.7355	5.7233	3.9714	13.4472	-10.1244	-4.282	7.3213	20.9909
