frame G1:C1-C2 G1:C3-C4 G1:C1-CC G2:C1-C2 G2:C3-C4 G2:C1-CC C3:C1-C2 C3:C3-C4 C3:C1-CC A4:C1-C2 A4:C3-C4 A4:C1-CC C5:C1-C2 C5:C3-C4 C5:C1-CC G6:C1-C2 G6:C3-C4 G6:C1-CC A7:C1-C2 A7:C3-C4 A7:C1-CC A8:C1-C2 A8:C3-C4 A8:C1-CC G9:C1-C2 G9:C3-C4 G9:C1-CC G10:C1-C2 G10:C3-C4 G10:C1-CC U11:C1-C2 U11:C3-C4 U11:C1-CC G12:C1-C2 G12:C3-C4 G12:C1-CC C13:C1-C2 C13:C3-C4 C13:C1-CC C14:C1-C2 C14:C3-C4 C14:C1-CC G1:C4p-P-plus G1:C3p-P-plus G2:C4p-P G2:C5p-P G2:C5s-P G2:C4p-P-plus G2:C3p-P-plus C3:C4p-P C3:C5p-P C3:C5s-P C3:C4p-P-plus C3:C3p-P-plus A4:C4p-P A4:C5p-P A4:C5s-P A4:C4p-P-plus A4:C3p-P-plus C5:C4p-P C5:C5p-P C5:C5s-P C5:C4p-P-plus C5:C3p-P-plus G6:C4p-P G6:C5p-P G6:C5s-P G6:C4p-P-plus G6:C3p-P-plus A7:C4p-P A7:C5p-P A7:C5s-P A7:C4p-P-plus A7:C3p-P-plus A8:C4p-P A8:C5p-P A8:C5s-P A8:C4p-P-plus A8:C3p-P-plus G9:C4p-P G9:C5p-P G9:C5s-P G9:C4p-P-plus G9:C3p-P-plus G10:C4p-P G10:C5p-P G10:C5s-P G10:C4p-P-plus G10:C3p-P-plus U11:C4p-P U11:C5p-P U11:C5s-P U11:C4p-P-plus U11:C3p-P-plus G12:C4p-P G12:C5p-P G12:C5s-P G12:C4p-P-plus G12:C3p-P-plus C13:C4p-P C13:C5p-P C13:C5s-P C13:C4p-P-plus C13:C3p-P-plus C14:C4p-P C14:C5p-P C14:C5s-P
0 -9.3350e+00 1.7135e+01 -3.4980e+00 -9.7443e+00 1.4645e+01 1.6709e+00 -8.9190e+00 1.9030e+01 -2.7870e+00 -4.1651e+00 1.4282e+01 -3.7477e+00 -8.2667e+00 1.7816e+01 -4.7332e+00 1.4316e+01 -8.1751e+00 8.6458e+00 2.8583e+00 -7.4437e+00 1.5374e+00 -9.4626e+00 1.2525e+01 8.5180e+00 -9.1538e+00 1.4852e+01 3.9676e+00 -9.1389e+00 1.1350e+01 -3.7848e+00 -4.0560e+00 1.9242e+01 -4.4161e+00 -8.0866e+00 1.5758e+01 1.4099e+00 -5.6825e+00 1.8795e+01 -5.7746e-01 -6.7901e+00 1.8258e+01 -3.7905e+00 -1.8471e+01 -1.8270e+01 -1.6466e+01 -8.6304e+00 7.0384e+00 -1.7500e+01 -1.3801e+01 -2.0278e+01 -9.1163e+00 1.1703e+01 -2.2107e+01 -2.0329e+01 -1.5379e+01 -8.6457e+00 7.5877e+00 -1.8716e+01 -7.3826e+00 -1.8906e+01 -1.8227e+01 -9.7265e+00 -4.6163e+00 -5.2217e+00 -1.0393e+01 -8.0493e+00 9.8656e+00 4.8870e+00 -1.0666e+01 -7.7561e-03 1.3674e+01 -1.9229e+01 1.6331e+00 -7.9753e+00 -1.7783e+01 3.6654e+00 2.3624e+00 -1.5073e+01 -1.6079e+01 -1.9027e+01 1.1024e+01 -4.6273e+00 -1.5958e+01 -5.4710e+00 -7.6535e-01 -5.6460e+00 -5.8781e+00 -5.3532e+00 -1.4786e+01 -1.8683e+01 -1.3276e+00 1.0765e+01 -1.5809e+01 -1.3962e+01 -1.6487e+01 1.6113e+00 8.7310e+00 -2.1270e+01 -1.8265e+01 -1.6590e+01 1.9785e+00 6.7794e+00 -1.4234e+01 -1.4968e+01 -1.8817e+01 -3.7746e+00 8.2997e+00
1 -8.5067e+00 1.9295e+01 -6.5048e+00 -8.9677e+00 1.4423e+01 -1.7881e+00 -9.7536e+00 1.9266e+01 -2.3566e+00 -7.8491e+00 1.4378e+01 6.4956e+00 -5.7078e+00 1.7270e+01 -2.3764e+00 -9.0875e+00 1.5715e+01 4.3463e+00 -6.0232e+00 -8.1351e+00 -9.2196e+00 -4.5632e+00 1.6028e+01 8.5847e+00 -9.7462e+00 1.5319e+01 1.0283e+01 -7.4012e+00 1.7227e+01 -5.0682e+00 -9.2152e+00 1.7825e+01 -2.9833e+00 -9.1754e+00 1.4868e+01 2.3456e+00 -7.7397e+00 1.8896e+01 3.3456e+00 -1.8185e+00 1.7647e+01 -4.2587e-01 -1.9649e+01 -2.1127e+01 -1.9896e+01 -4.5263e+00 9.0635e+00 -1.1167e+01 -1.2742e+01 -1.7013e+01 -2.3008e+00 7.9270e+00 -1.8362e+01 -1.9387e+01 -1.6016e+01 -6.8119e+00 9.9698e+00 -1.7770e+01 -1.7194e+01 -1.7707e+01 -1.1655e+01 1.2331e+01 -1.5214e+01 -1.1582e+01 -1.9998e+01 -4.6566e+00 6.0099e+00 -1.0955e+01 -1.7863e+01 -1.6790e+01 -5.3387e+00 3.0782e+00 -3.9620e-01 -9.9211e+00 -1.8108e+01 1.2093e+01 -1.6195e+00 -2.1867e+01 -1.5470e+01 -1.1344e+01 8.0710e+00 -7.5476e+00 -3.0293e+00 -8.0800e-01 -1.2073e+01 -6.0772e+00 1.3977e+01 -2.0020e+01 -1.9424e+01 -1.9314e+01 -9.2878e+00 1.1868e+01 -1.6245e+01 -1.7799e+01 -1.8282e+01 -9.0308e+00 1.1242e+01 -1.7101e+01 -1.9240e+01 -1.8516e+01 -4.8070e+00 8.3599e+00 -1.5551e+01 -1.4483e+01 -1.7508e+01 -4.5960e+00 1.1168e+01
2 -9.2787e+00 1.7234e+01 3.0345e+00 1.4194e+01 -8.3274e+00 5.1016e+00 4.2511e-01 1.8359e+01 -2.8528e+00 1.0369e+00 1.8489e+01 6.0488e+00 -8.5027e+00 1.9239e+01 -4.6534e-01 -6.2266e+00 1.8796e+01 3.5683e+00 -4.8675e+00 1.7566e+01 5.0903e+00 -8.2290e+00 1.4335e+01 5.4950e+00 -8.3148e+00 1.3652e+01 6.9606e+00 -9.7432e+00 1.4628e+01 5.4899e+00 -7.6910e+00 1.7766e+01 3.9418e+00 -8.5161e+00 1.8325e+01 4.7090e+00 -9.7512e+00 1.6336e+01 3.2128e+00 1.8744e+01 -5.8446e+00 2.5660e+00 -1.4352e+01 -6.6858e+00 -1.2025e+01 -1.3036e+01 1.2235e+01 -1.6665e+01 -3.7564e+00 -1.9459e+01 1.9069e+00 9.8776e+00 -1.6939e+01 -1.8040e+01 -1.5825e+01 6.3672e+00 -3.6927e-01 -1.6265e+01 -1.4501e+01 -1.4390e+01 6.2406e+00 -5.2300e+00 -6.2193e+00 -5.2276e+00 -1.7312e+01 -7.5428e+00 1.2529e+01 -1.6356e+01 -1.2792e+01 1.5214e+01 -2.1664e+01 -6.5835e-01 -1.1464e+01 -6.9605e+00 -2.0904e+01 9.0269e+00 6.6450e-01 -1.9456e+01 -1.6391e+01 -1.8694e+01 -1.4603e+00 6.6255e+00 4.4455e+00 6.9582e+00 -1.3908e+01 -3.6331e+00 1.0246e+01 -1.7889e+01 -1.6303e+01 -1.3433e+01 -3.9471e+00 8.1944e+00 -2.0843e+01 -1.7946e+01 -1.6450e+01 7.5823e-02 4.0159e+00 -1.8528e+01 -1.3654e+01 -1.8871e+01 -1.5911e+00 4.4550e+00 1.1063e+01 1.4561e+01 1.6065e+01 -8.7738e+00 -1.7989e+01
3 -8.6830e+00 1.4900e+01 -6.8137e+00 -9.5567e+00 1.8149e+01 -2.5656e-01 -9.6687e+00 1.6683e+01 -4.8475e-01 -5.9764e+00 1.8246e+01 -9.0731e-01 -5.2435e+00 1.5404e+01 -3.4769e+00 -7.3510e+00 1.9013e+01 6.8383e+00 -5.7343e+00 1.2778e+01 -7.9854e+00 -6.7611e+00 1.6974e+01 2.2171e+00 -9.7545e+00 1.7954e+01 7.3782e+00 -8.1420e+00 1.4953e+01 -3.5945e+00 -7.5410e+00 1.8095e+01 1.6236e+00 -9.5907e+00 1.8831e+01 6.9994e+00 -9.3513e+00 1.6228e+01 5.6041e+00 -3.1212e+00 1.8960e+01 -2.5877e-01 -1.0161e+01 -9.5414e+00 -1.3494e+01 -5.3978e+00 6.2554e+00 -2.0679e+01 -1.7452e+01 -1.8424e+01 -7.9544e+00 1.2337e+01 -1.9421e+01 -2.0591e+01 -1.8141e+01 1.0720e-01 6.9905e+00 -1.9254e+01 -1.7377e+01 -1.6096e+01 -2.7916e+00 8.9861e+00 -1.2607e+01 -4.5088e+00 -1.8968e+01 -1.0190e+00 4.7145e+00 -1.6273e+01 -1.7385e+01 1.1469e+01 -2.0691e+01 -2.8971e-01 -1.8278e+01 -1.6128e+01 -1.4979e+01 6.1548e+00 6.8591e+00 -2.1012e+01 -1.4937e+01 -1.3026e+01 8.7242e+00 -8.0892e+00 1.1902e-01 5.3303e+00 -1.2709e+01 -1.3919e+00 1.6578e+00 -1.7135e+01 -1.8170e+01 -1.6242e+01 -3.1426e+00 5.1496e+00 -2.1580e+01 -1.8008e+01 -1.4144e+01 -2.9896e+00 1.0716e+01 -2.1989e+01 -1.9755e+01 -1.6404e+01 1.8051e+00 4.2353e+00 -1.6403e+01 -2.1939e+01 -9.8021e+00 2.3973e+00 -5.2035e+00
4 -8.4648e+00 1.4154e+01 -5.6189e+00 -8.8900e+00 1.7743e+01 -1.4423e+00 -9.4204e+00 1.9200e+01 -4.7830e+00 -8.2376e+00 1.6427e+01 3.9066e+00 -9.2176e+00 1.8268e+01 2.8565e+00 -6.7779e+00 1.8363e+01 4.1912e+00 -9.1664e+00 1.8265e+01 -2.3561e+00 -6.2693e+00 1.1871e+01 7.3625e+00 -9.3331e+00 1.7727e+01 7.1171e+00 -9.7548e+00 1.5281e+01 1.7642e-01 -9.7382e+00 1.7025e+01 3.5146e-01 -8.0546e+00 1.5823e+01 -2.1912e+00 -8.8293e+00 1.6831e+01 2.1909e+00 -9.3023e+00 1.8430e+01 2.5927e+00 -1.3996e+01 -1.1079e+01 -1.5562e+01 -5.8300e+00 1.2383e+01 -2.1174e+01 -1.8048e+01 -1.9314e+01 2.0685e+00 3.9492e+00 -2.0022e+01 -2.0805e+01 -1.7806e+01 1.2531e+00 2.2547e+00 -2.1034e+01 -1.6973e+01 -1.5336e+01 -2.3947e+00 -2.7119e-01 -1.0939e+01 -7.2315e+00 -1.8249e+01 -3.2018e+00 9.9469e+00 -1.4701e+01 -1.5492e+01 1.3462e+01 -2.0493e+01 1.2827e-02 -1.4632e+01 -1.2346e+01 -1.6171e+01 2.0288e-01 1.1677e+01 -2.1574e+01 -1.5548e+01 -1.8047e+01 4.5339e+00 9.2689e+00 2.1868e+00 2.8149e+00 -1.6047e+01 -6.7337e+00 7.5451e+00 -1.4129e+01 -1.7220e+01 -2.0290e+01 1.9072e+00 6.8136e+00 -1.9281e+01 -1.7628e+01 -1.5717e+01 1.3788e+00 5.7746e+00 -1.6498e+01 -1.9903e+01 -2.0218e+01 3.1475e+00 -3.5232e+00 -1.9465e+01 -1.5631e+01 -1.7216e+01 -5.7006e-01 1.0470e+01
5 -7.9791e+00 1.8990e+01 -7.0064e+00 -9.3196e+00 1.6101e+01 1.8138e+00 -3.7676e+00 1.5225e+01 -1.9194e-01 -9.7441e+00 1.8526e+01 5.6302e+00 -5.9374e+00 1.7400e+01 -1.4538e+00 -7.9256e+00 1.4323e+01 3.3184e+00 -1.4738e-01 2.4706e+00 4.7388e+00 -3.9899e+00 1.5768e+01 8.5389e+00 -5.2842e+00 1.2670e+01 4.4716e+00 -9.7159e+00 1.6693e+01 2.6072e+00 -2.3731e+00 1.7821e+01 -3.8631e+00 -8.1661e+00 1.8278e+01 3.2241e+00 -7.8021e+00 1.8860e+01 2.3105e-01 -7.9337e+00 1.9217e+01 -2.0148e+00 -1.5478e+01 -1.4944e+01 -1.3247e+01 -8.2609e+00 1.2366e+01 -2.1553e+01 -1.4152e+01 -1.6909e+01 1.5119e+00 7.4624e+00 -2.0611e+01 -1.9933e+01 -1.8520e+01 -5.1884e+00 8.7144e+00 -1.8842e+01 -1.7390e+01 -1.7440e+01 -6.4917e+00 1.1707e+01 -1.2529e+01 -1.5165e+01 -1.7743e+01 5.3012e+00 6.4315e+00 -1.4254e+01 -1.3509e+01 -1.1757e+01 8.3601e+00 -5.2005e+00 -1.4033e+01 -1.7249e+01 -1.7953e+01 1.1431e+01 -6.1613e+00 -1.8955e+01 -1.7856e+01 -1.8617e+01 4.1817e+00 1.6293e+00 3.8196e+00 1.0466e+01 -1.3135e+01 -1.7952e+00 9.9697e+00 -1.7390e+01 -1.9745e+01 -1.7122e+01 -7.1292e-01 1.0966e+01 -1.6999e+01 -1.4933e+01 -1.5617e+01 -1.5009e+00 1.0634e+01 -2.0216e+01 -1.9127e+01 -1.6394e+01 -4.8686e-01 3.1585e+00 -1.7132e+01 -1.5454e+01 -1.9468e+01 -1.0418e+01 1.0122e+01
6 -8.4041e+00 1.7858e+01 -1.4763e+00 -7.3030e+00 1.6490e+01 -6.5389e-01 -7.7101e+00 1.8095e+01 -3.1221e+00 -7.6950e+00 1.8802e+01 1.4615e+00 -5.6055e+00 1.7640e+01 1.7673e+00 -8.8287e+00 1.7252e+01 3.3484e+00 2.3129e+00 -7.5360e-01 -5.6806e+00 -7.0090e+00 1.5108e+01 7.9305e+00 -9.4993e+00 1.3969e+01 1.0503e+01 -7.7326e+00 1.8597e+01 -1.4027e+00 -8.6306e+00 1.7577e+01 -2.3696e+00 -8.4367e+00 1.7232e+01 -2.3061e+00 -8.9444e+00 1.7992e+01 -3.9499e+00 -7.1461e+00 1.6827e+01 -9.4305e-02 -1.6984e+01 -1.2204e+01 -1.6969e+01 7.8232e+00 2.8152e+00 -1.5268e+01 -1.5926e+01 -1.9039e+01 9.3293e+00 -7.4229e-01 -1.6108e+01 -1.2915e+01 -1.6882e+01 -4.7600e+00 1.2133e+01 -2.1357e+01 -1.9621e+01 -9.4304e+00 -8.3974e+00 1.0409e+01 -1.2435e+01 -7.4246e+00 -1.8311e+01 3.0362e+00 2.5190e+00 -1.9982e+01 -1.4631e+01 -1.0110e+01 -1.2752e+01 8.5000e+00 -7.0152e+00 -1.8300e+01 -1.8116e+01 1.0435e+01 -4.8988e+00 -2.1420e+01 -1.7171e+01 -2.1427e+01 6.8939e+00 -1.7707e+00 7.5283e+00 6.4313e+00 -1.0415e+01 2.0136e+00 7.4255e+00 -2.2738e+01 -2.1475e+01 -1.6594e+01 1.3040e+00 -3.5148e+00 -1.7290e+01 -1.2031e+01 -1.3708e+01 -1.0384e+01 9.1074e+00 -1.4054e+01 -1.5272e+01 -2.1159e+01 -3.0888e+00 8.0286e+00 -2.0965e+01 -1.8189e+01 -2.0674e+01 -4.5645e+00 1.0014e+01
7 -9.2970e+00 1.7454e+01 -5.4966e+00 -7.7366e+00 1.5860e+01 -1.2144e+00 -3.0158e+00 1.4796e+01 3.0768e+00 -6.4373e+00 1.8882e+01 2.0023e-01 -7.2868e+00 1.9213e+01 -1.2898e+00 -6.5990e+00 1.6953e+01 2.0794e+00 -7.3782e+00 1.7068e+01 1.0231e+00 -9.2405e+00 1.7763e+01 -9.9190e-02 -9.1829e+00 1.3608e+01 4.2357e+00 -8.3841e+00 1.6365e+01 -1.9337e-02 -4.1263e+00 1.6687e+01 -9.8066e-01 -3.9293e+00 1.6966e+01 1.4204e+00 -9.7526e+00 1.7989e+01 -3.5066e+00 -6.5916e+00 1.8502e+01 -6.5595e+00 -1.7019e+01 -1.2705e+01 -1.1739e+01 -5.9969e+00 1.0500e+01 -1.5954e+01 -1.6387e+01 -1.6709e+01 -4.6788e+00 1.0772e+01 -1.3747e+01 -1.4130e+01 -1.7305e+01 5.6040e-02 2.4891e+00 -1.2026e+01 -1.3039e+01 -1.3220e+01 9.8099e-01 4.6558e-01 -6.0966e+00 -9.5778e+00 -1.9768e+01 -6.8757e+00 8.3417e+00 -1.3129e+01 -1.7362e+01 1.5074e+01 -2.0898e+01 -1.4249e+00 -1.5390e+01 -1.5211e+01 -1.8241e+01 8.8776e+00 -3.4233e-01 -2.2041e+01 -2.1671e+01 -2.0982e+01 3.9622e-01 5.5128e+00 3.8249e+00 -6.6769e+00 -1.6845e+01 -1.9657e-01 1.1427e-01 -2.0550e+01 -1.8461e+01 -1.6235e+01 -4.2594e+00 8.8900e+00 -2.1472e+01 -2.2089e+01 -9.6398e+00 7.0295e+00 -1.2112e+01 -1.7970e+01 -1.7436e+01 -1.8634e+01 -2.3304e+00 1.2208e+01 -1.8871e+01 -1.8179e+01 -1.6665e+01 -4.0131e-01 4.8263e+00
8 -9.7133e+00 1.5451e+01 -3.6131e+00 -9.3450e+00 1.3509e+01 4.5704e-01 -8.5238e+00 1.7739e+01 5.3849e+00 -5.6407e+00 1.8854e+01 3.6457e+00 -9.6089e+00 1.8505e+01 4.0872e+00 -9.3338e+00 1.9251e+01 9.2634e+00 -6.4859e+00 1.1210e+01 1.1308e+00 -8.3581e+00 1.2344e+01 1.5117e+00 -6.8401e+00 1.4738e+01 6.0962e+00 -9.0114e+00 1.6670e+01 -2.0321e+00 -6.5726e+00 1.7566e+01 -2.7524e+00 -7.8109e+00 1.5359e+01 1.0066e+00 -8.7904e+00 1.8603e+01 -3.9466e+00 -5.5021e+00 1.5599e+01 -3.9438e+00 -2.0952e+01 -1.4262e+01 -1.3708e+01 -7.4755e+00 1.0753e+01 -1.9636e+01 -1.5686e+01 -1.5943e+01 1.8358e+00 4.7437e+00 -2.2305e+01 -2.0162e+01 -1.6128e+01 -2.7403e+00 1.0146e+01 -1.7210e+01 -1.6794e+01 -1.1583e+01 -7.8124e+00 9.5516e+00 -6.9441e+00 -6.9469e+00 -1.8151e+01 -2.6530e-01 7.2239e+00 -1.4422e+01 -1.3693e+01 1.1834e+01 -2.1054e+01 6.1424e-01 -1.5695e+01 -8.8308e+00 -1.9577e+01 3.9797e+00 4.0080e+00 -2.0879e+01 -1.7778e+01 -1.5626e+01 -3.7286e+00 5.0641e+00 5.6187e+00 6.2442e+00 -1.9515e+01 5.6551e-01 1.1202e+01 -1.9266e+01 -1.7139e+01 -1.5124e+01 -1.0969e+01 1.2363e+01 -1.7987e+01 -1.7291e+01 -1.6579e+01 4.7866e+00 1.5465e+00 -2.0936e+01 -1.4170e+01 -1.9667e+01 -3.1446e+00 8.9386e+00 -1.9027e+01 -1.6830e+01 -1.3147e+01 -3.2042e-01 9.8071e+00
9 -9.4891e+00 1.5729e+01 -6.5950e+00 -7.8105e+00 1.7722e+01 -1.5344e+00 -1.0224e+00 1.6555e+01 -6.0012e+00 -8.5229e+00 1.7716e+01 9.5193e+00 -8.7901e+00 1.6880e+01 5.0722e+00 -6.5594e+00 1.8683e+01 1.6339e+00 1.6396e+01 -7.6100e+00 9.6195e+00 6.4058e+00 1.8911e+01 4.3896e+00 -9.4447e+00 1.5302e+01 7.0999e+00 -9.6889e+00 1.6311e+01 5.0625e-01 -7.4597e+00 1.6710e+01 2.3896e+00 -7.6326e+00 1.7408e+01 3.6907e+00 -5.2419e+00 1.7848e+01 1.8333e+00 -9.5243e+00 1.8797e+01 -1.8774e+00 -9.1118e+00 -9.3600e+00 -1.5850e+01 -6.8653e+00 7.2232e+00 -1.8458e+01 -1.3260e+01 -1.7329e+01 -4.7531e+00 1.0041e+01 -1.9831e+01 -1.7901e+01 -2.0322e+01 5.8707e-01 -2.7513e+00 -2.1108e+01 -1.8926e+01 -1.7852e+01 -4.0000e-01 9.1878e+00 -4.3381e+00 -7.2091e+00 -1.8140e+01 3.6812e+00 5.8728e+00 -2.0629e+01 -1.9357e+01 1.0480e+01 -1.8934e+01 -5.9667e-01 -7.5847e+00 -1.4317e+01 -1.9433e+01 2.3649e+00 1.0442e+01 -1.6343e+01 -1.3587e+01 -1.6472e+01 7.0846e-01 1.9272e+00 6.7431e+00 8.9693e+00 -7.7322e+00 -9.1419e+00 1.2433e+01 -1.8594e+01 -1.8074e+01 -1.5926e+01 -5.7072e+00 8.1225e+00 -2.1922e+01 -1.8635e+01 -1.0893e+01 -1.1754e+00 2.5435e+00 -1.8684e+01 -1.2372e+01 -1.4055e+01 7.6692e+00 3.9758e+00 -2.1185e+01 -1.7870e+01 -1.4554e+01 -7.6230e-02 3.3331e+00
10 -9.4916e+00 1.8449e+01 -4.0963e+00 -8.8757e+00 1.8928e+01 -1.1318e+00 -5.1483e+00 1.8759e+01 3.9120e+00 -9.6456e+00 1.7657e+01 6.3247e+00 -9.5982e+00 1.5994e+01 3.4078e+00 -4.2692e+00 1.8743e+01 1.6608e-01 -1.4696e+00 -7.7987e+00 -7.4223e+00 -9.5143e+00 1.0485e+01 4.0311e+00 -8.6586e+00 1.6482e+01 1.7529e+00 -8.0577e+00 1.8681e+01 -3.5493e+00 -7.5407e+00 1.6892e+01 -2.4703e+00 -9.3890e+00 1.7400e+01 4.3605e+00 -3.4067e+00 1.9153e+01 1.3794e+00 -9.3067e+00 1.9220e+01 5.5993e+00 -1.4301e+01 -1.4705e+01 -1.1187e+01 -5.5213e+00 1.3074e+01 -1.7154e+01 -1.6919e+01 -1.8894e+01 -4.6642e+00 1.0913e+01 -1.8455e+01 -1.6211e+01 -1.4662e+01 -6.9523e+00 1.3022e+01 -2.0713e+01 -1.5539e+01 -1.8138e+01 -7.0749e+00 1.1254e+01 -4.4262e+00 -1.1329e+01 -1.8150e+01 -1.5012e+00 1.1872e+01 -9.0217e+00 -9.1901e+00 -1.5525e+01 2.4031e+00 -4.5478e+00 8.2837e-01 -6.9637e+00 -1.9086e+01 6.2573e+00 2.6177e+00 -1.9524e+01 -1.3563e+01 -1.9576e+01 1.0392e+00 1.0118e+01 7.7180e+00 4.6680e+00 -1.2727e+01 -5.0855e+00 1.1502e+01 -1.3482e+01 -1.2844e+01 -1.5377e+01 -1.6035e+01 1.3098e+01 -2.1782e+01 -1.7798e+01 -1.7389e+01 3.8777e+00 4.6287e+00 -1.4046e+01 -1.6361e+01 -1.2253e+01 -1.2098e+01 1.2706e+01 -1.8030e+01 -1.9751e+01 -1.0249e+01 1.9839e+00 -2.2526e+00
11 -9.3505e+00 1.4755e+01 5.0453e-02 -8.8923e+00 1.8774e+01 3.6956e-01 -9.1577e+00 1.8314e+01 -6.8093e+00 -7.7308e+00 1.6505e+01 -1.7551e+00 -4.9867e+00 1.6027e+01 -3.8836e+00 -5.2273e+00 1.4757e+01 3.8907e+00 2.9102e+00 -8.8011e+00 -1.0203e+00 -7.3605e+00 1.0022e+01 7.2192e+00 -9.7495e+00 1.1937e+01 8.4808e+00 -8.6662e+00 1.1625e+01 -5.0680e+00 -9.2558e+00 1.6719e+01 -3.8176e-01 -9.1913e+00 1.8032e+01 8.8394e+00 -8.4166e+00 1.7400e+01 -6.3925e-01 -6.7555e+00 1.9412e+01 1.0191e-02 -1.3766e+01 -1.5327e+01 -2.0530e+01 2.9169e+00 5.5416e+00 -1.9115e+01 -1.5689e+01 -1.7311e+01 -1.2190e+01 1.1989e+01 -1.7703e+01 -1.7658e+01 -1.5440e+01 -1.2619e+00 9.6203e+00 -1.7533e+01 -1.6354e+01 -1.7096e+01 -1.4991e+00 1.0458e+01 -2.0148e+01 -1.6888e+01 -1.7794e+01 -4.3687e+00 7.3402e+00 -1.2319e+01 -1.3295e+01 -1.6838e+01 6.6109e+00 -1.5356e+01 6.3810e+00 -1.2101e+01 -1.9194e+01 6.3945e+00 -1.0994e+00 -2.2139e+01 -1.2355e+01 -1.4598e+01 4.6434e+00 9.1192e-01 4.2371e+00 1.8396e+00 -2.0009e+01 7.6406e+00 -2.0249e+00 -1.3981e+01 -1.5701e+01 -1.7794e+01 4.3841e+00 -8.1690e-01 -2.0918e+01 -1.5086e+01 -1.5444e+01 2.7952e+00 1.3644e+00 -1.5032e+01 -1.7137e+01 -1.6934e+01 -2.9378e+00 8.7061e+00 -1.8111e+01 -2.0423e+01 -1.6406e+01 6.8689e-01 1.0330e+01
12 -8.4319e+00 1.8604e+01 -7.3871e+00 -5.9614e+00 1.7168e+01 -2.9855e+00 5.9467e+00 1.1989e+01 -6.5206e+00 -4.5647e+00 1.5691e+01 7.1572e+00 -5.7755e+00 1.7122e+01 4.5323e+00 -4.7271e+00 1.7353e+01 8.4853e+00 -9.2954e+00 1.5719e+01 -7.7566e+00 -9.7546e+00 6.3803e+00 -2.4875e+00 -6.9191e+00 1.7635e+01 2.5984e+00 -9.6804e+00 1.8862e+01 -1.8762e+00 -6.3040e+00 1.8152e+01 -3.6402e+00 -9.7505e+00 1.7002e+01 5.8747e+00 -9.7543e+00 1.9103e+01 -5.1571e+00 -9.3478e+00 1.4577e+01 -5.2684e+00 -1.2673e+01 -1.6301e+01 -1.1357e+01 2.1046e+00 3.3093e+00 -1.2959e+01 -1.0490e+01 -1.6316e+01 -1.4843e+01 1.5067e+01 -2.2801e+01 -1.5624e+01 -1.7344e+01 6.6589e+00 -1.2000e+01 -1.5179e+01 -1.9084e+01 -1.4872e+01 2.6941e+00 4.2921e+00 -6.5006e+00 -2.4407e+00 -2.0530e+01 -1.1462e+00 1.1792e+01 -2.0676e+01 -1.8242e+01 1.5361e+01 -1.7101e+01 4.7180e-02 4.5728e+00 9.3065e+00 2.5681e+00 9.1527e+00 5.3318e+00 -3.1152e+00 -1.0648e+01 -1.6855e+01 -9.9340e-01 1.0860e+01 -1.5026e+01 -1.2479e+01 -4.0146e+00 -3.1271e+00 3.9686e+00 -1.5512e+01 -1.2331e+01 -1.8833e+01 3.8367e+00 6.0100e+00 -1.9596e+01 -1.7580e+01 -1.5711e+01 -3.6611e+00 1.2896e+01 -1.6020e+01 -1.5314e+01 -2.0365e+01 4.2562e+00 4.2213e+00 -1.9153e+01 -1.7272e+01 -1.6226e+01 -1.4645e+01 1.2833e+01
13 -8.9739e+00 1.6303e+01 4.0880e-01 -8.1860e+00 1.8917e+01 -1.5071e+00 -3.6009e+00 1.5779e+01 -3.9769e-01 -8.5196e+00 1.7838e+01 3.4003e+00 -9.7240e+00 1.6316e+01 -3.8804e+00 -8.5444e+00 1.8021e+01 -3.1534e-01 1.3850e+00 -6.2950e+00 -2.9023e+00 -4.1774e+00 1.4416e+01 7.4014e+00 -9.7243e+00 1.4278e+01 1.1912e+01 -7.3635e+00 1.7620e+01 -1.1052e+00 -7.4408e+00 1.5878e+01 6.5400e-01 -8.0752e+00 1.5533e+01 1.7305e+00 -7.3799e+00 1.7052e+01 1.8494e+00 -6.7778e+00 1.8709e+01 9.4753e-01 -2.2080e+01 -1.7123e+01 -1.5767e+01 -1.0909e+00 6.2085e+00 -1.2257e+01 -1.2899e+01 -1.6185e+01 -5.1720e+00 1.1658e+01 -2.1823e+01 -1.7741e+01 -1.9445e+01 3.4280e+00 -7.5093e-01 -2.0339e+01 -1.6200e+01 -1.7618e+01 -1.4441e+01 -1.0772e+01 2.7567e+00 3.9312e+00 -2.0954e+01 -2.4381e+00 9.0964e+00 -6.9659e+00 -3.2877e+00 -1.7227e+01 -6.1253e+00 7.1684e+00 3.3616e+00 -1.2645e+01 -1.7319e+01 1.0888e+01 -9.1736e+00 -2.2378e+01 -1.6325e+01 -1.4070e+01 6.2987e+00 -3.4744e+00 1.0742e+01 2.2299e+00 -1.4756e+01 -1.1235e+01 1.3788e+01 -1.1744e+01 -1.0894e+01 -2.2378e+01 -1.3164e+00 8.5440e+00 -1.8107e+01 -1.1977e+01 -1.4747e+01 -2.9703e+00 2.6874e+00 -2.2726e+01 -1.7820e+01 -1.4779e+01 4.4565e-01 5.5428e+00 -1.1357e+01 -1.0879e+01 -1.5020e+01 -8.3670e+00 1.2545e+01
14 -8.9523e+00 1.8952e+01 -1.9682e+00 -3.8994e+00 1.4265e+01 -4.0543e+00 -8.4159e+00 1.7364e+01 -4.3306e-01 -4.0291e+00 1.8787e+01 -4.9096e+00 -7.7047e+00 1.9488e+01 1.4486e-01 -6.3122e+00 1.8916e+01 8.0831e+00 -8.8099e+00 1.3523e+01 5.7416e-02 -5.7676e+00 1.6839e+01 9.3277e-01 -9.2173e+00 1.8090e+01 -1.1511e-01 -7.5068e+00 1.9006e+01 3.6902e-01 -7.6875e+00 1.8473e+01 -4.4581e+00 -9.6982e+00 1.6574e+01 -9.1348e-01 -8.0486e+00 1.5365e+01 -4.9526e+00 -5.6016e+00 1.7471e+01 -2.4909e-01 -1.7106e+01 -1.6875e+01 -1.8390e+01 1.6072e+00 4.3711e+00 -2.1386e+01 -1.7826e+01 -1.9923e+01 4.5367e+00 1.7347e+00 -2.1685e+01 -1.9816e+01 -1.5307e+01 -1.2231e+00 6.4786e+00 -1.3624e+01 -1.2294e+01 -1.4784e+01 -4.7083e+00 3.2507e+00 -6.1556e+00 -5.5825e+00 -1.8142e+01 2.7968e+00 6.2573e+00 -1.2344e+01 -1.5674e+01 1.5368e+01 -1.9629e+01 4.4464e+00 -1.3224e+01 -1.1620e+01 -1.7327e+01 1.5440e+00 1.0015e+01 -2.0234e+01 -1.9282e+01 -2.0439e+01 2.5396e+00 4.8078e+00 7.5986e+00 5.8263e+00 -1.4814e+01 -1.2007e+00 7.6500e+00 -1.5195e+01 -1.7916e+01 -1.5741e+01 -3.9702e+00 9.2111e+00 -2.0549e+01 -1.8500e+01 -1.7123e+01 -1.2368e+00 4.7017e+00 -1.6432e+01 -1.4030e+01 -1.9429e+01 2.9826e-01 6.9489e+00 -1.6953e+01 -1.6471e+01 -1.8940e+01 -5.6361e+00 1.0341e+01
15 -4.3531e+00 1.9074e+01 -6.4861e+00 -7.9113e+00 1.7812e+01 2.8251e+00 -7.9208e+00 1.8526e+01 -4.0349e+00 -9.7412e+00 1.6530e+01 2.3208e-01 -7.3718e+00 1.4052e+01 1.2958e+00 -9.8573e-01 1.8269e+01 1.4564e+00 1.2204e+01 -9.6930e+00 6.3318e+00 -4.6997e+00 1.7204e+01 3.6165e+00 -5.6689e+00 1.5427e+01 -1.5544e+00 -8.5873e+00 1.7570e+01 -3.4160e+00 -4.9076e+00 1.9021e+01 -7.8767e+00 -9.1237e+00 1.9305e+01 2.3261e+00 -9.4470e+00 1.8610e+01 -3.9875e+00 -6.1632e+00 1.8647e+01 -1.5310e-01 -1.8635e+01 -1.8220e+01 -1.7160e+01 -2.3496e+00 5.0420e+00 -1.7257e+01 -1.8828e+01 -1.5901e+01 2.2319e+00 4.1378e+00 -1.8855e+01 -1.4822e+01 -1.8071e+01 -7.6877e+00 1.4160e+01 -1.9004e+01 -1.4662e+01 -1.9479e+01 -7.5194e+00 1.0485e+01 -1.2068e+01 -1.3069e+01 -1.4171e+01 -3.1197e+00 9.6153e+00 -4.4395e+00 2.4342e-01 -1.5802e+01 -6.4799e+00 7.1802e+00 8.3000e+00 -1.5398e+01 -1.7253e+01 1.5523e+01 -7.4049e+00 -2.0817e+01 -1.8690e+01 -1.4602e+01 1.9011e+00 7.0509e-02 5.0010e+00 4.3142e+00 -1.6804e+01 5.9690e-01 6.4089e+00 -1.8651e+01 -1.8709e+01 -1.0697e+01 -2.0652e+00 7.1924e+00 -2.0024e+01 -2.0678e+01 -1.7156e+01 3.2004e+00 3.9709e+00 -1.9522e+01 -1.8324e+01 -1.6465e+01 -1.2674e+00 8.3603e+00 -1.4816e+01 -1.7628e+01 -1.5930e+01 -6.3148e+00 7.9153e+00
16 -6.4466e+00 1.8874e+01 -7.2361e+00 -9.3161e+00 1.6504e+01 2.3534e+00 -5.2189e+00 1.9410e+01 -2.4463e+00 -7.9809e+00 8.1961e+00 9.6364e+00 -5.6277e-01 1.7691e+01 3.7421e+00 -6.6961e+00 1.6804e+01 1.1470e+01 -7.8813e+00 1.0620e+01 1.0423e+00 -6.4104e+00 1.1954e+01 -5.7095e+00 -9.0419e+00 1.7735e+01 4.7277e+00 -3.7159e+00 1.7079e+01 -1.6606e+00 -7.5085e+00 1.7966e+01 7.1760e+00 -9.6584e+00 1.6727e+01 1.2074e+01 -8.6004e+00 1.8720e+01 1.2822e+00 1.1362e+01 1.7960e+00 4.4307e+00 -1.8323e+01 -1.5619e+01 -1.8029e+01 -1.1119e+01 1.4447e+01 -1.8580e+01 -1.9189e+01 -1.6931e+01 -7.6783e+00 8.5340e+00 -1.7055e+01 -1.7710e+01 -1.8880e+01 1.2966e+00 1.0899e+01 -2.2006e+01 -1.4893e+01 -1.1923e+01 -9.1096e-01 2.5057e+00 -1.4909e+01 -1.2467e+01 -1.8098e+01 -1.7379e+00 1.0725e+01 -1.6181e+01 -1.6515e+01 1.2428e+01 -2.2463e+01 4.3848e+00 5.7872e+00 6.6153e+00 -6.7599e-01 1.0299e+01 6.2649e+00 -1.5736e+01 -1.8851e+01 -1.6630e+01 2.2634e+00 5.7717e+00 6.0287e+00 2.5672e+00 -1.9041e+01 1.0856e+01 -8.2839e+00 -1.3522e+01 -1.2296e+01 -1.7424e+01 1.0815e+00 1.1830e+01 -2.2061e+01 -1.9285e+01 -2.0447e+01 7.6062e+00 -3.2290e+00 -1.5259e+01 -1.8911e+01 -1.8154e+01 -3.9205e+00 9.4233e+00 -1.9211e+01 -1.7192e+01 -9.6770e+00 -1.3676e+01 1.5228e+01
17 -6.1396e+00 1.9224e+01 -7.0384e+00 -9.5374e+00 1.6293e+01 2.9781e+00 -8.6652e+00 1.8457e+01 -3.3247e+00 -9.3843e+00 1.8968e+01 -1.8492e+00 -9.1450e+00 1.7404e+01 -1.2688e+00 -8.9944e+00 1.8279e+01 2.8185e+00 -8.3644e+00 8.6248e+00 -3.0603e+00 -7.5075e+00 1.2056e+01 4.0158e+00 -9.0826e+00 1.6341e+01 3.3204e+00 -9.1468e+00 1.3186e+01 4.3426e+00 -9.3975e+00 1.8879e+01 4.8922e+00 -6.6936e+00 1.4455e+01 1.7681e+00 -9.4756e+00 1.9398e+01 -9.7304e-01 -2.5956e+00 1.5421e+01 2.3955e+00 -2.0446e+01 -1.8907e+01 -1.3201e+01 -7.3128e+00 9.7034e+00 -1.4771e+01 -1.3301e+01 -2.0334e+01 4.5885e+00 5.7774e+00 -2.0110e+01 -1.6146e+01 -1.8257e+01 2.9126e+00 3.3027e+00 -1.7344e+01 -1.4602e+01 -1.4171e+01 7.0651e-01 8.6909e+00 -1.3901e+01 -3.8071e+00 -1.4654e+01 -8.2855e+00 1.4750e+01 -2.0864e+01 -1.7065e+01 1.0581e+01 -2.0169e+01 -2.5477e+00 -1.5004e+01 -1.2594e+01 -1.7002e+01 8.8888e+00 8.9418e-01 -2.0448e+01 -1.4691e+01 -1.8870e+01 -3.9177e+00 8.8616e+00 -4.4317e+00 3.9642e-01 -1.2490e+01 -9.6337e+00 1.1703e+01 -1.9437e+01 -1.7961e+01 -1.7348e+01 -1.3524e+00 7.8261e+00 -2.0427e+01 -2.0304e+01 -1.9754e+01 -6.7305e+00 1.2354e+01 -1.8405e+01 -1.1504e+01 -1.6058e+01 1.3210e+00 8.1628e+00 -1.6982e+01 -1.8015e+01 -1.5567e+01 -1.0413e+01 7.6241e+00
18 -4.7784e+00 1.5561e+01 -6.6665e+00 -9.7547e+00 1.8988e+01 8.2016e-01 -6.6958e+00 1.7401e+01 -4.9446e+00 -7.6237e+00 1.5149e+01 9.3367e+00 -3.5662e+00 1.4466e+01 1.2600e+00 -4.3528e+00 1.8552e+01 5.6333e+00 -7.4915e+00 1.2439e+01 -5.8361e-01 -7.9741e+00 1.7746e+01 -1.1954e+00 -6.3686e+00 1.5193e+01 5.3945e+00 -7.0906e+00 1.7804e+01 4.4942e-01 -5.0790e+00 1.8740e+01 -2.0727e+00 -5.0898e+00 1.6557e+01 4.4381e+00 -8.8775e+00 1.5939e+01 2.7364e+00 -4.2584e+00 1.7019e+01 -4.6407e+00 -1.5095e+01 -1.3780e+01 -1.6548e+01 -1.3613e+01 1.2270e+01 -1.4256e+01 -1.3576e+01 -1.9013e+01 -1.4657e+00 1.0766e+01 -1.4955e+01 -1.5660e+01 -1.4299e+01 -1.0244e+01 1.4708e+01 -2.0485e+01 -1.1486e+01 -1.1459e+01 -7.9661e+00 9.2628e+00 -1.0073e+01 -8.5952e+00 -1.5184e+01 -8.6111e-01 1.1656e+01 -1.7466e+01 -1.2939e+01 1.4027e+01 -1.7510e+01 -5.1153e+00 7.4696e+00 1.3879e+01 1.3272e+01 1.1431e+01 -5.0185e+00 -1.4902e+01 -1.0249e+01 -1.8761e+01 9.9206e+00 3.2804e+00 1.4712e+00 9.4495e+00 5.8886e+00 4.2619e+00 7.7525e+00 -8.9602e+00 -9.1950e+00 -1.6827e+01 1.3419e+00 6.8452e+00 -1.7603e+01 -1.3537e+01 -1.4606e+01 -2.6088e+00 1.3580e+01 -1.8672e+01 -1.9353e+01 -1.3789e+01 8.9865e-01 3.9602e+00 -2.0807e+01 -1.9435e+01 -1.4903e+01 6.6852e+00 -6.7743e+00
19 -8.4908e+00 1.7528e+01 -4.7287e+00 -4.7510e+00 1.6840e+01 -4.7428e+00 -6.6086e+00 1.9370e+01 -4.8438e-01 -8.9563e+00 1.4829e+01 2.7028e+00 -6.6645e+00 1.8212e+01 -2.5775e+00 -5.9139e+00 1.9071e+01 2.5068e+00 -9.6070e+00 1.1050e+01 -3.8616e+00 -9.6355e+00 1.8171e+01 5.9713e+00 -8.3830e+00 1.5695e+01 5.9538e+00 -9.1645e+00 1.5143e+01 4.4199e+00 -4.3337e+00 1.6858e+01 -3.3147e+00 -8.1688e+00 1.8551e+01 -1.3903e+00 -1.5338e+00 1.6650e+01 -3.2849e+00 -3.6650e+00 1.7136e+01 -3.0122e+00 -2.1064e+01 -1.5217e+01 -1.4230e+01 -2.8520e+00 1.0238e+01 -1.0441e+01 -1.2672e+01 -1.7806e+01 1.8803e+00 5.5940e-01 -1.9432e+01 -1.9412e+01 -1.7768e+01 1.2984e+00 8.9452e+00 -1.7419e+01 -1.5037e+01 -1.6245e+01 2.0095e-01 6.1434e+00 -6.9344e-01 3.8079e+00 -1.8148e+01 2.1698e+00 4.4568e+00 -1.8563e+01 -2.0743e+01 7.2514e+00 -2.1110e+01 2.9959e+00 -8.4038e+00 -1.1867e+01 -1.6581e+01 4.9597e-01 2.7787e+00 -2.1605e+01 -2.0428e+01 -1.8367e+01 2.2994e+00 6.4309e-01 1.4594e-01 -9.1125e-01 -1.5387e+01 -4.9283e+00 1.3635e+01 -1.6262e+01 -1.3527e+01 -1.6705e+01 -3.6761e+00 7.3332e+00 -2.1188e+01 -1.6388e+01 -1.3064e+01 -4.7244e+00 8.0259e+00 -1.9308e+01 -1.9665e+01 -1.5909e+01 -1.3208e+00 5.7829e+00 -1.9716e+01 -1.7130e+01 -1.6821e+01 2.4910e+00 -1.0673e+00
20 -9.4838e+00 1.5052e+01 -1.3380e+00 -3.0941e+00 1.9055e+01 5.0419e+00 -7.6214e+00 1.8756e+01 -2.4317e+00 -8.8861e+00 1.8095e+01 3.1932e+00 -2.6505e+00 1.6018e+01 2.7187e+00 -8.7085e+00 1.7609e+01 2.5132e+00 -9.1491e+00 1.2687e+01 -6.9620e+00 -9.4820e+00 1.5576e+01 -4.2801e+00 -9.5438e+00 1.8348e+01 -4.4692e+00 -9.5335e+00 1.7744e+01 -2.9351e+00 -9.7507e+00 1.7996e+01 4.0830e+00 -9.6729e+00 1.7540e+01 3.4058e+00 -8.9803e+00 1.9105e+01 -4.0556e+00 -8.6936e+00 1.8863e+01 -2.7595e+00 -2.2418e+01 -2.0422e+01 -9.4787e+00 -5.6023e-01 1.5607e+00 -2.0335e+01 -1.7896e+01 -1.7388e+01 1.1847e+00 5.9821e+00 -2.1219e+01 -1.8592e+01 -8.8005e+00 5.9969e-01 -6.5777e+00 -1.4836e+01 -1.5222e+01 -1.1430e+01 -1.1005e+01 1.2479e+01 -1.7759e+01 -6.5277e+00 -1.8278e+01 3.3861e+00 5.6634e+00 -1.9159e+01 -1.3681e+01 1.3821e+01 -1.9232e+01 1.3764e+00 -1.9445e+01 -2.1434e+01 -1.9973e+01 -1.8424e+01 1.7493e+01 -1.5852e+01 -1.1258e+01 -1.6630e+01 -6.3344e+00 8.6326e+00 3.7248e+00 7.1742e+00 -1.4901e+01 8.5538e-01 8.2016e+00 -1.7138e+01 -1.2250e+01 -1.5383e+01 -9.0183e+00 7.7668e+00 -2.1472e+01 -1.8471e+01 -1.6791e+01 2.0489e+00 5.9654e+00 -1.6762e+01 -1.4863e+01 -1.6280e+01 2.1664e+00 8.6770e-01 -1.3335e+01 -1.5497e+01 -2.0179e+01 -1.2807e+00 1.0959e+01
21 -9.2241e+00 1.8456e+01 -6.7894e+00 -9.4531e+00 1.5502e+01 5.7512e+00 -8.9157e+00 1.9329e+01 -1.9427e+00 -7.1943e+00 1.8260e+01 2.2246e+00 -9.2204e+00 1.7569e+01 -9.3726e-02 -7.4882e+00 1.8274e+01 6.9520e+00 1.3080e+01 -5.6309e+00 7.9284e+00 -5.4712e+00 3.3164e+00 1.7459e+00 -8.3028e+00 1.0822e+01 1.1426e+01 -8.5751e+00 1.7857e+01 -3.2207e+00 -6.3941e+00 1.9292e+01 3.6204e+00 -8.2903e+00 1.8743e+01 -8.1286e-01 -8.2373e+00 1.4804e+01 -3.1820e+00 -9.2141e+00 1.8214e+01 -8.7749e-01 -1.8890e+01 -1.7244e+01 -1.7670e+01 -8.9386e+00 1.0971e+01 -1.8404e+01 -1.4924e+01 -1.4647e+01 -4.5077e+00 1.0021e+01 -2.0218e+01 -1.9282e+01 -1.4615e+01 2.0453e+00 7.0024e+00 -1.9935e+01 -1.5323e+01 -1.5473e+01 9.6070e-01 4.9506e+00 -1.1274e+01 -1.2708e+01 -1.9332e+01 -9.2877e+00 1.1269e+01 -1.2034e+01 -8.5141e+00 -1.1394e+01 -1.3779e+00 -2.1600e-01 5.9586e+00 -1.5502e+01 -1.3053e+01 1.1123e+01 -8.7051e+00 -2.2491e+01 -8.4898e+00 -2.1877e+01 1.0396e+01 -3.6805e+00 1.1616e+01 4.0279e+00 -1.3364e+01 -1.2067e+00 1.2141e+01 -2.0718e+01 -1.9882e+01 -1.5314e+01 2.8186e+00 2.9364e+00 -1.3935e+01 -1.1896e+01 -1.9037e+01 3.4184e+00 7.2303e+00 -1.8000e+01 -1.7540e+01 -1.7023e+01 -2.8450e+00 1.0080e+01 -1.3588e+01 -1.2578e+01 -1.7421e+01 -2.3447e+00 5.9725e+00
22 -9.5329e+00 1.8183e+01 -2.6185e+00 -9.0982e+00 1.7374e+01 -4.1672e+00 1.0081e+00 1.6370e+01 -3.3048e+00 -9.5637e+00 1.6131e+01 5.3733e+00 -5.2627e+00 1.4520e+01 3.7470e+00 -7.5713e+00 1.4315e+01 1.1234e+01 -8.3465e+00 1.3276e+01 -7.0303e+00 -9.7324e+00 1.8940e+01 -3.6768e+00 -9.3861e+00 1.6453e+01 5.0221e+00 -9.1321e+00 1.5163e+01 -5.7095e-01 -9.2421e+00 1.6516e+01 5.6750e+00 -9.0485e+00 1.6109e+01 2.7101e+00 -2.3173e+00 1.7930e+01 -4.7275e+00 -7.2011e+00 1.8493e+01 -3.1482e+00 -1.9265e+01 -1.7646e+01 -1.4867e+01 2.6395e+00 8.7584e+00 -1.9167e+01 -1.8166e+01 -1.7948e+01 -3.4714e+00 1.2015e+01 -1.9059e+01 -1.7917e+01 -1.6263e+01 -7.9905e+00 4.4789e+00 -2.0454e+01 -1.7854e+01 -1.6452e+01 1.9209e+00 4.9296e+00 -1.3247e+01 -9.3187e+00 -1.1858e+01 3.3751e+00 2.5321e+00 -2.2404e+01 -1.4773e+01 2.0936e+00 -2.1103e+01 5.2781e+00 7.5929e+00 1.2680e+01 8.7428e+00 1.1378e+01 -3.6405e+00 -1.4822e+01 -1.4604e+01 -1.3312e+01 4.2182e+00 2.7883e+00 6.4865e+00 4.9364e+00 -9.5846e+00 -2.0735e+00 7.4139e+00 -1.6351e+01 -1.8305e+01 -2.0018e+01 2.3369e+00 9.5133e+00 -2.0069e+01 -1.7041e+01 -1.9219e+01 3.6725e+00 1.1754e+00 -1.7507e+01 -1.8981e+01 -1.1142e+01 4.0669e+00 4.7719e+00 -2.0896e+01 -1.6545e+01 -7.6666e+00 6.4321e+00 -1.5115e+01
23 -8.7902e+00 1.4873e+01 -3.2657e+00 -9.6001e+00 1.6579e+01 -2.4905e+00 -8.7025e+00 1.7546e+01 -4.8714e+00 -9.3219e+00 1.9505e+01 2.1317e-01 -2.0366e+00 1.7705e+01 -1.6307e+00 -9.2564e+00 1.9208e+01 9.1598e+00 1.6720e+01 -9.3234e+00 4.9885e+00 9.7453e+00 1.8242e+01 9.5998e+00 -6.7624e+00 9.9166e+00 1.0390e+01 -6.8608e+00 1.5756e+01 5.1316e+00 -7.1603e+00 1.8187e+01 1.2725e+00 -9.4500e+00 1.3077e+01 4.8551e+00 -4.0924e+00 1.7180e+01 1.9819e+00 -7.5794e+00 1.6730e+01 4.7037e+00 -1.6641e+01 -1.3822e+01 -1.9680e+01 -3.3260e+00 8.9953e+00 -1.5726e+01 -1.7438e+01 -1.4995e+01 -3.2972e+00 1.0787e+01 -2.1141e+01 -1.6131e+01 -1.6463e+01 2.6947e+00 5.6684e+00 -9.2007e+00 -9.6870e+00 -1.3187e+01 -1.2492e+01 1.6736e+01 -1.7654e+01 -1.3873e+01 -1.3165e+01 2.1007e+00 5.6512e+00 -1.1269e+01 -1.3178e+01 5.9647e+00 -2.1327e+01 3.2133e+00 -4.4875e-01 -1.7847e+01 -1.6450e+01 8.9246e+00 -1.1655e+01 -1.9166e+01 -1.4343e+01 -1.3950e+01 3.6750e+00 -2.9925e+00 5.6582e+00 -1.0968e+01 -1.5469e+01 8.5931e+00 -8.8929e+00 -1.5032e+01 -1.5773e+01 -2.0632e+01 8.8538e-01 1.0499e+01 -1.7083e+01 -1.4638e+01 -1.6420e+01 -3.0551e+00 1.2731e+01 -1.8832e+01 -1.1909e+01 -1.3087e+01 -4.4736e+00 9.4824e+00 -1.0996e+01 -6.2112e+00 -1.1775e+01 -1.4370e+01 1.0163e+01
24 -7.3140e+00 1.8386e+01 -8.7482e+00 -8.5632e+00 1.7334e+01 -2.5577e+00 -8.9292e+00 1.8995e+01 -2.7462e+00 -9.7474e+00 1.7596e+01 7.1347e+00 -2.4307e+00 1.7364e+01 -1.0521e+00 -7.9226e+00 1.6581e+01 6.0364e+00 1.8933e+01 -8.4974e+00 9.9554e+00 -2.5392e-01 1.8659e+01 4.8550e+00 -8.5215e+00 1.5775e+01 9.4906e+00 -8.2859e+00 1.7347e+01 -4.7401e+00 -8.6691e+00 1.8277e+01 2.3641e+00 -9.7260e+00 1.6398e+01 2.1786e+00 -9.1299e+00 1.6460e+01 -1.0790e+00 5.6265e+00 1.4875e+01 -2.8909e+00 -2.0827e+01 -1.8419e+01 -1.6161e+01 -7.5325e-01 4.4015e+00 -1.8257e+01 -1.7546e+01 -1.9048e+01 2.1838e+00 6.5670e+00 -1.7356e+01 -2.0141e+01 -1.7662e+01 -5.4496e+00 1.1319e+01 -2.2201e+01 -2.1135e+01 -1.7793e+01 -5.5446e-02 9.3307e+00 -1.7882e+01 -1.4882e+01 -1.8231e+01 8.6494e-01 5.1377e+00 -3.8918e+00 -8.3256e-01 1.1637e+01 -2.2422e+01 4.1280e-02 -1.0188e+01 -1.2336e+01 -1.5608e+01 6.9739e+00 5.1888e+00 -1.2697e+01 -9.4915e+00 -1.4535e+01 3.4205e+00 1.2158e+00 9.5752e+00 8.3931e+00 -1.3796e+01 1.2231e+01 -1.3314e+01 -2.2020e+01 -1.7928e+01 -2.2276e+01 1.4775e+01 -3.1566e+00 -1.8028e+01 -1.5469e+01 -2.0908e+01 -3.7242e+00 1.2843e+01 -1.8045e+01 -1.6307e+01 -1.1313e+01 -8.5421e+00 1.0442e+01 -1.9724e+01 -1.4428e+01 -1.6998e+01 -8.6056e+00 1.1158e+01
25 -8.8226e+00 1.4738e+01 -6.3763e+00 -8.6334e+00 1.6669e+01 -3.7423e+00 -9.3131e+00 1.9419e+01 8.7960e-01 -9.7508e+00 1.7267e+01 5.7002e+00 -2.6060e+00 1.8317e+01 -2.1625e+00 -6.8424e+00 1.9077e+01 2.2896e+00 -9.7506e+00 1.4649e+01 -1.2192e+00 -8.9549e+00 1.9366e+01 6.0927e+00 -4.9957e+00 1.5374e+01 3.2480e-01 -8.3057e+00 1.7370e+01 3.4320e-01 -8.5575e+00 1.6237e+01 8.3393e-01 -8.6639e+00 1.8296e+01 2.1941e-02 -7.4909e+00 1.4887e+01 -3.5542e+00 -8.7888e+00 1.8341e+01 6.0820e-01 -9.3422e+00 -1.4278e+01 -1.7920e+01 -5.1120e+00 1.0405e+01 -1.9084e+01 -1.8029e+01 -1.5605e+01 -3.0778e+00 3.5326e+00 -1.7411e+01 -1.8785e+01 -1.6712e+01 -7.4166e+00 9.6510e+00 -1.8542e+01 -1.4432e+01 -1.2532e+01 -6.6841e+00 1.0170e+01 -1.1873e+01 -7.1763e+00 -1.5423e+01 -6.0919e+00 1.0392e+01 -7.3480e+00 -6.6390e+00 1.3141e+01 -1.6711e+01 5.1183e+00 -5.9364e+00 -7.4779e+00 -1.8923e+01 2.7257e+00 6.9281e+00 -1.9407e+01 -1.8319e+01 -1.7041e+01 -4.2982e+00 1.0722e+01 2.3720e+00 -4.6069e-01 -1.2301e+01 2.7729e+00 2.2888e+00 -2.0848e+01 -1.5348e+01 -1.7217e+01 -2.4332e+00 7.9364e+00 -2.1804e+01 -1.6867e+01 -1.8186e+01 -4.9998e+00 8.1642e+00 -1.5662e+01 -1.5155e+01 -1.9422e+01 -5.0626e+00 1.3022e+01 -1.5140e+01 -2.1271e+01 -1.8317e+01 -5.5723e+00 8.0696e+00
26 -5.2587e+00 1.8707e+01 -4.7705e-01 -8.7204e+00 1.2614e+01 -4.8024e+00 -8.4091e+00 1.9241e+01 -1.7053e+00 -9.6822e+00 1.6019e+01 7.4303e+00 -5.8337e+00 1.8400e+01 1.2541e+00 -9.7264e+00 1.7794e+01 9.9208e+00 -9.7179e+00 1.4034e+01 -2.9075e+00 -2.3656e+00 1.5902e+01 -1.0127e+00 -8.9054e+00 1.4065e+01 6.4209e+00 -9.3013e+00 1.5976e+01 -7.5737e-01 -8.1578e+00 1.9226e+01 -6.3440e+00 -8.3574e+00 1.5759e+01 2.4272e+00 -7.5916e+00 1.5495e+01 2.3183e+00 -5.9415e+00 1.6162e+01 -1.1457e+00 -1.8416e+01 -1.6632e+01 -2.2001e+01 2.5867e+00 9.8980e+00 -2.0648e+01 -1.7447e+01 -1.4506e+01 -5.6770e+00 1.2456e+01 -2.0270e+01 -2.0937e+01 -1.8684e+01 -1.0109e+00 9.0795e+00 -2.0523e+01 -1.4879e+01 -1.0483e+01 -6.8287e+00 3.9599e+00 -1.0895e+01 -6.7279e+00 -1.6807e+01 3.7344e+00 4.1014e+00 -2.0384e+01 -1.6032e+01 1.2333e+01 -1.7377e+01 -2.1755e+00 -1.5275e+01 -7.2708e+00 -1.7721e+01 -1.7621e+00 6.8470e+00 -2.0344e+01 -1.8038e+01 -2.0082e+01 5.3153e+00 4.6995e+00 -1.7772e+00 -2.4119e-01 -1.0598e+01 5.4619e+00 1.1954e+00 -1.9251e+01 -1.7661e+01 -1.2277e+01 -3.1651e+00 5.9157e+00 -1.2728e+01 -1.3820e+01 -1.6394e+01 -5.9895e+00 1.3762e+01 -2.0405e+01 -1.8026e+01 -1.3665e+01 -1.3507e+01 6.1433e+00 -2.2668e+01 -1.7246e+01 -1.5617e+01 1.2194e+00 2.8590e+00
27 -7.9566e+00 1.9502e+01 -8.4383e-01 -8.7983e+00 1.7554e+01 -3.5823e+00 -9.7171e+00 1.9121e+01 2.8514e+00 -8.3412e+00 1.8527e+01 3.3919e+00 -7.5847e+00 1.5886e+01 -6.6247e-01 -8.2235e+00 1.5729e+01 8.0481e+00 -5.2834e+00 1.3401e+01 9.4324e-02 -5.5316e+00 1.1444e+01 9.0301e-01 -8.9915e+00 1.7506e+01 4.3473e+00 -8.1691e+00 1.8220e+01 1.8761e+00 -6.0883e+00 1.8578e+01 1.4071e+00 -4.9213e+00 1.5435e+01 -2.7223e-01 -9.7443e+00 1.9093e+01 -2.3152e+00 -7.2942e+00 1.5601e+01 1.4157e-01 -1.8754e+01 -1.8668e+01 -1.8822e+01 2.7592e-01 1.5749e+00 -1.6841e+01 -1.9380e+01 -2.0398e+01 3.6981e+00 5.8179e+00 -1.4949e+01 -1.3304e+01 -1.3864e+01 -8.6634e+00 9.3009e+00 -1.8235e+01 -1.4804e+01 -2.0836e+01 -5.5343e+00 1.0471e+01 -7.7094e+00 -7.7226e+00 -1.9982e+01 -8.8251e+00 1.3034e+01 -1.4725e+01 -1.2017e+01 1.2121e+01 -2.1876e+01 1.2515e+00 -8.5189e+00 -1.4290e+01 -1.9060e+01 6.4039e+00 3.3306e+00 -2.0726e+01 -1.9269e+01 -1.7191e+01 3.2575e+00 7.0582e+00 3.2784e+00 -2.7292e+00 -1.1338e+01 1.8116e-01 1.0040e+01 -1.4734e+01 -1.5355e+01 -2.0292e+01 -7.0437e+00 8.7588e+00 -1.9742e+01 -1.7026e+01 -1.5036e+01 2.9795e-02 9.3372e+00 -2.2275e+01 -1.9628e+01 -1.5773e+01 5.2520e+00 -2.2088e+00 -1.5907e+01 -1.4864e+01 -2.0897e+01 -7.6584e+00 1.4783e+01
28 -7.9199e+00 1.9107e+01 2.8284e+00 -8.7052e+00 1.6301e+01 2.0171e+00 2.2907e+00 1.6567e+01 -2.1600e+00 -9.7100e+00 1.8540e+01 6.2538e+00 -5.6517e+00 1.5898e+01 4.1920e+00 -6.5244e+00 1.0038e+01 7.4935e+00 -8.3570e+00 1.9446e+01 -1.3242e+00 -9.7543e+00 1.7938e+01 4.1691e+00 -9.6495e+00 1.5005e+01 -5.7146e+00 -9.4990e+00 1.3145e+01 2.6007e+00 -9.2767e-01 1.9066e+01 -6.0960e+00 -9.0250e+00 1.9311e+01 3.1387e+00 -5.4424e+00 1.3074e+01 -1.2577e+00 -8.0871e+00 1.7025e+01 5.1768e-01 -5.3803e+00 -9.7858e+00 -1.7261e+01 -3.6746e+00 9.1564e+00 -1.9905e+01 -1.1775e+01 -9.0252e+00 1.2435e+00 6.3142e+00 -1.9261e+01 -1.6662e+01 -1.7823e+01 -2.4075e+00 6.6618e+00 -1.7969e+01 -1.4061e+01 -1.7767e+01 -4.9763e+00 1.0417e+01 -4.8397e+00 -5.3835e+00 -2.0043e+01 6.5570e+00 1.5175e+00 -1.9968e+01 -1.4742e+01 1.4568e+01 -1.9442e+01 6.1093e+00 -7.8402e+00 -9.1987e+00 -1.8806e+01 -1.5084e+00 1.0273e+01 -1.9172e+01 -1.4164e+01 -1.5232e+01 -1.2401e+01 -1.4148e+01 3.2293e+00 6.5777e+00 -1.8229e+01 -1.1606e+01 1.2545e+01 -7.2582e+00 -1.0642e+01 -7.2524e+00 -4.7220e+00 8.3274e+00 -9.2627e+00 -1.3197e+01 -2.0576e+01 1.0396e+00 1.1331e+01 -1.8064e+01 -1.5947e+01 -2.0922e+01 -5.0719e+00 1.1570e+01 -2.1691e+01 -1.3831e+01 -1.5327e+01 1.3801e+00 4.5117e+00
29 -5.8519e+00 1.6671e+01 -6.9601e+00 -9.7541e+00 1.8043e+01 1.3976e+00 -7.4374e+00 1.3661e+01 3.6589e-01 -7.9928e+00 1.7317e+01 2.2019e+00 -9.4444e+00 1.5215e+01 -4.2823e-01 -3.8100e+00 1.2811e+01 -2.8445e+00 1.4591e+01 -9.0114e+00 -3.7045e+00 -7.4656e+00 1.5404e+01 -6.2219e-03 -9.0966e+00 1.7812e+01 4.7223e+00 -8.6684e+00 1.8657e+01 -3.3160e+00 -9.7541e+00 1.8309e+01 -6.1538e+00 -9.7045e+00 1.7979e+01 3.8137e+00 -8.1746e+00 1.5296e+01 5.2851e-01 -2.2344e+00 1.6102e+01 8.2445e-01 -1.7276e+01 -1.6194e+01 -1.8579e+01 -4.5252e+00 1.0804e+01 -1.5618e+01 -1.7044e+01 -1.6335e+01 2.9977e+00 6.1825e+00 -1.8069e+01 -1.5452e+01 -1.9528e+01 -2.2622e-01 7.5727e+00 -1.5880e+01 -1.8041e+01 -2.0475e+01 -5.2071e+00 4.6998e+00 -1.7201e+01 -1.6058e+01 -1.4447e+01 8.1120e-01 4.3592e+00 -1.2168e+01 -9.7681e+00 -7.5930e+00 3.5411e+00 -3.2924e-01 1.2355e+00 -1.0816e+01 -1.7366e+01 4.3543e+00 6.0834e+00 -2.0958e+01 -1.6025e+01 -1.9110e+01 1.1421e-01 7.9068e+00 1.0591e+01 9.3937e+00 -1.5197e+01 3.6210e+00 4.7204e+00 -1.7523e+01 -1.6759e+01 -1.2694e+01 -2.0176e+00 2.3716e+00 -2.0074e+01 -1.5697e+01 -1.4559e+01 1.0974e-01 3.2382e+00 -1.8914e+01 -1.7281e+01 -1.8914e+01 -3.8885e+00 1.2455e+01 -1.2174e+01 -1.3928e+01 -2.0313e+01 5.8087e+00 7.7406e+00
30 -5.8268e+00 1.5734e+01 -6.3122e+00 -7.7940e+00 1.8331e+01 -3.3196e+00 -7.6758e+00 1.7164e+01 -7.9434e+00 -9.7315e+00 1.4701e+01 2.6158e+00 -9.7438e+00 1.5097e+01 9.6046e-01 -8.7231e+00 1.7781e+01 8.0442e+00 -9.0602e+00 1.5160e+01 -4.9189e+00 -9.2811e+00 1.6597e+01 2.5885e+00 -8.5883e+00 1.5913e+01 2.5285e+00 -7.9566e+00 1.9359e+01 5.6477e+00 -7.7597e+00 1.6011e+01 -1.1925e+00 -9.6596e+00 1.8852e+01 8.9817e+00 -9.4220e+00 1.7323e+01 -4.1407e+00 -6.8782e+00 1.4456e+01 -2.3124e+00 -2.1204e+01 -1.8017e+01 -1.5812e+01 -1.1193e+00 6.6484e+00 -1.4188e+01 -1.0849e+01 -1.3145e+01 -3.6288e+00 1.0303e+01 -2.0385e+01 -1.7149e+01 -1.7252e+01 -4.1330e+00 5.2616e+00 -2.0560e+01 -1.5665e+01 -1.7229e+01 -6.0061e+00 1.0064e+01 -1.2267e+01 -4.1810e+00 -2.0711e+01 1.9227e+00 8.5271e+00 -1.3016e+01 -1.5197e+01 8.8034e+00 -2.1872e+01 5.4093e+00 -9.5786e+00 -9.2462e+00 -1.6219e+01 1.4874e+01 -2.7802e+00 -2.0339e+01 -1.7565e+01 -1.8600e+01 3.1004e+00 1.7393e+00 3.2869e+00 2.3075e+00 -1.5600e+01 6.9865e+00 9.9374e+00 -1.7498e+01 -1.7229e+01 -2.0506e+01 2.7875e+00 9.6423e+00 -2.0263e+01 -1.5626e+01 -1.2856e+01 -8.6956e+00 1.3221e+01 -1.5357e+01 -1.7339e+01 -1.8609e+01 -5.6245e+00 1.1014e+01 -1.3999e+01 -1.5698e+01 -2.0396e+01 -1.3477e+00 8.2319e+00
31 -9.2670e+00 1.6821e+01 -4.2806e+00 -7.5825e+00 1.7670e+01 1.8737e+00 7.4883e-01 1.9378e+01 -4.8759e+00 -7.7488e+00 1.9060e+01 1.6162e+00 -8.6222e+00 1.4425e+01 -1.3797e+00 -8.9969e+00 1.4219e+01 1.9562e+00 -6.0090e+00 -3.6818e+00 -5.1375e+00 -8.6970e+00 1.6292e+01 2.5261e+00 -9.7141e+00 1.8395e+01 1.3040e+00 -8.1519e+00 1.7439e+01 4.2785e+00 -9.2193e+00 1.8566e+01 -1.6791e+00 -7.4603e+00 1.8218e+01 5.0071e+00 -7.7223e+00 1.6087e+01 -3.5317e+00 -8.8977e+00 1.8847e+01 -1.6109e+00 -1.5264e+01 -1.6522e+01 -1.0495e+01 -2.7792e+00 4.9870e+00 -1.9727e+01 -2.0999e+01 -1.8476e+01 2.3253e+00 4.6512e-01 -1.8183e+01 -1.6743e+01 -1.3541e+01 1.8475e+00 3.5040e+00 -1.7482e+01 -1.5734e+01 -1.9970e+01 -2.0012e-01 3.6395e+00 -1.5622e+01 -1.5885e+01 -2.0209e+01 5.7873e+00 8.0718e+00 -1.8337e+01 -1.1505e+01 -7.7620e+00 -1.7889e+01 1.2424e+00 -9.5823e+00 -1.7261e+01 -1.9875e+01 1.6308e+01 -6.3794e+00 -1.3411e+01 -1.2224e+01 -1.8114e+01 -5.1140e+00 1.1920e+01 8.0962e+00 8.0982e+00 -1.3056e+01 -9.4500e-01 5.7680e+00 -1.8913e+01 -1.7201e+01 -1.5607e+01 5.4407e-01 8.5483e+00 -1.5903e+01 -1.1516e+01 -2.0410e+01 4.3592e+00 8.8449e+00 -1.9913e+01 -1.6955e+01 -1.6160e+01 -2.9659e+00 6.7604e+00 -1.6894e+01 -1.8753e+01 -1.6494e+01 -2.5179e-01 3.7518e+00
32 -8.7765e+00 1.9085e+01 -8.4271e+00 -9.4417e+00 1.7480e+01 2.9390e+00 -8.5036e+00 1.7852e+01 -4.7006e+00 -7.5397e+00 1.7066e+01 -7.6019e-01 -5.5391e+00 1.5357e+01 -4.7395e+00 -5.6142e+00 1.7366e+01 -1.7877e+00 -9.7525e+00 1.5984e+01 -5.7191e+00 -7.0147e+00 1.3178e+01 -2.1719e+00 -9.7549e+00 1.8960e+01 4.5987e+00 -9.6145e+00 1.7373e+01 -7.3871e-01 -9.3341e+00 1.7280e+01 1.4021e+00 -6.8935e+00 1.4070e+01 4.2169e+00 -5.1467e+00 1.2725e+01 -2.1230e+00 -8.5311e+00 1.9484e+01 -1.9311e-01 -1.8505e+01 -1.8595e+01 -1.6038e+01 -1.1035e+01 1.3025e+01 -1.5579e+01 -1.3675e+01 -1.6273e+01 -3.2680e+00 5.1873e+00 -1.7928e+01 -1.4579e+01 -1.6372e+01 -1.7678e+00 9.6431e+00 -1.9808e+01 -1.7341e+01 -1.3478e+01 -3.7341e+00 6.8165e+00 -9.0803e+00 -8.5562e+00 -1.9961e+01 8.6253e+00 -2.4832e+00 -1.6125e+01 -1.3058e+01 1.1350e+01 -2.0256e+01 -1.3231e+00 -1.3764e+01 -8.3753e+00 -1.7365e+01 9.5198e+00 3.3750e+00 -1.8635e+01 -1.6321e+01 -1.5982e+01 2.2992e+00 4.5723e-01 5.2171e+00 2.4413e+00 -1.4532e+01 6.8669e+00 1.5448e+00 -1.9112e+01 -1.3594e+01 -1.9747e+01 5.3171e-02 1.0715e+01 -1.9512e+01 -1.7275e+01 -1.5102e+01 -1.2086e+00 5.6840e+00 -2.2049e+01 -1.4688e+01 -1.5073e+01 3.1160e+00 1.8761e+00 -1.1942e+01 -1.0834e+01 -1.5510e+01 7.4172e-01 6.2523e+00
