frame G1:C1-C2 G1:C3-C4 G1:C1-CC G2:C1-C2 G2:C3-C4 G2:C1-CC C3:C1-C2 C3:C3-C4 C3:C1-CC A4:C1-C2 A4:C3-C4 A4:C1-CC C5:C1-C2 C5:C3-C4 C5:C1-CC G6:C1-C2 G6:C3-C4 G6:C1-CC A7:C1-C2 A7:C3-C4 A7:C1-CC A8:C1-C2 A8:C3-C4 A8:C1-CC G9:C1-C2 G9:C3-C4 G9:C1-CC G10:C1-C2 G10:C3-C4 G10:C1-CC U11:C1-C2 U11:C3-C4 U11:C1-CC G12:C1-C2 G12:C3-C4 G12:C1-CC C13:C1-C2 C13:C3-C4 C13:C1-CC C14:C1-C2 C14:C3-C4 C14:C1-CC G1:C4p-P-plus G1:C3p-P-plus G2:C4p-P G2:C5p-P G2:C5s-P G2:C4p-P-plus G2:C3p-P-plus C3:C4p-P C3:C5p-P C3:C5s-P C3:C4p-P-plus C3:C3p-P-plus A4:C4p-P A4:C5p-P A4:C5s-P A4:C4p-P-plus A4:C3p-P-plus C5:C4p-P C5:C5p-P C5:C5s-P C5:C4p-P-plus C5:C3p-P-plus G6:C4p-P G6:C5p-P G6:C5s-P G6:C4p-P-plus G6:C3p-P-plus A7:C4p-P A7:C5p-P A7:C5s-P A7:C4p-P-plus A7:C3p-P-plus A8:C4p-P A8:C5p-P A8:C5s-P A8:C4p-P-plus A8:C3p-P-plus G9:C4p-P G9:C5p-P G9:C5s-P G9:C4p-P-plus G9:C3p-P-plus G10:C4p-P G10:C5p-P G10:C5s-P G10:C4p-P-plus G10:C3p-P-plus U11:C4p-P U11:C5p-P U11:C5s-P U11:C4p-P-plus U11:C3p-P-plus G12:C4p-P G12:C5p-P G12:C5s-P G12:C4p-P-plus G12:C3p-P-plus C13:C4p-P C13:C5p-P C13:C5s-P C13:C4p-P-plus C13:C3p-P-plus C14:C4p-P C14:C5p-P C14:C5s-P
0 -9.6526e+00 1.8597e+01 -1.3430e+00 -8.4762e+00 1.4222e+01 2.1994e-01 -9.7546e+00 1.6895e+01 4.3065e+00 -8.0005e+00 1.5149e+01 9.5680e+00 -8.3777e+00 1.8837e+01 2.0580e+00 -7.5845e+00 1.9410e+01 7.8853e-01 1.8142e+01 -7.3048e+00 7.7580e+00 -9.4382e+00 7.1843e+00 7.3197e+00 -8.8805e+00 1.6816e+01 7.7204e+00 1.8394e+01 -9.0950e+00 3.0126e-01 1.9153e+01 -4.8659e+00 1.6714e+00 -6.4768e+00 1.5254e+01 -1.2656e+00 -9.7354e+00 1.6631e+01 9.6612e-01 -4.4148e+00 1.8204e+01 -3.9531e-01 -1.8373e+01 -2.0451e+01 -2.1966e+01 -6.2411e+00 1.2340e+01 -1.9132e+01 -1.6962e+01 -1.5408e+01 -4.3764e+00 1.0886e+01 -1.5390e+01 -1.3148e+01 -9.4344e+00 -7.4794e+00 7.7565e+00 -1.9398e+01 -1.2677e+01 -2.0321e+01 1.1917e+01 -2.2048e+00 -1.8128e+01 -1.7030e+01 -1.3820e+01 -7.0983e+00 5.4841e+00 -1.7156e+01 -1.6014e+01 -2.3783e+00 -2.2169e+01 2.3988e-01 1.3383e+01 -4.9502e+00 1.4233e+00 8.5542e+00 -1.5454e+01 3.3206e+00 -1.2248e+00 7.7470e+00 5.2432e+00 -2.0498e+01 -1.5131e+01 -6.4193e+00 -1.7740e+01 -1.2909e+01 1.4422e+01 -1.6351e+01 5.9377e+00 -1.7576e+01 -7.1938e-01 1.2500e+01 -1.5906e+01 5.4020e+00 -1.2618e+01 1.2847e+01 -6.3666e+00 -1.4638e+01 -1.4854e+01 -2.0310e+01 -7.6685e+00 9.4908e+00 -1.6939e+01 -2.0562e+01 -1.1472e+01 4.1359e+00 -4.6099e-02
1 -8.8217e+00 1.6859e+01 -4.8325e+00 -9.5807e+00 1.6272e+01 -3.6926e+00 -9.4089e+00 1.8861e+01 -2.6464e+00 -7.6443e+00 1.8210e+01 2.8741e+00 -8.4150e+00 1.9441e+01 5.3762e+00 -6.4229e+00 1.7670e+01 4.9625e+00 1.9106e+01 -4.2159e+00 2.4468e+00 1.3787e+01 -7.9129e+00 2.4162e-01 -9.0093e+00 1.7076e+01 4.7053e+00 1.4577e+01 -9.2963e+00 -4.4635e+00 1.7516e+01 -4.7342e+00 -3.8950e+00 -4.1537e+00 1.3595e+01 8.8080e+00 -8.8407e+00 1.8330e+01 1.7257e-01 1.7714e+00 8.5088e+00 -1.8401e-01 -1.5544e+01 -1.6803e+01 -1.7227e+01 -2.1279e+00 7.0273e+00 -7.8111e+00 -1.3199e+01 -1.9095e+01 1.7113e+00 8.9973e+00 -2.0317e+01 -1.8726e+01 -1.7032e+01 -8.7571e+00 1.2243e+01 -1.6118e+01 -1.3395e+01 -1.0963e+01 2.1975e+00 2.9224e+00 -8.7045e+00 -8.8283e+00 -5.1990e+00 -1.1653e+01 9.5132e+00 -2.1743e+01 -1.7399e+01 -1.3679e+01 7.2100e+00 -9.3985e+00 -1.8292e+01 -9.6975e-01 -1.2320e+01 9.3763e+00 -6.9243e+00 1.6267e+01 4.7046e-01 -1.9056e+01 2.7441e+00 2.5344e+00 -1.7895e+01 -1.0771e+01 -1.7911e+01 2.9126e+00 5.1434e+00 -1.9528e+01 4.3803e+00 -2.0233e+01 -1.0915e+01 1.3989e+01 -1.7283e+01 3.8826e+00 -1.9878e+01 3.0531e+00 6.5842e+00 -1.6152e+01 -1.5146e+01 -2.0173e+01 3.0217e+00 6.6380e+00 -2.0850e+01 -1.7646e+01 -1.0758e+01 -7.4874e+00 5.4949e+00
2 -2.9622e+00 1.9141e+01 -1.9685e+00 -7.4106e+00 1.5549e+01 3.7518e+00 -6.4144e+00 1.6600e+01 -2.7700e+00 -8.2045e+00 1.7679e+01 -1.4452e+00 -3.3617e-01 1.7523e+01 -2.0020e+00 -6.4651e+00 1.8339e+01 6.7558e+00 -4.6386e+00 1.4786e+01 1.6440e+01 6.8800e+00 -8.5849e+00 -4.8621e+00 2.6133e-01 1.7639e+01 6.4617e+00 1.6398e+01 -8.4837e+00 -3.3191e-01 1.8761e+01 -6.8384e+00 1.8819e+00 -9.7158e+00 1.6684e+01 7.9592e+00 -5.4555e+00 1.6006e+01 -1.4004e+00 -5.6128e+00 1.7843e+01 1.9865e+00 -2.1651e+01 -2.0246e+01 -1.9881e+01 6.6623e+00 3.1523e+00 -1.9213e+01 -1.7696e+01 -2.0859e+01 1.9472e+00 4.1035e+00 -1.9534e+01 -1.3743e+01 -1.7027e+01 -9.9835e+00 1.3668e+01 -1.7575e+01 -1.3565e+01 -1.4261e+01 -2.2093e+00 9.4903e+00 -1.8259e+01 -1.2975e+01 -8.9964e+00 -1.2127e+01 1.2842e+01 -1.3193e+01 -1.5223e+01 -1.7408e+01 -2.7437e+00 1.5141e+01 -1.4575e+01 -6.1475e+00 -2.0739e+01 -7.8376e+00 1.2675e+01 -1.5645e+01 -2.3874e+00 -1.2818e+01 -7.6810e-01 4.7308e+00 -1.7359e+00 3.8928e+00 -1.0667e+01 2.8353e+00 1.0291e+01 -2.1251e+01 4.6229e-01 -1.8691e+01 1.0173e+00 1.1073e+01 -1.2537e+01 4.3448e+00 -1.4842e+01 1.3294e+01 -5.9438e+00 -1.3969e+01 -1.6334e+01 -2.1063e+01 -7.6629e+00 1.3498e+01 -1.3896e+01 -1.9946e+01 -1.5958e+01 1.9563e-01 6.5401e+00
3 -9.4549e+00 1.9249e+01 -1.2810e+00 -9.4875e+00 1.4365e+01 -1.7203e+00 -8.5205e+00 1.7493e+01 -2.4092e+00 -8.2679e+00 1.2568e+01 -7.1976e-01 1.7223e+01 -8.7774e+00 5.3990e+00 -1.9858e+00 1.8843e+01 7.8315e+00 -7.1259e+00 1.9092e+01 1.6877e+01 1.8863e+01 -9.1314e+00 5.8336e+00 -9.7508e+00 1.9466e+01 8.5833e+00 1.2369e+01 -8.6291e+00 -5.5232e+00 1.8788e+01 -8.4621e+00 1.2630e+00 -7.5366e+00 1.8913e+01 -4.0463e+00 -6.2959e+00 1.9417e+01 -2.7278e+00 -2.5632e+00 1.3074e+01 -3.2290e-01 -1.9958e+01 -1.7832e+01 -2.1696e+01 -3.6944e+00 1.1917e+01 -1.3684e+01 -1.5140e+01 -1.9580e+01 1.0315e+00 1.0583e+01 -2.2015e+01 -2.0699e+01 -1.9216e+01 1.2002e+00 8.7762e+00 -2.0080e+01 -1.5876e+01 -1.4551e+01 -5.6347e+00 7.9163e+00 -1.1473e+01 -1.0346e+01 -1.8127e+01 -1.0707e+01 1.2196e+01 -1.9500e+01 -1.7566e+01 -1.6485e+00 -1.8336e+01 -1.1644e-01 -1.0623e+00 -2.8610e+00 -1.1799e+01 -1.3997e+01 1.2845e+01 -9.9738e+00 -4.0259e+00 -1.7140e+01 -1.6274e+00 3.7686e+00 -9.1071e+00 -7.8458e+00 -1.4865e+01 -3.6822e+00 1.2487e+01 -1.1713e+01 -8.7137e+00 -2.1029e+01 8.6113e+00 9.9247e-01 -4.6636e+00 5.0799e+00 -1.5832e+01 5.3869e+00 2.4769e+00 -1.5765e+01 -1.7371e+01 -1.6379e+01 -1.2775e+01 1.4365e+01 -1.6947e+01 -1.7293e+01 -9.3779e+00 -7.1023e+00 4.1814e+00
4 -1.6036e+00 1.6246e+01 -3.2184e+00 -6.3991e+00 1.4691e+01 -8.6887e+00 -9.4553e+00 1.7900e+01 -2.5993e+00 -8.0893e+00 1.9439e+01 4.5463e+00 -4.6989e+00 1.4645e+01 6.1317e+00 -9.6657e+00 9.2680e+00 1.4011e+01 1.7975e+01 -7.1829e+00 4.9152e+00 1.3111e+01 -7.3700e+00 6.9124e+00 1.2499e+00 1.6947e+01 -1.1690e+00 1.9322e+01 -8.1387e+00 -7.7167e+00 1.9279e+01 1.7257e-01 3.4565e+00 -6.6409e+00 1.9003e+01 -1.8533e+00 -7.3144e+00 1.5727e+01 -3.5545e+00 -7.2792e+00 1.8757e+01 1.4485e+00 -2.1514e+01 -1.9544e+01 -2.0754e+01 -1.9622e+01 8.2576e+00 -1.9142e+01 -1.4382e+01 -1.4607e+01 -6.2401e+00 1.0076e+01 -1.8336e+01 -1.9215e+01 -1.5574e+01 -5.9056e+00 5.0857e+00 -1.5179e+01 -1.6470e+01 -1.7868e+01 -5.5452e-01 1.1067e+01 -2.0174e+01 -1.2668e+01 -1.4745e+01 -9.2065e+00 1.4808e+01 -2.2497e+01 -1.3114e+01 -2.5198e+00 9.6677e+00 -1.5712e+01 -1.7878e+01 5.7099e-01 -4.6132e+00 6.0487e+00 -1.1991e+01 4.0357e+00 -2.6372e+00 -1.7834e+01 -4.3648e+00 1.0710e+01 -1.7828e+01 -1.0314e+01 -1.2463e+01 -5.5237e+00 1.0330e+01 1.6233e+01 5.3404e+00 -1.8442e+01 1.7435e+01 -6.1893e+00 -1.5519e+01 3.8485e+00 -1.2564e+01 3.4190e+00 8.4277e+00 -1.4953e+01 -1.1100e+01 -2.0052e+01 -2.9272e+00 9.4378e+00 -4.6570e+00 -1.4240e+01 -1.8022e+01 -4.5157e+00 8.6494e+00
5 -9.7126e+00 1.5523e+01 -4.4481e+00 -8.6233e+00 1.8327e+01 -1.1085e+00 -9.1514e+00 1.9300e+01 -5.0703e+00 -9.0848e+00 1.7420e+01 -6.6352e-01 -8.3389e+00 1.6035e+01 3.6281e+00 1.9214e+01 -6.0814e+00 4.7084e+00 1.7363e+01 -8.9010e+00 -6.2323e+00 1.6057e+01 -5.5458e+00 8.1619e+00 -8.7678e+00 1.4942e+01 -3.7252e+00 1.7421e+01 -9.0020e+00 -7.6757e+00 1.8733e+01 -6.5844e+00 4.5216e+00 -9.2031e+00 1.6974e+01 9.1351e+00 -9.0154e+00 1.8870e+01 -2.8933e+00 -9.7508e+00 1.7996e+01 1.5495e+00 -1.6206e+01 -1.4525e+01 -1.4389e+01 -6.4809e+00 4.6473e+00 -1.5996e+01 -1.8917e+01 -1.4645e+01 -5.4420e+00 6.7632e+00 -2.0341e+01 -1.9352e+01 -1.5200e+01 4.6894e+00 4.3005e+00 -2.0811e+01 -1.4798e+01 -1.6926e+01 2.5904e-01 1.5308e-01 -1.2727e+01 -1.2067e+01 -1.4661e+01 -8.4525e+00 8.6749e+00 -2.7458e+00 -1.9432e+01 -7.3412e-01 -1.5874e+00 9.3916e+00 1.1367e+01 -5.5051e+00 -1.7344e+01 -7.4446e-01 7.2434e+00 1.3867e+00 -1.2204e+00 1.1916e+01 8.8436e+00 -1.0468e+01 -2.1843e+01 -1.5043e+01 -1.8431e+01 4.6119e+00 4.5960e+00 1.5976e+01 4.2548e+00 -4.8875e+00 7.2140e+00 -7.8257e+00 -2.2749e+01 3.9252e+00 -1.3654e+01 6.3027e-01 1.1546e+01 -2.1313e+01 -1.7291e+01 -2.0334e+01 -4.5608e+00 1.2454e+01 -1.0708e+01 -1.2880e+01 -1.8740e+01 -6.0187e+00 1.2106e+01
6 -6.2389e+00 1.6965e+01 -8.4659e+00 -9.7424e+00 1.8234e+01 5.8902e-01 -9.2104e+00 1.5092e+01 1.7780e+00 -9.7380e+00 1.5035e+01 1.0317e-02 -6.5852e+00 1.7113e+01 -5.7816e+00 -7.0155e+00 1.6970e+01 6.1765e+00 1.8850e+01 -7.9414e+00 -2.0553e+00 1.3853e+01 -1.2702e+00 -4.2700e+00 -5.2434e+00 1.8441e+01 7.5444e-01 1.7677e+01 -4.6926e+00 -7.5297e+00 1.8901e+01 -1.8595e+00 1.4049e+00 -2.1341e+00 1.8991e+01 -1.5354e+00 -7.2924e+00 1.6235e+01 1.0468e+00 1.8240e+01 -8.1725e+00 2.6844e+00 -1.3362e+01 -1.0120e+01 -1.8500e+01 5.3602e-01 9.0726e+00 -1.6051e+01 -1.1765e+01 -1.4261e+01 -6.9156e+00 1.0144e+01 -1.9084e+01 -1.7761e+01 -1.8151e+01 -7.3599e+00 8.1315e+00 -1.8668e+01 -8.2494e+00 -2.1480e+01 9.5908e+00 2.3981e+00 -1.8986e+01 -1.9096e+01 -1.0443e+01 -1.6087e+01 1.4066e+01 -2.0586e+01 -1.3891e+01 -2.6604e+00 1.3740e+01 -1.7221e+01 -7.0591e+00 -8.2791e+00 -1.0737e+01 1.2730e+01 -7.9147e+00 1.6502e+01 5.4246e+00 -1.6175e+01 1.5951e+00 -6.3332e+00 -1.6341e+01 -1.5290e+01 -1.6228e+01 -2.7366e+00 3.8461e+00 1.4201e+01 5.0396e+00 -1.1429e+01 1.3272e+01 -6.3707e+00 1.1526e+01 1.4045e+00 1.4948e+00 -2.5552e+00 9.2470e+00 -1.9916e+01 -1.9532e+01 -1.3919e+01 4.7632e+00 -2.8889e+00 -2.1774e+01 -1.8653e+01 -1.5107e+01 -1.8707e-01 8.5802e+00
7 -8.1457e+00 1.9026e+01 3.9950e+00 -9.7375e+00 1.7188e+01 -2.8440e+00 -8.2312e+00 1.7491e+01 -7.4956e+00 -8.0172e+00 1.7303e+01 5.7499e+00 -5.8268e+00 1.2926e+01 5.0157e+00 1.8412e+01 7.6903e+00 4.9208e+00 1.9507e+01 -3.0890e-01 5.2756e+00 1.7192e+01 -3.1470e+00 2.6793e-02 -8.5554e+00 1.7462e+01 1.5132e-02 1.7926e+01 -5.4905e+00 -6.3081e+00 1.9270e+01 -5.6542e+00 3.3288e+00 -9.7300e+00 1.8469e+01 2.2246e+00 -3.3545e+00 1.5163e+01 -3.8598e+00 -4.1909e+00 1.5990e+01 1.3248e-02 -1.4856e+01 -1.4618e+01 -1.7508e+01 -6.4149e+00 1.1372e+01 -1.9081e+01 -1.4121e+01 -1.1172e+01 -3.9052e+00 9.6460e+00 -1.9850e+01 -1.9746e+01 -1.2781e+01 -1.4724e+00 2.0752e+00 -2.1189e+01 -1.7468e+01 -1.8856e+01 -8.3269e+00 9.0610e+00 -6.4641e+00 -1.2678e+01 -1.3659e+01 -5.6123e+00 7.1918e+00 2.2504e+00 -5.5598e+00 -1.4034e+01 1.3760e+01 -1.6849e+01 2.0691e+00 -3.3956e+00 9.0721e+00 1.3411e+00 -1.1809e+01 8.2088e+00 -1.0594e+01 -2.0529e+01 -2.7215e+00 1.1429e+01 -1.1713e+01 -4.0932e+00 -1.0195e+01 -8.3567e+00 8.9213e+00 -2.2717e+01 2.4253e+00 -1.8545e+01 -9.7278e+00 1.6037e+01 -8.8323e+00 5.3094e+00 -1.9471e+01 1.5359e+01 -6.9878e+00 -1.7895e+01 -1.6630e+01 -1.7613e+01 -7.2964e+00 1.2522e+01 -1.3363e+01 -1.0275e+01 -1.4696e+01 2.0361e+00 3.9920e+00
8 -9.7532e+00 9.4214e+00 -6.1672e+00 -9.5783e+00 1.7615e+01 4.8712e+00 -9.5731e+00 1.9063e+01 -2.3130e+00 -6.7734e+00 1.9134e+01 2.9630e+00 -8.5136e+00 1.6802e+01 4.4809e+00 1.8132e+01 -8.0845e+00 8.2271e+00 1.8682e+01 -8.4366e+00 -1.1629e+00 1.8304e+01 -4.6788e+00 8.4214e+00 -7.7453e+00 1.8273e+01 -2.2597e+00 1.8702e+01 -7.3841e+00 -8.3424e+00 1.9301e+01 -4.9380e+00 -4.3618e-02 -9.5637e+00 1.9438e+01 3.1921e+00 -8.7522e+00 1.7969e+01 -2.9802e+00 -8.5728e+00 1.6509e+01 3.1500e+00 -2.6559e+00 -7.1703e+00 -1.7392e+01 -8.7417e+00 1.3355e+01 -1.2777e+01 -1.6690e+01 -1.5310e+01 -5.2232e+00 1.1368e+01 -2.1399e+01 -2.0297e+01 -1.4597e+01 1.7945e+00 1.6131e+00 -1.7437e+01 -1.5160e+01 -1.4941e+01 -2.3172e+00 8.2083e+00 -1.5142e+01 -1.5103e+01 -1.8254e+01 -7.8472e+00 6.6315e+00 -6.0587e-01 -1.0888e+01 -1.4294e+00 5.2263e+00 3.0863e+00 1.1597e+01 -1.8778e+01 -7.3711e+00 5.0870e+00 -9.5008e+00 1.1107e+01 -8.9241e-01 9.4526e+00 5.0859e+00 -7.9684e+00 -1.7470e+01 -1.2118e+01 -1.3502e+01 -2.9811e+00 6.9102e+00 1.6143e+01 5.1271e+00 -1.2290e+01 1.0534e+01 -3.2518e+00 -1.3375e+01 5.1184e+00 -1.4561e+01 -1.5415e-01 8.9338e+00 -1.0785e+01 -1.2400e+01 -1.6025e+01 -4.6076e+00 1.4063e+01 -2.1978e+01 -2.0011e+01 -1.5993e+01 -2.5467e+00 2.9044e+00
9 -9.0830e+00 1.5511e+01 -4.8501e+00 -9.4575e+00 1.7445e+01 -1.3581e+00 -9.5983e+00 1.7564e+01 1.1836e-01 -8.8617e+00 1.6096e+01 7.3435e+00 1.8526e+01 -7.9891e+00 2.1515e+00 -8.1422e+00 1.4668e+01 8.3706e+00 -7.8030e+00 1.6397e+01 1.5615e+01 -8.3721e+00 6.9909e+00 -1.0700e+00 -8.0297e+00 1.2630e+01 7.6501e+00 1.3000e+01 -9.4910e+00 2.4175e+00 1.9032e+01 -5.8277e-01 -4.5469e+00 -8.5610e+00 1.8635e+01 -3.7356e+00 -9.0450e+00 1.6573e+01 -2.5452e+00 8.6631e+00 1.0140e+01 1.7668e+00 -1.3818e+01 -1.5714e+01 -2.0807e+01 4.9945e-01 6.6910e+00 -1.2236e+01 -1.2001e+01 -1.5859e+01 -4.0606e+00 7.0446e+00 -1.7974e+01 -1.5282e+01 -2.0211e+01 -5.8470e+00 8.6025e+00 -2.0809e+01 -1.3342e+01 -1.2701e+01 -2.5055e+00 8.3662e+00 -1.2242e+01 -1.0900e+01 -2.0686e+01 5.7176e+00 -2.1130e+00 -9.6498e-01 -7.1476e+00 -8.5385e+00 -6.2514e+00 1.1724e+01 -9.5533e+00 -3.5609e+00 -1.4818e+01 -1.2174e+01 1.1012e+01 -2.0806e+01 -1.1267e+01 -1.8903e+01 -7.8470e+00 1.3625e+01 -1.8694e+01 -5.9204e+00 -1.3686e+01 -3.5380e+00 1.0425e+01 -1.3415e+01 -4.0001e+00 -1.7455e+01 -4.4774e+00 9.9722e+00 -8.6230e+00 5.1448e+00 -1.6836e+01 1.5889e+01 -9.6944e+00 -2.1842e+01 -1.8801e+01 -1.7413e+01 -1.2734e+00 7.1308e+00 -1.1839e+01 -1.8362e+01 -1.6707e+01 -7.7094e+00 1.2171e+01
10 -9.4889e+00 1.4664e+01 -6.9209e+00 -9.6430e+00 1.4230e+01 -5.7317e+00 -9.1302e+00 1.8720e+01 -3.7001e+00 -9.7056e+00 1.9222e+01 4.2061e+00 -7.1339e+00 1.7791e+01 -1.4937e+00 -9.0271e+00 1.9348e+01 8.2360e+00 1.7816e+01 -5.5178e+00 1.8687e+01 -7.8492e+00 7.5117e+00 7.3055e+00 -7.3105e+00 1.7966e+01 1.6209e+00 1.7535e+01 -6.8517e+00 -3.9524e+00 1.8500e+01 3.1541e-03 -5.0138e-01 -9.4661e+00 1.8624e+01 1.1038e+00 -8.8987e+00 1.7357e+01 2.4610e+00 -2.1910e+00 1.8948e+01 -2.7181e+00 -1.6725e+01 -1.0132e+01 -1.5053e+01 -1.3562e+01 1.5770e+01 -1.2240e+01 -1.3638e+01 -1.8939e+01 -4.9725e+00 8.5633e+00 -1.5285e+01 -1.4106e+01 -1.7460e+01 2.5508e+00 8.6096e+00 -1.6044e+01 -1.3867e+01 -1.2258e+01 9.5417e+00 -7.0981e-01 -1.4069e+01 -6.7557e+00 -1.1200e+01 -9.5779e+00 1.2620e+01 -1.5358e+01 -1.3885e+01 2.0864e+00 1.2494e+01 -2.0627e+01 2.7372e-01 -1.4760e+01 4.3074e+00 5.9546e+00 -2.1821e+01 5.6127e-01 -2.9103e+00 2.8492e+00 5.7053e+00 -1.3344e+01 -1.2978e+01 -1.0640e+01 -1.1192e+01 -3.0768e+00 1.2892e+01 -1.7144e+01 -8.0637e+00 -2.0504e+01 -1.0253e+00 7.2491e+00 7.8452e+00 3.9605e-01 5.4407e+00 -5.9648e+00 1.1756e+01 -1.6183e+01 -1.2199e+01 -1.2411e+01 -9.7636e+00 9.4922e+00 -6.8868e+00 -7.8672e+00 -1.5367e+01 -1.4693e+00 4.2071e+00
11 -8.8601e+00 1.1750e+01 -7.1837e+00 -9.1204e+00 1.4608e+01 2.8984e-01 -9.2057e+00 1.8153e+01 1.3598e+00 -7.9355e+00 1.8641e+01 7.1736e-01 1.4673e+01 -9.0646e+00 4.8385e+00 -5.6667e+00 1.4613e+01 1.6655e+00 1.7851e+01 -7.1040e+00 -8.6055e+00 -7.6339e+00 8.7825e+00 -5.5376e-01 -9.7241e+00 1.8014e+01 -4.6033e+00 1.0712e+01 -7.1761e+00 -6.0784e-02 1.9006e+01 -6.6862e+00 1.6171e+00 -9.7268e+00 1.9254e+01 -5.5563e-01 -8.3877e+00 1.7578e+01 -5.8134e+00 -9.2342e+00 1.6850e+01 -5.5303e+00 -1.3871e+01 -1.1665e+01 -1.8319e+01 -9.6863e+00 1.4150e+01 -1.8384e+01 -1.4743e+01 -1.8894e+01 5.4991e+00 1.8771e+00 -1.8526e+01 -1.8544e+01 -1.3339e+01 -2.5097e+00 5.3094e+00 -1.8056e+01 -1.5491e+01 -1.9181e+01 -2.1237e+00 1.0337e+01 -1.5515e+01 -3.9029e+00 -1.4742e+01 -6.5908e+00 1.1481e+01 -1.8562e+01 -8.4132e+00 4.0105e+00 1.3683e+01 -1.7445e+01 4.5175e+00 -1.2756e+01 -1.0426e+01 7.6146e+00 -7.6989e+00 9.0573e+00 4.7354e+00 -9.4193e+00 -2.6995e+00 3.8895e+00 -1.4366e+01 -8.5025e+00 -1.0197e+01 -5.1920e+00 1.4024e+01 -2.2773e+01 3.6802e+00 -1.4913e+01 -7.0759e+00 1.6043e+01 -1.0625e+01 4.2220e+00 -1.1060e+01 7.5332e+00 -2.5368e+00 -1.2005e+01 -1.2645e+01 -1.2537e+01 -1.2857e+01 1.4922e+01 -1.3571e+01 -1.5666e+01 -1.8522e+01 3.7768e-01 9.3050e+00
12 -9.0166e+00 9.6527e+00 -8.1549e+00 -7.0106e+00 1.8971e+01 -1.9406e+00 -9.7542e+00 1.8720e+01 -1.4949e+00 -6.3669e+00 1.7480e+01 3.5563e+00 -6.4379e+00 1.8017e+01 2.4623e+00 1.9143e+01 -8.9033e+00 6.5464e+00 1.9351e+01 -9.6533e+00 -8.4809e+00 1.7486e+01 -8.0227e+00 -1.0284e+00 -5.4289e+00 1.7252e+01 2.5528e-01 1.8708e+01 -5.6436e+00 -8.3489e+00 1.8347e+01 5.5805e-01 5.4949e+00 2.7688e-01 1.8861e+01 9.0231e+00 -9.6522e+00 1.9430e+01 2.1848e+00 -7.2213e+00 1.6651e+01 5.3788e-01 -6.2746e+00 -1.4737e+01 -1.6560e+01 1.1004e+00 8.6466e+00 -1.7843e+01 -1.3987e+01 -1.4516e+01 6.7533e-01 4.2629e+00 -1.7860e+01 -1.5531e+01 -1.6057e+01 -7.0538e+00 7.8256e+00 -1.9766e+01 -1.4974e+01 -1.4660e+01 -2.8030e+00 1.0132e+01 -1.6249e+01 -1.3390e+01 -1.2122e+01 -1.3453e+01 1.1041e+01 6.5839e+00 -1.9794e+01 1.9347e+00 5.7991e+00 -1.6155e+00 7.9976e+00 -1.4074e+01 -1.9085e+01 2.3400e+00 6.0260e+00 -2.0094e+00 -4.5285e+00 -4.6862e+00 -5.1824e+00 5.5097e+00 -1.2587e+01 -1.5498e+01 -1.3508e+01 3.2242e+00 -2.3988e-01 1.4893e+01 5.2316e+00 -1.0018e+01 1.7328e+01 -1.2763e+01 -2.1279e+01 -1.0605e+01 -1.9229e+01 4.0815e+00 5.8217e+00 -1.5740e+01 -1.1872e+01 -1.9598e+01 8.6803e+00 -8.4764e+00 -1.1944e+01 -1.2469e+01 -1.4042e+01 -1.3386e+01 1.3514e+01
13 -9.3668e+00 1.2596e+01 -5.4103e+00 -6.5085e+00 1.3363e+01 -3.8648e+00 -8.3492e+00 1.9313e+01 -1.6354e+00 -5.3393e+00 1.9248e+01 -1.6239e+00 1.4720e+01 2.2074e-01 -3.7269e+00 -6.9184e+00 8.9077e+00 1.4079e+01 1.4637e+01 -9.7512e+00 6.1032e+00 1.3872e+01 -7.7980e+00 2.9915e+00 -3.2352e+00 1.8227e+01 5.1902e+00 1.3248e+01 -6.9864e+00 4.7448e+00 1.7786e+01 -7.7683e+00 -3.9326e+00 -3.5914e+00 1.5631e+01 -1.9398e+00 -8.3949e+00 1.3820e+01 -2.4457e+00 -3.8406e+00 1.3499e+01 -8.6011e-01 -1.3351e+01 -1.6241e+01 -1.4188e+01 -1.1565e+01 1.2290e+01 -1.8668e+01 -1.4567e+01 -1.5546e+01 -2.9442e-01 8.7397e+00 -1.6999e+01 -1.8178e+01 -1.5558e+01 -1.5342e+00 1.8842e+00 -1.9605e+01 -1.7597e+01 -1.8115e+01 -2.7436e+00 1.0913e+01 -2.1627e+01 -9.1826e+00 -1.2328e+01 -9.9847e+00 1.3092e+01 -2.2560e+01 -1.3160e+01 -1.7174e+01 -1.3789e+01 -8.5426e+00 -8.5428e+00 9.8476e-01 1.4954e+01 5.2405e+00 -1.1511e+01 1.4297e+01 -6.9431e+00 -1.1468e+01 -3.4901e+00 6.3430e+00 -1.0619e+01 -5.1975e+00 -1.0509e+01 -4.1470e+00 9.4108e+00 -2.0295e+01 -1.1701e+00 -1.9807e+01 -6.3454e+00 1.3262e+01 -1.9412e+01 5.5502e+00 -1.9289e+01 4.0701e+00 2.6349e+00 -6.9958e+00 -5.9778e+00 -2.1335e+01 3.8796e+00 4.2707e+00 -2.1915e+01 -1.5545e+01 -1.8158e+01 -8.9896e-01 3.2329e+00
14 -9.3371e+00 1.8774e+01 -3.9988e+00 -8.2119e+00 1.8698e+01 3.4288e-01 -3.9734e+00 1.5542e+01 -5.8934e+00 -7.9725e+00 1.1690e+01 7.7536e+00 -6.1106e+00 1.6755e+01 -2.9832e+00 1.8425e+01 -5.0975e+00 -6.2527e+00 1.7417e+01 -9.0653e+00 -3.2870e+00 6.2034e+00 -9.6800e+00 3.0713e+00 -4.7474e+00 1.5672e+01 3.6927e+00 1.5612e+01 -9.5781e+00 3.3707e+00 1.9492e+01 -6.4980e+00 -5.9708e-01 -9.5443e+00 1.5677e+01 -7.8490e-02 -2.2217e+00 1.5817e+01 -4.3559e+00 6.5265e+00 1.3075e+01 2.4990e+00 -7.3827e+00 -8.8788e+00 -1.4680e+01 -4.2937e-01 1.3442e+01 -2.0771e+01 -1.9696e+01 -1.2623e+01 -9.8583e-01 3.9515e+00 -1.5261e+01 -4.8464e+00 -1.6846e+01 -1.1756e+01 8.9077e+00 -2.0357e+01 -1.9187e+01 -1.5678e+01 -2.7066e-02 6.5236e-01 -7.0686e+00 -6.7122e+00 -1.6602e+01 -9.6816e+00 6.8630e+00 1.6363e+01 5.7494e+00 -1.1109e+01 6.7840e+00 -1.9501e+01 -1.8239e+01 6.0108e+00 -4.3564e+00 6.5731e+00 -1.1539e+01 1.1426e+01 -1.3308e+01 -1.5352e+01 -4.9295e+00 3.2583e+00 -1.4143e+01 -3.0501e+00 -1.4746e+01 -1.3145e+01 1.2771e+01 -1.5549e+01 -7.6617e-01 -1.8680e+01 -2.5795e+00 1.2151e+01 -8.9660e+00 3.1427e+00 -1.4940e+01 7.1774e+00 4.5473e+00 -2.1630e+01 -2.0662e+01 -1.5841e+01 -7.1736e-01 8.8852e-01 -1.8398e+01 -1.8219e+01 -1.6575e+01 -1.4457e+00 2.7844e+00
