frame G1:C1-C2 G1:C3-C4 G1:C1-CC G2:C1-C2 G2:C3-C4 G2:C1-CC C3:C1-C2 C3:C3-C4 C3:C1-CC A4:C1-C2 A4:C3-C4 A4:C1-CC C5:C1-C2 C5:C3-C4 C5:C1-CC G6:C1-C2 G6:C3-C4 G6:C1-CC A7:C1-C2 A7:C3-C4 A7:C1-CC A8:C1-C2 A8:C3-C4 A8:C1-CC G9:C1-C2 G9:C3-C4 G9:C1-CC G10:C1-C2 G10:C3-C4 G10:C1-CC U11:C1-C2 U11:C3-C4 U11:C1-CC G12:C1-C2 G12:C3-C4 G12:C1-CC C13:C1-C2 C13:C3-C4 C13:C1-CC C14:C1-C2 C14:C3-C4 C14:C1-CC G1:C4p-P-plus G1:C3p-P-plus G2:C4p-P G2:C5p-P G2:C5s-P G2:C4p-P-plus G2:C3p-P-plus C3:C4p-P C3:C5p-P C3:C5s-P C3:C4p-P-plus C3:C3p-P-plus A4:C4p-P A4:C5p-P A4:C5s-P A4:C4p-P-plus A4:C3p-P-plus C5:C4p-P C5:C5p-P C5:C5s-P C5:C4p-P-plus C5:C3p-P-plus G6:C4p-P G6:C5p-P G6:C5s-P G6:C4p-P-plus G6:C3p-P-plus A7:C4p-P A7:C5p-P A7:C5s-P A7:C4p-P-plus A7:C3p-P-plus A8:C4p-P A8:C5p-P A8:C5s-P A8:C4p-P-plus A8:C3p-P-plus G9:C4p-P G9:C5p-P G9:C5s-P G9:C4p-P-plus G9:C3p-P-plus G10:C4p-P G10:C5p-P G10:C5s-P G10:C4p-P-plus G10:C3p-P-plus U11:C4p-P U11:C5p-P U11:C5s-P U11:C4p-P-plus U11:C3p-P-plus G12:C4p-P G12:C5p-P G12:C5s-P G12:C4p-P-plus G12:C3p-P-plus C13:C4p-P C13:C5p-P C13:C5s-P C13:C4p-P-plus C13:C3p-P-plus C14:C4p-P C14:C5p-P C14:C5s-P
0 -9.6526e+00 1.8597e+01 -1.3430e+00 -8.4762e+00 1.4222e+01 2.1994e-01 -9.7546e+00 1.6895e+01 4.3065e+00 -8.0005e+00 1.5149e+01 9.5680e+00 -8.3777e+00 1.8837e+01 2.0580e+00 -7.5845e+00 1.9410e+01 7.8853e-01 1.8142e+01 -7.3048e+00 7.7580e+00 -9.4382e+00 7.1843e+00 7.3197e+00 -8.8805e+00 1.6816e+01 7.7204e+00 1.8394e+01 -9.0950e+00 3.0126e-01 1.9153e+01 -4.8659e+00 1.6714e+00 -6.4768e+00 1.5254e+01 -1.2656e+00 -9.7354e+00 1.6631e+01 9.6612e-01 -4.4148e+00 1.8204e+01 -3.9531e-01 -2.1437e+01 -2.3861e+01 -2.5629e+01 -7.2821e+00 1.4398e+01 -2.2324e+01 -1.9791e+01 -1.7978e+01 -5.1063e+00 1.2702e+01 -1.7956e+01 -1.5341e+01 -1.1008e+01 -8.7269e+00 9.0502e+00 -2.2633e+01 -1.4792e+01 -2.3710e+01 1.3905e+01 -2.5725e+00 -2.1151e+01 -1.9870e+01 -1.6125e+01 -8.2821e+00 6.3988e+00 -2.0017e+01 -1.8684e+01 -2.7749e+00 -2.5867e+01 2.7989e-01 1.5615e+01 -5.7758e+00 1.6607e+00 9.9809e+00 -1.8032e+01 3.8744e+00 -1.4290e+00 9.0391e+00 6.1177e+00 -2.3917e+01 -1.7654e+01 -7.4899e+00 -2.0699e+01 -1.5062e+01 1.6827e+01 -1.9078e+01 6.9280e+00 -2.0507e+01 -8.3936e-01 1.4585e+01 -1.8559e+01 6.3029e+00 -1.4722e+01 1.4990e+01 -7.4285e+00 -1.7080e+01 -1.7332e+01 -2.3698e+01 -8.9475e+00 1.1074e+01 -1.9764e+01 -2.3992e+01 -1.3385e+01 4.8257e+00 -5.3788e-02
1 -8.8217e+00 1.6859e+01 -4.8325e+00 -9.5807e+00 1.6272e+01 -3.6926e+00 -9.4089e+00 1.8861e+01 -2.6464e+00 -7.6443e+00 1.8210e+01 2.8741e+00 -8.4150e+00 1.9441e+01 5.3762e+00 -6.4229e+00 1.7670e+01 4.9625e+00 1.9106e+01 -4.2159e+00 2.4468e+00 1.3787e+01 -7.9129e+00 2.4162e-01 -9.0093e+00 1.7076e+01 4.7053e+00 1.4577e+01 -9.2963e+00 -4.4635e+00 1.7516e+01 -4.7342e+00 -3.8950e+00 -4.1537e+00 1.3595e+01 8.8080e+00 -8.8407e+00 1.8330e+01 1.7257e-01 1.7714e+00 8.5088e+00 -1.8401e-01 -1.8137e+01 -1.9606e+01 -2.0100e+01 -2.4828e+00 8.1994e+00 -9.1139e+00 -1.5401e+01 -2.2280e+01 1.9968e+00 1.0498e+01 -2.3705e+01 -2.1850e+01 -1.9873e+01 -1.0218e+01 1.4285e+01 -1.8806e+01 -1.5629e+01 -1.2791e+01 2.5640e+00 3.4098e+00 -1.0156e+01 -1.0301e+01 -6.0662e+00 -1.3596e+01 1.1100e+01 -2.5369e+01 -2.0301e+01 -1.5960e+01 8.4125e+00 -1.0966e+01 -2.1343e+01 -1.1315e+00 -1.4374e+01 1.0940e+01 -8.0792e+00 1.8980e+01 5.4893e-01 -2.2235e+01 3.2017e+00 2.9570e+00 -2.0880e+01 -1.2568e+01 -2.0899e+01 3.3983e+00 6.0013e+00 -2.2785e+01 5.1109e+00 -2.3607e+01 -1.2736e+01 1.6323e+01 -2.0165e+01 4.5301e+00 -2.3193e+01 3.5623e+00 7.6824e+00 -1.8846e+01 -1.7672e+01 -2.3538e+01 3.5257e+00 7.7451e+00 -2.4328e+01 -2.0589e+01 -1.2552e+01 -8.7362e+00 6.4113e+00
2 -2.9622e+00 1.9141e+01 -1.9685e+00 -7.4106e+00 1.5549e+01 3.7518e+00 -6.4144e+00 1.6600e+01 -2.7700e+00 -8.2045e+00 1.7679e+01 -1.4452e+00 -3.3617e-01 1.7523e+01 -2.0020e+00 -6.4651e+00 1.8339e+01 6.7558e+00 -4.6386e+00 1.4786e+01 1.6440e+01 6.8800e+00 -8.5849e+00 -4.8621e+00 2.6133e-01 1.7639e+01 6.4617e+00 1.6398e+01 -8.4837e+00 -3.3191e-01 1.8761e+01 -6.8384e+00 1.8819e+00 -9.7158e+00 1.6684e+01 7.9592e+00 -5.4555e+00 1.6006e+01 -1.4004e+00 -5.6128e+00 1.7843e+01 1.9865e+00 -2.5263e+01 -2.3623e+01 -2.3197e+01 7.7734e+00 3.6780e+00 -2.2418e+01 -2.0648e+01 -2.4337e+01 2.2720e+00 4.7880e+00 -2.2792e+01 -1.6035e+01 -1.9867e+01 -1.1649e+01 1.5948e+01 -2.0506e+01 -1.5827e+01 -1.6639e+01 -2.5778e+00 1.1073e+01 -2.1304e+01 -1.5139e+01 -1.0497e+01 -1.4149e+01 1.4984e+01 -1.5394e+01 -1.7763e+01 -2.0311e+01 -3.2013e+00 1.7666e+01 -1.7006e+01 -7.1728e+00 -2.4198e+01 -9.1448e+00 1.4789e+01 -1.8255e+01 -2.7856e+00 -1.4955e+01 -8.9620e-01 5.5199e+00 -2.0255e+00 4.5421e+00 -1.2446e+01 3.3082e+00 1.2007e+01 -2.4795e+01 5.3939e-01 -2.1809e+01 1.1870e+00 1.2920e+01 -1.4628e+01 5.0694e+00 -1.7317e+01 1.5511e+01 -6.9351e+00 -1.6299e+01 -1.9059e+01 -2.4576e+01 -8.9409e+00 1.5750e+01 -1.6213e+01 -2.3273e+01 -1.8620e+01 2.2825e-01 7.6309e+00
3 -9.4549e+00 1.9249e+01 -1.2810e+00 -9.4875e+00 1.4365e+01 -1.7203e+00 -8.5205e+00 1.7493e+01 -2.4092e+00 -8.2679e+00 1.2568e+01 -7.1976e-01 1.7223e+01 -8.7774e+00 5.3990e+00 -1.9858e+00 1.8843e+01 7.8315e+00 -7.1259e+00 1.9092e+01 1.6877e+01 1.8863e+01 -9.1314e+00 5.8336e+00 -9.7508e+00 1.9466e+01 8.5833e+00 1.2369e+01 -8.6291e+00 -5.5232e+00 1.8788e+01 -8.4621e+00 1.2630e+00 -7.5366e+00 1.8913e+01 -4.0463e+00 -6.2959e+00 1.9417e+01 -2.7278e+00 -2.5632e+00 1.3074e+01 -3.2290e-01 -2.3287e+01 -2.0806e+01 -2.5314e+01 -4.3106e+00 1.3904e+01 -1.5966e+01 -1.7665e+01 -2.2846e+01 1.2035e+00 1.2348e+01 -2.5686e+01 -2.4151e+01 -2.2421e+01 1.4004e+00 1.0240e+01 -2.3429e+01 -1.8524e+01 -1.6978e+01 -6.5745e+00 9.2367e+00 -1.3386e+01 -1.2072e+01 -2.1151e+01 -1.2492e+01 1.4230e+01 -2.2752e+01 -2.0495e+01 -1.9234e+00 -2.1395e+01 -1.3586e-01 -1.2394e+00 -3.3382e+00 -1.3767e+01 -1.6331e+01 1.4987e+01 -1.1637e+01 -4.6973e+00 -1.9999e+01 -1.8989e+00 4.3972e+00 -1.0626e+01 -9.1543e+00 -1.7345e+01 -4.2964e+00 1.4570e+01 -1.3666e+01 -1.0167e+01 -2.4536e+01 1.0048e+01 1.1580e+00 -5.4414e+00 5.9271e+00 -1.8473e+01 6.2854e+00 2.8901e+00 -1.8394e+01 -2.0268e+01 -1.9111e+01 -1.4906e+01 1.6761e+01 -1.9774e+01 -2.0177e+01 -1.0942e+01 -8.2868e+00 4.8787e+00
4 -1.6036e+00 1.6246e+01 -3.2184e+00 -6.3991e+00 1.4691e+01 -8.6887e+00 -9.4553e+00 1.7900e+01 -2.5993e+00 -8.0893e+00 1.9439e+01 4.5463e+00 -4.6989e+00 1.4645e+01 6.1317e+00 -9.6657e+00 9.2680e+00 1.4011e+01 1.7975e+01 -7.1829e+00 4.9152e+00 1.3111e+01 -7.3700e+00 6.9124e+00 1.2499e+00 1.6947e+01 -1.1690e+00 1.9322e+01 -8.1387e+00 -7.7167e+00 1.9279e+01 1.7257e-01 3.4565e+00 -6.6409e+00 1.9003e+01 -1.8533e+00 -7.3144e+00 1.5727e+01 -3.5545e+00 -7.2792e+00 1.8757e+01 1.4485e+00 -2.5103e+01 -2.2804e+01 -2.4216e+01 -2.2895e+01 9.6349e+00 -2.2334e+01 -1.6781e+01 -1.7043e+01 -7.2808e+00 1.1757e+01 -2.1394e+01 -2.2420e+01 -1.8171e+01 -6.8906e+00 5.9339e+00 -1.7710e+01 -1.9216e+01 -2.0848e+01 -6.4701e-01 1.2913e+01 -2.3538e+01 -1.4780e+01 -1.7204e+01 -1.0742e+01 1.7277e+01 -2.6249e+01 -1.5301e+01 -2.9400e+00 1.1280e+01 -1.8333e+01 -2.0859e+01 6.6622e-01 -5.3827e+00 7.0575e+00 -1.3991e+01 4.7087e+00 -3.0771e+00 -2.0809e+01 -5.0927e+00 1.2496e+01 -2.0802e+01 -1.2035e+01 -1.4542e+01 -6.4449e+00 1.2052e+01 1.8941e+01 6.2311e+00 -2.1518e+01 2.0343e+01 -7.2216e+00 -1.8107e+01 4.4904e+00 -1.4659e+01 3.9892e+00 9.8333e+00 -1.7447e+01 -1.2952e+01 -2.3396e+01 -3.4154e+00 1.1012e+01 -5.4338e+00 -1.6615e+01 -2.1028e+01 -5.2689e+00 1.0092e+01
5 -9.7126e+00 1.5523e+01 -4.4481e+00 -8.6233e+00 1.8327e+01 -1.1085e+00 -9.1514e+00 1.9300e+01 -5.0703e+00 -9.0848e+00 1.7420e+01 -6.6352e-01 -8.3389e+00 1.6035e+01 3.6281e+00 1.9214e+01 -6.0814e+00 4.7084e+00 1.7363e+01 -8.9010e+00 -6.2323e+00 1.6057e+01 -5.5458e+00 8.1619e+00 -8.7678e+00 1.4942e+01 -3.7252e+00 1.7421e+01 -9.0020e+00 -7.6757e+00 1.8733e+01 -6.5844e+00 4.5216e+00 -9.2031e+00 1.6974e+01 9.1351e+00 -9.0154e+00 1.8870e+01 -2.8933e+00 -9.7508e+00 1.7996e+01 1.5495e+00 -1.8908e+01 -1.6948e+01 -1.6789e+01 -7.5619e+00 5.4223e+00 -1.8664e+01 -2.2072e+01 -1.7088e+01 -6.3496e+00 7.8912e+00 -2.3734e+01 -2.2580e+01 -1.7735e+01 5.4715e+00 5.0178e+00 -2.4282e+01 -1.7266e+01 -1.9749e+01 3.0224e-01 1.7861e-01 -1.4850e+01 -1.4079e+01 -1.7106e+01 -9.8622e+00 1.0122e+01 -3.2037e+00 -2.2673e+01 -8.5656e-01 -1.8521e+00 1.0958e+01 1.3263e+01 -6.4233e+00 -2.0236e+01 -8.6862e-01 8.4515e+00 1.6180e+00 -1.4239e+00 1.3904e+01 1.0319e+01 -1.2214e+01 -2.5486e+01 -1.7552e+01 -2.1505e+01 5.3811e+00 5.3626e+00 1.8640e+01 4.9644e+00 -5.7027e+00 8.4172e+00 -9.1309e+00 -2.6543e+01 4.5798e+00 -1.5931e+01 7.3539e-01 1.3471e+01 -2.4867e+01 -2.0175e+01 -2.3726e+01 -5.3215e+00 1.4531e+01 -1.2494e+01 -1.5028e+01 -2.1865e+01 -7.0226e+00 1.4125e+01
6 -6.2389e+00 1.6965e+01 -8.4659e+00 -9.7424e+00 1.8234e+01 5.8902e-01 -9.2104e+00 1.5092e+01 1.7780e+00 -9.7380e+00 1.5035e+01 1.0317e-02 -6.5852e+00 1.7113e+01 -5.7816e+00 -7.0155e+00 1.6970e+01 6.1765e+00 1.8850e+01 -7.9414e+00 -2.0553e+00 1.3853e+01 -1.2702e+00 -4.2700e+00 -5.2434e+00 1.8441e+01 7.5444e-01 1.7677e+01 -4.6926e+00 -7.5297e+00 1.8901e+01 -1.8595e+00 1.4049e+00 -2.1341e+00 1.8991e+01 -1.5354e+00 -7.2924e+00 1.6235e+01 1.0468e+00 1.8240e+01 -8.1725e+00 2.6844e+00 -1.5591e+01 -1.1808e+01 -2.1586e+01 6.2542e-01 1.0586e+01 -1.8729e+01 -1.3728e+01 -1.6639e+01 -8.0690e+00 1.1836e+01 -2.2267e+01 -2.0723e+01 -2.1178e+01 -8.5874e+00 9.4877e+00 -2.1781e+01 -9.6253e+00 -2.5062e+01 1.1190e+01 2.7980e+00 -2.2153e+01 -2.2281e+01 -1.2184e+01 -1.8770e+01 1.6411e+01 -2.4020e+01 -1.6208e+01 -3.1041e+00 1.6032e+01 -2.0093e+01 -8.2364e+00 -9.6599e+00 -1.2528e+01 1.4853e+01 -9.2348e+00 1.9254e+01 6.3293e+00 -1.8873e+01 1.8611e+00 -7.3895e+00 -1.9067e+01 -1.7841e+01 -1.8935e+01 -3.1930e+00 4.4875e+00 1.6569e+01 5.8802e+00 -1.3335e+01 1.5486e+01 -7.4332e+00 1.3448e+01 1.6387e+00 1.7441e+00 -2.9814e+00 1.0789e+01 -2.3237e+01 -2.2789e+01 -1.6241e+01 5.5576e+00 -3.3707e+00 -2.5406e+01 -2.1764e+01 -1.7627e+01 -2.1827e-01 1.0011e+01
7 -8.1457e+00 1.9026e+01 3.9950e+00 -9.7375e+00 1.7188e+01 -2.8440e+00 -8.2312e+00 1.7491e+01 -7.4956e+00 -8.0172e+00 1.7303e+01 5.7499e+00 -5.8268e+00 1.2926e+01 5.0157e+00 1.8412e+01 7.6903e+00 4.9208e+00 1.9507e+01 -3.0890e-01 5.2756e+00 1.7192e+01 -3.1470e+00 2.6793e-02 -8.5554e+00 1.7462e+01 1.5132e-02 1.7926e+01 -5.4905e+00 -6.3081e+00 1.9270e+01 -5.6542e+00 3.3288e+00 -9.7300e+00 1.8469e+01 2.2246e+00 -3.3545e+00 1.5163e+01 -3.8598e+00 -4.1909e+00 1.5990e+01 1.3248e-02 -1.7334e+01 -1.7056e+01 -2.0428e+01 -7.4848e+00 1.3269e+01 -2.2264e+01 -1.6476e+01 -1.3035e+01 -4.5565e+00 1.1255e+01 -2.3161e+01 -2.3040e+01 -1.4913e+01 -1.7179e+00 2.4214e+00 -2.4723e+01 -2.0381e+01 -2.2001e+01 -9.7157e+00 1.0572e+01 -7.5422e+00 -1.4793e+01 -1.5937e+01 -6.5483e+00 8.3913e+00 2.6257e+00 -6.4871e+00 -1.6375e+01 1.6055e+01 -1.9660e+01 2.4142e+00 -3.9619e+00 1.0585e+01 1.5648e+00 -1.3778e+01 9.5779e+00 -1.2361e+01 -2.3953e+01 -3.1755e+00 1.3335e+01 -1.3666e+01 -4.7759e+00 -1.1895e+01 -9.7505e+00 1.0409e+01 -2.6505e+01 2.8298e+00 -2.1638e+01 -1.1350e+01 1.8712e+01 -1.0305e+01 6.1949e+00 -2.2719e+01 1.7921e+01 -8.1533e+00 -2.0879e+01 -1.9403e+01 -2.0550e+01 -8.5133e+00 1.4610e+01 -1.5592e+01 -1.1989e+01 -1.7147e+01 2.3756e+00 4.6578e+00
8 -9.7532e+00 9.4214e+00 -6.1672e+00 -9.5783e+00 1.7615e+01 4.8712e+00 -9.5731e+00 1.9063e+01 -2.3130e+00 -6.7734e+00 1.9134e+01 2.9630e+00 -8.5136e+00 1.6802e+01 4.4809e+00 1.8132e+01 -8.0845e+00 8.2271e+00 1.8682e+01 -8.4366e+00 -1.1629e+00 1.8304e+01 -4.6788e+00 8.4214e+00 -7.7453e+00 1.8273e+01 -2.2597e+00 1.8702e+01 -7.3841e+00 -8.3424e+00 1.9301e+01 -4.9380e+00 -4.3618e-02 -9.5637e+00 1.9438e+01 3.1921e+00 -8.7522e+00 1.7969e+01 -2.9802e+00 -8.5728e+00 1.6509e+01 3.1500e+00 -3.0989e+00 -8.3662e+00 -2.0292e+01 -1.0200e+01 1.5582e+01 -1.4908e+01 -1.9474e+01 -1.7864e+01 -6.0943e+00 1.3264e+01 -2.4968e+01 -2.3683e+01 -1.7031e+01 2.0938e+00 1.8822e+00 -2.0346e+01 -1.7689e+01 -1.7433e+01 -2.7036e+00 9.5773e+00 -1.7668e+01 -1.7622e+01 -2.1299e+01 -9.1560e+00 7.7375e+00 -7.0692e-01 -1.2704e+01 -1.6678e+00 6.0980e+00 3.6011e+00 1.3531e+01 -2.1910e+01 -8.6005e+00 5.9354e+00 -1.1085e+01 1.2960e+01 -1.0412e+00 1.1029e+01 5.9341e+00 -9.2974e+00 -2.0383e+01 -1.4139e+01 -1.5754e+01 -3.4783e+00 8.0627e+00 1.8835e+01 5.9822e+00 -1.4339e+01 1.2291e+01 -3.7941e+00 -1.5606e+01 5.9721e+00 -1.6990e+01 -1.7986e-01 1.0424e+01 -1.2583e+01 -1.4468e+01 -1.8698e+01 -5.3761e+00 1.6409e+01 -2.5643e+01 -2.3349e+01 -1.8661e+01 -2.9714e+00 3.3888e+00
9 -9.0830e+00 1.5511e+01 -4.8501e+00 -9.4575e+00 1.7445e+01 -1.3581e+00 -9.5983e+00 1.7564e+01 1.1836e-01 -8.8617e+00 1.6096e+01 7.3435e+00 1.8526e+01 -7.9891e+00 2.1515e+00 -8.1422e+00 1.4668e+01 8.3706e+00 -7.8030e+00 1.6397e+01 1.5615e+01 -8.3721e+00 6.9909e+00 -1.0700e+00 -8.0297e+00 1.2630e+01 7.6501e+00 1.3000e+01 -9.4910e+00 2.4175e+00 1.9032e+01 -5.8277e-01 -4.5469e+00 -8.5610e+00 1.8635e+01 -3.7356e+00 -9.0450e+00 1.6573e+01 -2.5452e+00 8.6631e+00 1.0140e+01 1.7668e+00 -1.6123e+01 -1.8335e+01 -2.4277e+01 5.8276e-01 7.8069e+00 -1.4276e+01 -1.4003e+01 -1.8504e+01 -4.7378e+00 8.2196e+00 -2.0972e+01 -1.7830e+01 -2.3582e+01 -6.8222e+00 1.0037e+01 -2.4279e+01 -1.5567e+01 -1.4819e+01 -2.9234e+00 9.7616e+00 -1.4283e+01 -1.2718e+01 -2.4137e+01 6.6712e+00 -2.4654e+00 -1.1259e+00 -8.3397e+00 -9.9626e+00 -7.2940e+00 1.3679e+01 -1.1147e+01 -4.1549e+00 -1.7289e+01 -1.4205e+01 1.2848e+01 -2.4276e+01 -1.3146e+01 -2.2056e+01 -9.1557e+00 1.5898e+01 -2.1812e+01 -6.9078e+00 -1.5968e+01 -4.1280e+00 1.2164e+01 -1.5653e+01 -4.6672e+00 -2.0367e+01 -5.2242e+00 1.1635e+01 -1.0061e+01 6.0029e+00 -1.9644e+01 1.8539e+01 -1.1311e+01 -2.5485e+01 -2.1936e+01 -2.0317e+01 -1.4858e+00 8.3201e+00 -1.3814e+01 -2.1425e+01 -1.9494e+01 -8.9953e+00 1.4201e+01
10 -9.4889e+00 1.4664e+01 -6.9209e+00 -9.6430e+00 1.4230e+01 -5.7317e+00 -9.1302e+00 1.8720e+01 -3.7001e+00 -9.7056e+00 1.9222e+01 4.2061e+00 -7.1339e+00 1.7791e+01 -1.4937e+00 -9.0271e+00 1.9348e+01 8.2360e+00 1.7816e+01 -5.5178e+00 1.8687e+01 -7.8492e+00 7.5117e+00 7.3055e+00 -7.3105e+00 1.7966e+01 1.6209e+00 1.7535e+01 -6.8517e+00 -3.9524e+00 1.8500e+01 3.1541e-03 -5.0138e-01 -9.4661e+00 1.8624e+01 1.1038e+00 -8.8987e+00 1.7357e+01 2.4610e+00 -2.1910e+00 1.8948e+01 -2.7181e+00 -1.9515e+01 -1.1822e+01 -1.7563e+01 -1.5824e+01 1.8400e+01 -1.4282e+01 -1.5912e+01 -2.2097e+01 -5.8019e+00 9.9915e+00 -1.7835e+01 -1.6458e+01 -2.0372e+01 2.9762e+00 1.0046e+01 -1.8720e+01 -1.6180e+01 -1.4302e+01 1.1133e+01 -8.2819e-01 -1.6415e+01 -7.8825e+00 -1.3068e+01 -1.1175e+01 1.4724e+01 -1.7920e+01 -1.6201e+01 2.4344e+00 1.4578e+01 -2.4067e+01 3.1937e-01 -1.7222e+01 5.0258e+00 6.9478e+00 -2.5460e+01 6.5488e-01 -3.3957e+00 3.3244e+00 6.6569e+00 -1.5570e+01 -1.5143e+01 -1.2415e+01 -1.3059e+01 -3.5900e+00 1.5042e+01 -2.0003e+01 -9.4086e+00 -2.3924e+01 -1.1964e+00 8.4581e+00 9.1537e+00 4.6211e-01 6.3481e+00 -6.9596e+00 1.3717e+01 -1.8883e+01 -1.4234e+01 -1.4481e+01 -1.1392e+01 1.1075e+01 -8.0354e+00 -9.1794e+00 -1.7930e+01 -1.7143e+00 4.9087e+00
11 -8.8601e+00 1.1750e+01 -7.1837e+00 -9.1204e+00 1.4608e+01 2.8984e-01 -9.2057e+00 1.8153e+01 1.3598e+00 -7.9355e+00 1.8641e+01 7.1736e-01 1.4673e+01 -9.0646e+00 4.8385e+00 -5.6667e+00 1.4613e+01 1.6655e+00 1.7851e+01 -7.1040e+00 -8.6055e+00 -7.6339e+00 8.7825e+00 -5.5376e-01 -9.7241e+00 1.8014e+01 -4.6033e+00 1.0712e+01 -7.1761e+00 -6.0784e-02 1.9006e+01 -6.6862e+00 1.6171e+00 -9.7268e+00 1.9254e+01 -5.5563e-01 -8.3877e+00 1.7578e+01 -5.8134e+00 -9.2342e+00 1.6850e+01 -5.5303e+00 -1.6184e+01 -1.3611e+01 -2.1375e+01 -1.1302e+01 1.6510e+01 -2.1450e+01 -1.7202e+01 -2.2046e+01 6.4163e+00 2.1901e+00 -2.1616e+01 -2.1636e+01 -1.5564e+01 -2.9283e+00 6.1949e+00 -2.1068e+01 -1.8075e+01 -2.2380e+01 -2.4779e+00 1.2061e+01 -1.8103e+01 -4.5538e+00 -1.7200e+01 -7.6900e+00 1.3396e+01 -2.1658e+01 -9.8164e+00 4.6794e+00 1.5966e+01 -2.0354e+01 5.2709e+00 -1.4884e+01 -1.2165e+01 8.8846e+00 -8.9830e+00 1.0568e+01 5.5252e+00 -1.0990e+01 -3.1497e+00 4.5382e+00 -1.6762e+01 -9.9206e+00 -1.1898e+01 -6.0579e+00 1.6363e+01 -2.6571e+01 4.2941e+00 -1.7401e+01 -8.2560e+00 1.8719e+01 -1.2397e+01 4.9262e+00 -1.2905e+01 8.7897e+00 -2.9599e+00 -1.4008e+01 -1.4754e+01 -1.4628e+01 -1.5002e+01 1.7411e+01 -1.5834e+01 -1.8279e+01 -2.1611e+01 4.4067e-01 1.0857e+01
12 -9.0166e+00 9.6527e+00 -8.1549e+00 -7.0106e+00 1.8971e+01 -1.9406e+00 -9.7542e+00 1.8720e+01 -1.4949e+00 -6.3669e+00 1.7480e+01 3.5563e+00 -6.4379e+00 1.8017e+01 2.4623e+00 1.9143e+01 -8.9033e+00 6.5464e+00 1.9351e+01 -9.6533e+00 -8.4809e+00 1.7486e+01 -8.0227e+00 -1.0284e+00 -5.4289e+00 1.7252e+01 2.5528e-01 1.8708e+01 -5.6436e+00 -8.3489e+00 1.8347e+01 5.5805e-01 5.4949e+00 2.7688e-01 1.8861e+01 9.0231e+00 -9.6522e+00 1.9430e+01 2.1848e+00 -7.2213e+00 1.6651e+01 5.3788e-01 -7.3211e+00 -1.7194e+01 -1.9322e+01 1.2840e+00 1.0089e+01 -2.0819e+01 -1.6320e+01 -1.6937e+01 7.8797e-01 4.9738e+00 -2.0839e+01 -1.8121e+01 -1.8735e+01 -8.2303e+00 9.1309e+00 -2.3062e+01 -1.7471e+01 -1.7105e+01 -3.2705e+00 1.1822e+01 -1.8959e+01 -1.5623e+01 -1.4144e+01 -1.5697e+01 1.2882e+01 7.6820e+00 -2.3095e+01 2.2574e+00 6.7663e+00 -1.8850e+00 9.3315e+00 -1.6422e+01 -2.2268e+01 2.7302e+00 7.0310e+00 -2.3445e+00 -5.2838e+00 -5.4678e+00 -6.0468e+00 6.4286e+00 -1.4686e+01 -1.8083e+01 -1.5761e+01 3.7620e+00 -2.7989e-01 1.7377e+01 6.1042e+00 -1.1689e+01 2.0219e+01 -1.4892e+01 -2.4828e+01 -1.2374e+01 -2.2436e+01 4.7622e+00 6.7927e+00 -1.8365e+01 -1.3852e+01 -2.2866e+01 1.0128e+01 -9.8901e+00 -1.3936e+01 -1.4549e+01 -1.6384e+01 -1.5619e+01 1.5768e+01
13 -9.3668e+00 1.2596e+01 -5.4103e+00 -6.5085e+00 1.3363e+01 -3.8648e+00 -8.3492e+00 1.9313e+01 -1.6354e+00 -5.3393e+00 1.9248e+01 -1.6239e+00 1.4720e+01 2.2074e-01 -3.7269e+00 -6.9184e+00 8.9077e+00 1.4079e+01 1.4637e+01 -9.7512e+00 6.1032e+00 1.3872e+01 -7.7980e+00 2.9915e+00 -3.2352e+00 1.8227e+01 5.1902e+00 1.3248e+01 -6.9864e+00 4.7448e+00 1.7786e+01 -7.7683e+00 -3.9326e+00 -3.5914e+00 1.5631e+01 -1.9398e+00 -8.3949e+00 1.3820e+01 -2.4457e+00 -3.8406e+00 1.3499e+01 -8.6011e-01 -1.5578e+01 -1.8950e+01 -1.6555e+01 -1.3493e+01 1.4339e+01 -2.1782e+01 -1.6997e+01 -1.8139e+01 -3.4353e-01 1.0197e+01 -1.9834e+01 -2.1209e+01 -1.8153e+01 -1.7901e+00 2.1985e+00 -2.2875e+01 -2.0532e+01 -2.1136e+01 -3.2012e+00 1.2733e+01 -2.5234e+01 -1.0714e+01 -1.4385e+01 -1.1650e+01 1.5276e+01 -2.6322e+01 -1.5355e+01 -2.0038e+01 -1.6089e+01 -9.9674e+00 -9.9676e+00 1.1490e+00 1.7449e+01 6.1146e+00 -1.3431e+01 1.6681e+01 -8.1010e+00 -1.3381e+01 -4.0722e+00 7.4009e+00 -1.2390e+01 -6.0643e+00 -1.2262e+01 -4.8386e+00 1.0980e+01 -2.3680e+01 -1.3653e+00 -2.3111e+01 -7.4037e+00 1.5474e+01 -2.2649e+01 6.4758e+00 -2.2506e+01 4.7489e+00 3.0743e+00 -8.1626e+00 -6.9748e+00 -2.4893e+01 4.5267e+00 4.9830e+00 -2.5570e+01 -1.8138e+01 -2.1186e+01 -1.0489e+00 3.7721e+00
14 -9.3371e+00 1.8774e+01 -3.9988e+00 -8.2119e+00 1.8698e+01 3.4288e-01 -3.9734e+00 1.5542e+01 -5.8934e+00 -7.9725e+00 1.1690e+01 7.7536e+00 -6.1106e+00 1.6755e+01 -2.9832e+00 1.8425e+01 -5.0975e+00 -6.2527e+00 1.7417e+01 -9.0653e+00 -3.2870e+00 6.2034e+00 -9.6800e+00 3.0713e+00 -4.7474e+00 1.5672e+01 3.6927e+00 1.5612e+01 -9.5781e+00 3.3707e+00 1.9492e+01 -6.4980e+00 -5.9708e-01 -9.5443e+00 1.5677e+01 -7.8490e-02 -2.2217e+00 1.5817e+01 -4.3559e+00 6.5265e+00 1.3075e+01 2.4990e+00 -8.6141e+00 -1.0360e+01 -1.7128e+01 -5.0098e-01 1.5684e+01 -2.4236e+01 -2.2981e+01 -1.4729e+01 -1.1503e+00 4.6106e+00 -1.7806e+01 -5.6547e+00 -1.9656e+01 -1.3717e+01 1.0393e+01 -2.3753e+01 -2.2387e+01 -1.8293e+01 -3.1580e-02 7.6116e-01 -8.2476e+00 -7.8317e+00 -1.9371e+01 -1.1296e+01 8.0076e+00 1.9093e+01 6.7084e+00 -1.2962e+01 7.9154e+00 -2.2753e+01 -2.1281e+01 7.0133e+00 -5.0830e+00 7.6694e+00 -1.3463e+01 1.3332e+01 -1.5528e+01 -1.7913e+01 -5.7517e+00 3.8017e+00 -1.6502e+01 -3.5589e+00 -1.7206e+01 -1.5338e+01 1.4900e+01 -1.8142e+01 -8.9395e-01 -2.1795e+01 -3.0098e+00 1.4178e+01 -1.0461e+01 3.6668e+00 -1.7432e+01 8.3745e+00 5.3057e+00 -2.5238e+01 -2.4108e+01 -1.8483e+01 -8.3701e-01 1.0367e+00 -2.1467e+01 -2.1257e+01 -1.9339e+01 -1.6868e+00 3.2488e+00
