frame G1:C1-C2 G1:C3-C4 G1:C1-CC G2:C1-C2 G2:C3-C4 G2:C1-CC C3:C1-C2 C3:C3-C4 C3:C1-CC A4:C1-C2 A4:C3-C4 A4:C1-CC C5:C1-C2 C5:C3-C4 C5:C1-CC G6:C1-C2 G6:C3-C4 G6:C1-CC A7:C1-C2 A7:C3-C4 A7:C1-CC A8:C1-C2 A8:C3-C4 A8:C1-CC G9:C1-C2 G9:C3-C4 G9:C1-CC G10:C1-C2 G10:C3-C4 G10:C1-CC U11:C1-C2 U11:C3-C4 U11:C1-CC G12:C1-C2 G12:C3-C4 G12:C1-CC C13:C1-C2 C13:C3-C4 C13:C1-CC C14:C1-C2 C14:C3-C4 C14:C1-CC G1:C4p-P-plus G1:C3p-P-plus G2:C4p-P G2:C5p-P G2:C5s-P G2:C4p-P-plus G2:C3p-P-plus C3:C4p-P C3:C5p-P C3:C5s-P C3:C4p-P-plus C3:C3p-P-plus A4:C4p-P A4:C5p-P A4:C5s-P A4:C4p-P-plus A4:C3p-P-plus C5:C4p-P C5:C5p-P C5:C5s-P C5:C4p-P-plus C5:C3p-P-plus G6:C4p-P G6:C5p-P G6:C5s-P G6:C4p-P-plus G6:C3p-P-plus A7:C4p-P A7:C5p-P A7:C5s-P A7:C4p-P-plus A7:C3p-P-plus A8:C4p-P A8:C5p-P A8:C5s-P A8:C4p-P-plus A8:C3p-P-plus G9:C4p-P G9:C5p-P G9:C5s-P G9:C4p-P-plus G9:C3p-P-plus G10:C4p-P G10:C5p-P G10:C5s-P G10:C4p-P-plus G10:C3p-P-plus U11:C4p-P U11:C5p-P U11:C5s-P U11:C4p-P-plus U11:C3p-P-plus G12:C4p-P G12:C5p-P G12:C5s-P G12:C4p-P-plus G12:C3p-P-plus C13:C4p-P C13:C5p-P C13:C5s-P C13:C4p-P-plus C13:C3p-P-plus C14:C4p-P C14:C5p-P C14:C5s-P
0 -9.6526e+00 1.8597e+01 -1.3430e+00 -8.4762e+00 1.4222e+01 2.1994e-01 -9.7546e+00 1.6895e+01 4.3065e+00 -8.0005e+00 1.5149e+01 9.5680e+00 -8.3777e+00 1.8837e+01 2.0580e+00 -7.5845e+00 1.9410e+01 7.8853e-01 1.8142e+01 -7.3048e+00 7.7580e+00 -9.4382e+00 7.1843e+00 7.3197e+00 -8.8805e+00 1.6816e+01 7.7204e+00 1.8394e+01 -9.0950e+00 3.0126e-01 1.9153e+01 -4.8659e+00 1.6714e+00 -6.4768e+00 1.5254e+01 -1.2656e+00 -9.7354e+00 1.6631e+01 9.6612e-01 -4.4148e+00 1.8204e+01 -3.9531e-01 -2.9078e+01 -3.2367e+01 -3.4765e+01 -9.8777e+00 1.9531e+01 -3.0281e+01 -2.6845e+01 -2.4387e+01 -6.9264e+00 1.7229e+01 -2.4357e+01 -2.0810e+01 -1.4932e+01 -1.1838e+01 1.2276e+01 -3.0700e+01 -2.0064e+01 -3.2162e+01 1.8861e+01 -3.4894e+00 -2.8691e+01 -2.6953e+01 -2.1873e+01 -1.1234e+01 8.6797e+00 -2.7152e+01 -2.5345e+01 -3.7641e+00 -3.5087e+01 3.7966e-01 2.1181e+01 -7.8346e+00 2.2526e+00 1.3539e+01 -2.4459e+01 5.2554e+00 -1.9384e+00 1.2261e+01 8.2983e+00 -3.2442e+01 -2.3947e+01 -1.0160e+01 -2.8077e+01 -2.0431e+01 2.2825e+01 -2.5879e+01 9.3974e+00 -2.7817e+01 -1.1386e+00 1.9783e+01 -2.5175e+01 8.5496e+00 -1.9970e+01 2.0333e+01 -1.0076e+01 -2.3168e+01 -2.3510e+01 -3.2145e+01 -1.2137e+01 1.5021e+01 -2.6809e+01 -3.2543e+01 -1.8157e+01 6.5457e+00 -7.2961e-02
1 -8.8217e+00 1.6859e+01 -4.8325e+00 -9.5807e+00 1.6272e+01 -3.6926e+00 -9.4089e+00 1.8861e+01 -2.6464e+00 -7.6443e+00 1.8210e+01 2.8741e+00 -8.4150e+00 1.9441e+01 5.3762e+00 -6.4229e+00 1.7670e+01 4.9625e+00 1.9106e+01 -4.2159e+00 2.4468e+00 1.3787e+01 -7.9129e+00 2.4162e-01 -9.0093e+00 1.7076e+01 4.7053e+00 1.4577e+01 -9.2963e+00 -4.4635e+00 1.7516e+01 -4.7342e+00 -3.8950e+00 -4.1537e+00 1.3595e+01 8.8080e+00 -8.8407e+00 1.8330e+01 1.7257e-01 1.7714e+00 8.5088e+00 -1.8401e-01 -2.4602e+01 -2.6594e+01 -2.7264e+01 -3.3678e+00 1.1122e+01 -1.2363e+01 -2.0890e+01 -3.0221e+01 2.7085e+00 1.4240e+01 -3.2155e+01 -2.9638e+01 -2.6956e+01 -1.3860e+01 1.9376e+01 -2.5509e+01 -2.1200e+01 -1.7351e+01 3.4780e+00 4.6252e+00 -1.3776e+01 -1.3972e+01 -8.2284e+00 -1.8442e+01 1.5056e+01 -3.4412e+01 -2.7537e+01 -2.1649e+01 1.1411e+01 -1.4875e+01 -2.8951e+01 -1.5348e+00 -1.9498e+01 1.4840e+01 -1.0959e+01 2.5746e+01 7.4460e-01 -3.0160e+01 4.3430e+00 4.0111e+00 -2.8323e+01 -1.7048e+01 -2.8348e+01 4.6097e+00 8.1404e+00 -3.0907e+01 6.9326e+00 -3.2022e+01 -1.7275e+01 2.2141e+01 -2.7353e+01 6.1448e+00 -3.1460e+01 4.8321e+00 1.0421e+01 -2.5563e+01 -2.3971e+01 -3.1928e+01 4.7824e+00 1.0506e+01 -3.2999e+01 -2.7928e+01 -1.7026e+01 -1.1850e+01 8.6966e+00
2 -2.9622e+00 1.9141e+01 -1.9685e+00 -7.4106e+00 1.5549e+01 3.7518e+00 -6.4144e+00 1.6600e+01 -2.7700e+00 -8.2045e+00 1.7679e+01 -1.4452e+00 -3.3617e-01 1.7523e+01 -2.0020e+00 -6.4651e+00 1.8339e+01 6.7558e+00 -4.6386e+00 1.4786e+01 1.6440e+01 6.8800e+00 -8.5849e+00 -4.8621e+00 2.6133e-01 1.7639e+01 6.4617e+00 1.6398e+01 -8.4837e+00 -3.3191e-01 1.8761e+01 -6.8384e+00 1.8819e+00 -9.7158e+00 1.6684e+01 7.9592e+00 -5.4555e+00 1.6006e+01 -1.4004e+00 -5.6128e+00 1.7843e+01 1.9865e+00 -3.4267e+01 -3.2043e+01 -3.1465e+01 1.0544e+01 4.9890e+00 -3.0409e+01 -2.8007e+01 -3.3012e+01 3.0818e+00 6.4946e+00 -3.0917e+01 -2.1750e+01 -2.6948e+01 -1.5801e+01 2.1632e+01 -2.7816e+01 -2.1469e+01 -2.2570e+01 -3.4966e+00 1.5020e+01 -2.8898e+01 -2.0536e+01 -1.4238e+01 -1.9193e+01 2.0325e+01 -2.0881e+01 -2.4094e+01 -2.7551e+01 -4.3424e+00 2.3963e+01 -2.3068e+01 -9.7295e+00 -3.2823e+01 -1.2404e+01 2.0061e+01 -2.4761e+01 -3.7785e+00 -2.0286e+01 -1.2157e+00 7.4874e+00 -2.7474e+00 6.1611e+00 -1.6882e+01 4.4874e+00 1.6287e+01 -3.3633e+01 7.3165e-01 -2.9582e+01 1.6100e+00 1.7526e+01 -1.9842e+01 6.8764e+00 -2.3490e+01 2.1039e+01 -9.4071e+00 -2.2108e+01 -2.5852e+01 -3.3336e+01 -1.2128e+01 2.1364e+01 -2.1992e+01 -3.1568e+01 -2.5257e+01 3.0961e-01 1.0351e+01
3 -9.4549e+00 1.9249e+01 -1.2810e+00 -9.4875e+00 1.4365e+01 -1.7203e+00 -8.5205e+00 1.7493e+01 -2.4092e+00 -8.2679e+00 1.2568e+01 -7.1976e-01 1.7223e+01 -8.7774e+00 5.3990e+00 -1.9858e+00 1.8843e+01 7.8315e+00 -7.1259e+00 1.9092e+01 1.6877e+01 1.8863e+01 -9.1314e+00 5.8336e+00 -9.7508e+00 1.9466e+01 8.5833e+00 1.2369e+01 -8.6291e+00 -5.5232e+00 1.8788e+01 -8.4621e+00 1.2630e+00 -7.5366e+00 1.8913e+01 -4.0463e+00 -6.2959e+00 1.9417e+01 -2.7278e+00 -2.5632e+00 1.3074e+01 -3.2290e-01 -3.1587e+01 -2.8223e+01 -3.4338e+01 -5.8471e+00 1.8860e+01 -2.1657e+01 -2.3962e+01 -3.0989e+01 1.6325e+00 1.6749e+01 -3.4842e+01 -3.2759e+01 -3.0413e+01 1.8995e+00 1.3890e+01 -3.1780e+01 -2.5127e+01 -2.3030e+01 -8.9180e+00 1.2529e+01 -1.8158e+01 -1.6374e+01 -2.8690e+01 -1.6945e+01 1.9302e+01 -3.0863e+01 -2.7801e+01 -2.6090e+00 -2.9021e+01 -1.8429e-01 -1.6812e+00 -4.5281e+00 -1.8674e+01 -2.2152e+01 2.0330e+01 -1.5785e+01 -6.3717e+00 -2.7127e+01 -2.5757e+00 5.9645e+00 -1.4414e+01 -1.2417e+01 -2.3527e+01 -5.8278e+00 1.9763e+01 -1.8537e+01 -1.3791e+01 -3.3282e+01 1.3629e+01 1.5708e+00 -7.3810e+00 8.0398e+00 -2.5058e+01 8.5258e+00 3.9202e+00 -2.4951e+01 -2.7493e+01 -2.5923e+01 -2.0219e+01 2.2736e+01 -2.6822e+01 -2.7369e+01 -1.4842e+01 -1.1241e+01 6.6178e+00
4 -1.6036e+00 1.6246e+01 -3.2184e+00 -6.3991e+00 1.4691e+01 -8.6887e+00 -9.4553e+00 1.7900e+01 -2.5993e+00 -8.0893e+00 1.9439e+01 4.5463e+00 -4.6989e+00 1.4645e+01 6.1317e+00 -9.6657e+00 9.2680e+00 1.4011e+01 1.7975e+01 -7.1829e+00 4.9152e+00 1.3111e+01 -7.3700e+00 6.9124e+00 1.2499e+00 1.6947e+01 -1.1690e+00 1.9322e+01 -8.1387e+00 -7.7167e+00 1.9279e+01 1.7257e-01 3.4565e+00 -6.6409e+00 1.9003e+01 -1.8533e+00 -7.3144e+00 1.5727e+01 -3.5545e+00 -7.2792e+00 1.8757e+01 1.4485e+00 -3.4050e+01 -3.0932e+01 -3.2847e+01 -3.1055e+01 1.3069e+01 -3.0295e+01 -2.2762e+01 -2.3118e+01 -9.8761e+00 1.5948e+01 -2.9020e+01 -3.0412e+01 -2.4648e+01 -9.3468e+00 8.0491e+00 -2.4023e+01 -2.6066e+01 -2.8279e+01 -8.7763e-01 1.7516e+01 -3.1929e+01 -2.0049e+01 -2.3337e+01 -1.4571e+01 2.3436e+01 -3.5605e+01 -2.0756e+01 -3.9880e+00 1.5301e+01 -2.4867e+01 -2.8295e+01 9.0369e-01 -7.3013e+00 9.5732e+00 -1.8978e+01 6.3872e+00 -4.1739e+00 -2.8226e+01 -6.9080e+00 1.6951e+01 -2.8217e+01 -1.6324e+01 -1.9725e+01 -8.7422e+00 1.6348e+01 2.5692e+01 8.4522e+00 -2.9188e+01 2.7595e+01 -9.7957e+00 -2.4562e+01 6.0910e+00 -1.9884e+01 5.4112e+00 1.3338e+01 -2.3666e+01 -1.7568e+01 -3.1735e+01 -4.6328e+00 1.4937e+01 -7.3706e+00 -2.2537e+01 -2.8523e+01 -7.1470e+00 1.3689e+01
5 -9.7126e+00 1.5523e+01 -4.4481e+00 -8.6233e+00 1.8327e+01 -1.1085e+00 -9.1514e+00 1.9300e+01 -5.0703e+00 -9.0848e+00 1.7420e+01 -6.6352e-01 -8.3389e+00 1.6035e+01 3.6281e+00 1.9214e+01 -6.0814e+00 4.7084e+00 1.7363e+01 -8.9010e+00 -6.2323e+00 1.6057e+01 -5.5458e+00 8.1619e+00 -8.7678e+00 1.4942e+01 -3.7252e+00 1.7421e+01 -9.0020e+00 -7.6757e+00 1.8733e+01 -6.5844e+00 4.5216e+00 -9.2031e+00 1.6974e+01 9.1351e+00 -9.0154e+00 1.8870e+01 -2.8933e+00 -9.7508e+00 1.7996e+01 1.5495e+00 -2.5648e+01 -2.2989e+01 -2.2773e+01 -1.0257e+01 7.3551e+00 -2.5317e+01 -2.9939e+01 -2.3178e+01 -8.6129e+00 1.0704e+01 -3.2194e+01 -3.0628e+01 -2.4057e+01 7.4218e+00 6.8064e+00 -3.2937e+01 -2.3421e+01 -2.6789e+01 4.0997e-01 2.4227e-01 -2.0143e+01 -1.9098e+01 -2.3204e+01 -1.3378e+01 1.3730e+01 -4.3457e+00 -3.0755e+01 -1.1619e+00 -2.5123e+00 1.4864e+01 1.7991e+01 -8.7129e+00 -2.7450e+01 -1.1782e+00 1.1464e+01 2.1947e+00 -1.9315e+00 1.8860e+01 1.3997e+01 -1.6567e+01 -3.4570e+01 -2.3809e+01 -2.9170e+01 7.2992e+00 7.2740e+00 2.5285e+01 6.7339e+00 -7.7354e+00 1.1417e+01 -1.2386e+01 -3.6004e+01 6.2123e+00 -2.1610e+01 9.9752e-01 1.8273e+01 -3.3731e+01 -2.7367e+01 -3.2183e+01 -7.2183e+00 1.9711e+01 -1.6947e+01 -2.0385e+01 -2.9659e+01 -9.5258e+00 1.9159e+01
6 -6.2389e+00 1.6965e+01 -8.4659e+00 -9.7424e+00 1.8234e+01 5.8902e-01 -9.2104e+00 1.5092e+01 1.7780e+00 -9.7380e+00 1.5035e+01 1.0317e-02 -6.5852e+00 1.7113e+01 -5.7816e+00 -7.0155e+00 1.6970e+01 6.1765e+00 1.8850e+01 -7.9414e+00 -2.0553e+00 1.3853e+01 -1.2702e+00 -4.2700e+00 -5.2434e+00 1.8441e+01 7.5444e-01 1.7677e+01 -4.6926e+00 -7.5297e+00 1.8901e+01 -1.8595e+00 1.4049e+00 -2.1341e+00 1.8991e+01 -1.5354e+00 -7.2924e+00 1.6235e+01 1.0468e+00 1.8240e+01 -8.1725e+00 2.6844e+00 -2.1148e+01 -1.6017e+01 -2.9280e+01 8.4835e-01 1.4359e+01 -2.5404e+01 -1.8621e+01 -2.2570e+01 -1.0945e+01 1.6055e+01 -3.0204e+01 -2.8110e+01 -2.8727e+01 -1.1648e+01 1.2870e+01 -2.9545e+01 -1.3056e+01 -3.3995e+01 1.5179e+01 3.7954e+00 -3.0049e+01 -3.0223e+01 -1.6527e+01 -2.5460e+01 2.2261e+01 -3.2582e+01 -2.1986e+01 -4.2105e+00 2.1746e+01 -2.7255e+01 -1.1172e+01 -1.3103e+01 -1.6994e+01 2.0148e+01 -1.2526e+01 2.6117e+01 8.5854e+00 -2.5600e+01 2.5245e+00 -1.0024e+01 -2.5863e+01 -2.4200e+01 -2.5684e+01 -4.3312e+00 6.0871e+00 2.2475e+01 7.9761e+00 -1.8088e+01 2.1006e+01 -1.0083e+01 1.8242e+01 2.2228e+00 2.3658e+00 -4.0441e+00 1.4635e+01 -3.1520e+01 -3.0912e+01 -2.2030e+01 7.5386e+00 -4.5722e+00 -3.4461e+01 -2.9522e+01 -2.3910e+01 -2.9608e-01 1.3580e+01
7 -8.1457e+00 1.9026e+01 3.9950e+00 -9.7375e+00 1.7188e+01 -2.8440e+00 -8.2312e+00 1.7491e+01 -7.4956e+00 -8.0172e+00 1.7303e+01 5.7499e+00 -5.8268e+00 1.2926e+01 5.0157e+00 1.8412e+01 7.6903e+00 4.9208e+00 1.9507e+01 -3.0890e-01 5.2756e+00 1.7192e+01 -3.1470e+00 2.6793e-02 -8.5554e+00 1.7462e+01 1.5132e-02 1.7926e+01 -5.4905e+00 -6.3081e+00 1.9270e+01 -5.6542e+00 3.3288e+00 -9.7300e+00 1.8469e+01 2.2246e+00 -3.3545e+00 1.5163e+01 -3.8598e+00 -4.1909e+00 1.5990e+01 1.3248e-02 -2.3513e+01 -2.3135e+01 -2.7710e+01 -1.0153e+01 1.7999e+01 -3.0200e+01 -2.2348e+01 -1.7681e+01 -6.1807e+00 1.5266e+01 -3.1416e+01 -3.1252e+01 -2.0228e+01 -2.3303e+00 3.2844e+00 -3.3535e+01 -2.7646e+01 -2.9843e+01 -1.3179e+01 1.4341e+01 -1.0231e+01 -2.0066e+01 -2.1617e+01 -8.8824e+00 1.1382e+01 3.5617e+00 -8.7994e+00 -2.2212e+01 2.1777e+01 -2.6667e+01 3.2747e+00 -5.3741e+00 1.4358e+01 2.1226e+00 -1.8689e+01 1.2992e+01 -1.6767e+01 -3.2490e+01 -4.3073e+00 1.8088e+01 -1.8538e+01 -6.4783e+00 -1.6136e+01 -1.3226e+01 1.4120e+01 -3.5953e+01 3.8385e+00 -2.9350e+01 -1.5396e+01 2.5382e+01 -1.3979e+01 8.4031e+00 -3.0817e+01 2.4309e+01 -1.1059e+01 -2.8321e+01 -2.6319e+01 -2.7875e+01 -1.1548e+01 1.9818e+01 -2.1150e+01 -1.6263e+01 -2.3259e+01 3.2224e+00 6.3180e+00
8 -9.7532e+00 9.4214e+00 -6.1672e+00 -9.5783e+00 1.7615e+01 4.8712e+00 -9.5731e+00 1.9063e+01 -2.3130e+00 -6.7734e+00 1.9134e+01 2.9630e+00 -8.5136e+00 1.6802e+01 4.4809e+00 1.8132e+01 -8.0845e+00 8.2271e+00 1.8682e+01 -8.4366e+00 -1.1629e+00 1.8304e+01 -4.6788e+00 8.4214e+00 -7.7453e+00 1.8273e+01 -2.2597e+00 1.8702e+01 -7.3841e+00 -8.3424e+00 1.9301e+01 -4.9380e+00 -4.3618e-02 -9.5637e+00 1.9438e+01 3.1921e+00 -8.7522e+00 1.7969e+01 -2.9802e+00 -8.5728e+00 1.6509e+01 3.1500e+00 -4.2035e+00 -1.1348e+01 -2.7525e+01 -1.3835e+01 2.1136e+01 -2.0221e+01 -2.6415e+01 -2.4231e+01 -8.2666e+00 1.7992e+01 -3.3867e+01 -3.2124e+01 -2.3102e+01 2.8401e+00 2.5530e+00 -2.7598e+01 -2.3994e+01 -2.3647e+01 -3.6673e+00 1.2991e+01 -2.3966e+01 -2.3903e+01 -2.8891e+01 -1.2420e+01 1.0496e+01 -9.5890e-01 -1.7233e+01 -2.2623e+00 8.2716e+00 4.8847e+00 1.8355e+01 -2.9720e+01 -1.1666e+01 8.0511e+00 -1.5037e+01 1.7579e+01 -1.4124e+00 1.4960e+01 8.0493e+00 -1.2611e+01 -2.7649e+01 -1.9178e+01 -2.1370e+01 -4.7181e+00 1.0937e+01 2.5549e+01 8.1145e+00 -1.9451e+01 1.6673e+01 -5.1465e+00 -2.1168e+01 8.1008e+00 -2.3046e+01 -2.4397e-01 1.4139e+01 -1.7069e+01 -1.9625e+01 -2.5363e+01 -7.2924e+00 2.2258e+01 -3.4783e+01 -3.1672e+01 -2.5313e+01 -4.0306e+00 4.5967e+00
9 -9.0830e+00 1.5511e+01 -4.8501e+00 -9.4575e+00 1.7445e+01 -1.3581e+00 -9.5983e+00 1.7564e+01 1.1836e-01 -8.8617e+00 1.6096e+01 7.3435e+00 1.8526e+01 -7.9891e+00 2.1515e+00 -8.1422e+00 1.4668e+01 8.3706e+00 -7.8030e+00 1.6397e+01 1.5615e+01 -8.3721e+00 6.9909e+00 -1.0700e+00 -8.0297e+00 1.2630e+01 7.6501e+00 1.3000e+01 -9.4910e+00 2.4175e+00 1.9032e+01 -5.8277e-01 -4.5469e+00 -8.5610e+00 1.8635e+01 -3.7356e+00 -9.0450e+00 1.6573e+01 -2.5452e+00 8.6631e+00 1.0140e+01 1.7668e+00 -2.1870e+01 -2.4870e+01 -3.2931e+01 7.9048e-01 1.0590e+01 -1.9365e+01 -1.8994e+01 -2.5100e+01 -6.4266e+00 1.1149e+01 -2.8448e+01 -2.4186e+01 -3.1988e+01 -9.2540e+00 1.3615e+01 -3.2934e+01 -2.1116e+01 -2.0101e+01 -3.9654e+00 1.3241e+01 -1.9375e+01 -1.7251e+01 -3.2740e+01 9.0492e+00 -3.3441e+00 -1.5273e+00 -1.1312e+01 -1.3514e+01 -9.8940e+00 1.8555e+01 -1.5120e+01 -5.6358e+00 -2.3452e+01 -1.9268e+01 1.7428e+01 -3.2929e+01 -1.7832e+01 -2.9918e+01 -1.2419e+01 2.1564e+01 -2.9586e+01 -9.3700e+00 -2.1660e+01 -5.5995e+00 1.6499e+01 -2.1232e+01 -6.3309e+00 -2.7626e+01 -7.0863e+00 1.5783e+01 -1.3647e+01 8.1426e+00 -2.6646e+01 2.5148e+01 -1.5343e+01 -3.4568e+01 -2.9755e+01 -2.7559e+01 -2.0154e+00 1.1286e+01 -1.8737e+01 -2.9062e+01 -2.6442e+01 -1.2202e+01 1.9264e+01
10 -9.4889e+00 1.4664e+01 -6.9209e+00 -9.6430e+00 1.4230e+01 -5.7317e+00 -9.1302e+00 1.8720e+01 -3.7001e+00 -9.7056e+00 1.9222e+01 4.2061e+00 -7.1339e+00 1.7791e+01 -1.4937e+00 -9.0271e+00 1.9348e+01 8.2360e+00 1.7816e+01 -5.5178e+00 1.8687e+01 -7.8492e+00 7.5117e+00 7.3055e+00 -7.3105e+00 1.7966e+01 1.6209e+00 1.7535e+01 -6.8517e+00 -3.9524e+00 1.8500e+01 3.1541e-03 -5.0138e-01 -9.4661e+00 1.8624e+01 1.1038e+00 -8.8987e+00 1.7357e+01 2.4610e+00 -2.1910e+00 1.8948e+01 -2.7181e+00 -2.6471e+01 -1.6036e+01 -2.3824e+01 -2.1465e+01 2.4958e+01 -1.9372e+01 -2.1584e+01 -2.9974e+01 -7.8700e+00 1.3553e+01 -2.4192e+01 -2.2325e+01 -2.7633e+01 4.0370e+00 1.3626e+01 -2.5392e+01 -2.1948e+01 -1.9401e+01 1.5101e+01 -1.1234e+00 -2.2266e+01 -1.0692e+01 -1.7727e+01 -1.5159e+01 1.9973e+01 -2.4307e+01 -2.1975e+01 3.3021e+00 1.9775e+01 -3.2646e+01 4.3321e-01 -2.3360e+01 6.8173e+00 9.4243e+00 -3.4536e+01 8.8831e-01 -4.6060e+00 4.5094e+00 9.0297e+00 -2.1120e+01 -2.0541e+01 -1.6840e+01 -1.7713e+01 -4.8696e+00 2.0404e+01 -2.7133e+01 -1.2762e+01 -3.2452e+01 -1.6228e+00 1.1473e+01 1.2416e+01 6.2682e-01 8.6109e+00 -9.4404e+00 1.8606e+01 -2.5613e+01 -1.9307e+01 -1.9643e+01 -1.5453e+01 1.5023e+01 -1.0900e+01 -1.2451e+01 -2.4322e+01 -2.3254e+00 6.6584e+00
11 -8.8601e+00 1.1750e+01 -7.1837e+00 -9.1204e+00 1.4608e+01 2.8984e-01 -9.2057e+00 1.8153e+01 1.3598e+00 -7.9355e+00 1.8641e+01 7.1736e-01 1.4673e+01 -9.0646e+00 4.8385e+00 -5.6667e+00 1.4613e+01 1.6655e+00 1.7851e+01 -7.1040e+00 -8.6055e+00 -7.6339e+00 8.7825e+00 -5.5376e-01 -9.7241e+00 1.8014e+01 -4.6033e+00 1.0712e+01 -7.1761e+00 -6.0784e-02 1.9006e+01 -6.6862e+00 1.6171e+00 -9.7268e+00 1.9254e+01 -5.5563e-01 -8.3877e+00 1.7578e+01 -5.8134e+00 -9.2342e+00 1.6850e+01 -5.5303e+00 -2.1953e+01 -1.8462e+01 -2.8994e+01 -1.5330e+01 2.2395e+01 -2.9096e+01 -2.3334e+01 -2.9904e+01 8.7034e+00 2.9708e+00 -2.9320e+01 -2.9349e+01 -2.1111e+01 -3.9721e+00 8.4030e+00 -2.8577e+01 -2.4517e+01 -3.0357e+01 -3.3611e+00 1.6360e+01 -2.4555e+01 -6.1770e+00 -2.3331e+01 -1.0431e+01 1.8170e+01 -2.9378e+01 -1.3315e+01 6.3474e+00 2.1657e+01 -2.7610e+01 7.1498e+00 -2.0189e+01 -1.6501e+01 1.2052e+01 -1.2185e+01 1.4335e+01 7.4946e+00 -1.4908e+01 -4.2724e+00 6.1558e+00 -2.2736e+01 -1.3457e+01 -1.6139e+01 -8.2172e+00 2.2196e+01 -3.6042e+01 5.8247e+00 -2.3603e+01 -1.1199e+01 2.5391e+01 -1.6816e+01 6.6821e+00 -1.7504e+01 1.1923e+01 -4.0149e+00 -1.9001e+01 -2.0013e+01 -1.9842e+01 -2.0349e+01 2.3617e+01 -2.1478e+01 -2.4795e+01 -2.9315e+01 5.9774e-01 1.4727e+01
12 -9.0166e+00 9.6527e+00 -8.1549e+00 -7.0106e+00 1.8971e+01 -1.9406e+00 -9.7542e+00 1.8720e+01 -1.4949e+00 -6.3669e+00 1.7480e+01 3.5563e+00 -6.4379e+00 1.8017e+01 2.4623e+00 1.9143e+01 -8.9033e+00 6.5464e+00 1.9351e+01 -9.6533e+00 -8.4809e+00 1.7486e+01 -8.0227e+00 -1.0284e+00 -5.4289e+00 1.7252e+01 2.5528e-01 1.8708e+01 -5.6436e+00 -8.3489e+00 1.8347e+01 5.5805e-01 5.4949e+00 2.7688e-01 1.8861e+01 9.0231e+00 -9.6522e+00 1.9430e+01 2.1848e+00 -7.2213e+00 1.6651e+01 5.3788e-01 -9.9307e+00 -2.3323e+01 -2.6209e+01 1.7416e+00 1.3685e+01 -2.8239e+01 -2.2137e+01 -2.2974e+01 1.0688e+00 6.7468e+00 -2.8267e+01 -2.4580e+01 -2.5413e+01 -1.1164e+01 1.2386e+01 -3.1283e+01 -2.3699e+01 -2.3202e+01 -4.4362e+00 1.6036e+01 -2.5717e+01 -2.1192e+01 -1.9186e+01 -2.1292e+01 1.7474e+01 1.0420e+01 -3.1327e+01 3.0620e+00 9.1782e+00 -2.5568e+00 1.2658e+01 -2.2275e+01 -3.0206e+01 3.7034e+00 9.5372e+00 -3.1802e+00 -7.1672e+00 -7.4167e+00 -8.2022e+00 8.7201e+00 -1.9920e+01 -2.4528e+01 -2.1379e+01 5.1029e+00 -3.7965e-01 2.3571e+01 8.2800e+00 -1.5855e+01 2.7425e+01 -2.0200e+01 -3.3678e+01 -1.6785e+01 -3.0433e+01 6.4596e+00 9.2139e+00 -2.4912e+01 -1.8790e+01 -3.1017e+01 1.3738e+01 -1.3415e+01 -1.8904e+01 -1.9735e+01 -2.2225e+01 -2.1186e+01 2.1388e+01
13 -9.3668e+00 1.2596e+01 -5.4103e+00 -6.5085e+00 1.3363e+01 -3.8648e+00 -8.3492e+00 1.9313e+01 -1.6354e+00 -5.3393e+00 1.9248e+01 -1.6239e+00 1.4720e+01 2.2074e-01 -3.7269e+00 -6.9184e+00 8.9077e+00 1.4079e+01 1.4637e+01 -9.7512e+00 6.1032e+00 1.3872e+01 -7.7980e+00 2.9915e+00 -3.2352e+00 1.8227e+01 5.1902e+00 1.3248e+01 -6.9864e+00 4.7448e+00 1.7786e+01 -7.7683e+00 -3.9326e+00 -3.5914e+00 1.5631e+01 -1.9398e+00 -8.3949e+00 1.3820e+01 -2.4457e+00 -3.8406e+00 1.3499e+01 -8.6011e-01 -2.1131e+01 -2.5704e+01 -2.2456e+01 -1.8303e+01 1.9451e+01 -2.9546e+01 -2.3056e+01 -2.4604e+01 -4.6597e-01 1.3832e+01 -2.6904e+01 -2.8769e+01 -2.4624e+01 -2.4281e+00 2.9821e+00 -3.1029e+01 -2.7850e+01 -2.8670e+01 -4.3423e+00 1.7272e+01 -3.4229e+01 -1.4533e+01 -1.9512e+01 -1.5803e+01 2.0721e+01 -3.5705e+01 -2.0828e+01 -2.7181e+01 -2.1824e+01 -1.3520e+01 -1.3520e+01 1.5586e+00 2.3668e+01 8.2941e+00 -1.8218e+01 2.2627e+01 -1.0989e+01 -1.8151e+01 -5.5237e+00 1.0039e+01 -1.6807e+01 -8.2259e+00 -1.6632e+01 -6.5633e+00 1.4894e+01 -3.2120e+01 -1.8520e+00 -3.1349e+01 -1.0043e+01 2.0989e+01 -3.0722e+01 8.7841e+00 -3.0528e+01 6.4416e+00 4.1702e+00 -1.1072e+01 -9.4610e+00 -3.3766e+01 6.1402e+00 6.7591e+00 -3.4684e+01 -2.4603e+01 -2.8738e+01 -1.4228e+00 5.1166e+00
14 -9.3371e+00 1.8774e+01 -3.9988e+00 -8.2119e+00 1.8698e+01 3.4288e-01 -3.9734e+00 1.5542e+01 -5.8934e+00 -7.9725e+00 1.1690e+01 7.7536e+00 -6.1106e+00 1.6755e+01 -2.9832e+00 1.8425e+01 -5.0975e+00 -6.2527e+00 1.7417e+01 -9.0653e+00 -3.2870e+00 6.2034e+00 -9.6800e+00 3.0713e+00 -4.7474e+00 1.5672e+01 3.6927e+00 1.5612e+01 -9.5781e+00 3.3707e+00 1.9492e+01 -6.4980e+00 -5.9708e-01 -9.5443e+00 1.5677e+01 -7.8490e-02 -2.2217e+00 1.5817e+01 -4.3559e+00 6.5265e+00 1.3075e+01 2.4990e+00 -1.1685e+01 -1.4052e+01 -2.3233e+01 -6.7955e-01 2.1275e+01 -3.2875e+01 -3.1173e+01 -1.9979e+01 -1.5603e+00 6.2540e+00 -2.4153e+01 -7.6703e+00 -2.6662e+01 -1.8606e+01 1.4098e+01 -3.2219e+01 -3.0366e+01 -2.4813e+01 -4.2836e-02 1.0325e+00 -1.1187e+01 -1.0623e+01 -2.6276e+01 -1.5323e+01 1.0862e+01 2.5898e+01 9.0995e+00 -1.7583e+01 1.0737e+01 -3.0864e+01 -2.8867e+01 9.5132e+00 -6.8949e+00 1.0403e+01 -1.8262e+01 1.8084e+01 -2.1063e+01 -2.4298e+01 -7.8018e+00 5.1568e+00 -2.2384e+01 -4.8274e+00 -2.3339e+01 -2.0805e+01 2.0212e+01 -2.4609e+01 -1.2126e+00 -2.9564e+01 -4.0826e+00 1.9231e+01 -1.4190e+01 4.9738e+00 -2.3645e+01 1.1360e+01 7.1969e+00 -3.4234e+01 -3.2701e+01 -2.5071e+01 -1.1354e+00 1.4062e+00 -2.9119e+01 -2.8834e+01 -2.6233e+01 -2.2880e+00 4.4068e+00
