frame G1:C1-C2 G1:C3-C4 G1:C1-CC G2:C1-C2 G2:C3-C4 G2:C1-CC C3:C1-C2 C3:C3-C4 C3:C1-CC A4:C1-C2 A4:C3-C4 A4:C1-CC C5:C1-C2 C5:C3-C4 C5:C1-CC G6:C1-C2 G6:C3-C4 G6:C1-CC A7:C1-C2 A7:C3-C4 A7:C1-CC A8:C1-C2 A8:C3-C4 A8:C1-CC G9:C1-C2 G9:C3-C4 G9:C1-CC G10:C1-C2 G10:C3-C4 G10:C1-CC U11:C1-C2 U11:C3-C4 U11:C1-CC G12:C1-C2 G12:C3-C4 G12:C1-CC C13:C1-C2 C13:C3-C4 C13:C1-CC C14:C1-C2 C14:C3-C4 C14:C1-CC G1:C4p-P-plus G1:C3p-P-plus G2:C4p-P G2:C5p-P G2:C5s-P G2:C4p-P-plus G2:C3p-P-plus C3:C4p-P C3:C5p-P C3:C5s-P C3:C4p-P-plus C3:C3p-P-plus A4:C4p-P A4:C5p-P A4:C5s-P A4:C4p-P-plus A4:C3p-P-plus C5:C4p-P C5:C5p-P C5:C5s-P C5:C4p-P-plus C5:C3p-P-plus G6:C4p-P G6:C5p-P G6:C5s-P G6:C4p-P-plus G6:C3p-P-plus A7:C4p-P A7:C5p-P A7:C5s-P A7:C4p-P-plus A7:C3p-P-plus A8:C4p-P A8:C5p-P A8:C5s-P A8:C4p-P-plus A8:C3p-P-plus G9:C4p-P G9:C5p-P G9:C5s-P G9:C4p-P-plus G9:C3p-P-plus G10:C4p-P G10:C5p-P G10:C5s-P G10:C4p-P-plus G10:C3p-P-plus U11:C4p-P U11:C5p-P U11:C5s-P U11:C4p-P-plus U11:C3p-P-plus G12:C4p-P G12:C5p-P G12:C5s-P G12:C4p-P-plus G12:C3p-P-plus C13:C4p-P C13:C5p-P C13:C5s-P C13:C4p-P-plus C13:C3p-P-plus C14:C4p-P C14:C5p-P C14:C5s-P
0 -9.7180e+00 1.3168e+01 4.6391e-01 -9.6950e+00 1.8715e+01 -2.7341e+00 -9.6667e+00 1.9373e+01 1.1366e+00 -9.3814e+00 1.3386e+01 2.7098e+00 -9.5866e+00 1.7937e+01 2.3466e+00 -9.6995e+00 1.3761e+01 1.7648e+00 1.7533e+01 -4.8332e+00 1.7447e+01 -9.6583e+00 9.0587e+00 2.3508e+00 1.6213e+01 -5.6512e+00 1.0970e+01 -8.6679e+00 1.7797e+01 -5.7342e+00 -7.9869e+00 1.7854e+01 -1.5651e+00 -9.6720e+00 1.8241e+01 8.1310e+00 -6.6298e+00 1.8847e+01 1.1170e+00 -6.6416e+00 1.9254e+01 2.1510e-01 -2.2013e+01 -1.6518e+01 -1.4441e+01 3.7962e+00 -4.7865e+00 -1.3284e+01 -1.3682e+01 -1.6760e+01 -1.4798e+01 1.5093e+01 -1.0881e+01 -1.2887e+01 -1.9895e+01 -5.7140e+00 1.2554e+01 -1.8344e+01 -1.6393e+01 -1.7472e+01 -1.9708e+00 2.4074e+00 -6.9256e+00 -7.6049e+00 -1.8291e+01 8.6520e+00 -1.6367e+00 -1.4517e+01 -6.9931e+00 1.7493e+01 -1.7844e+01 -1.3237e+00 6.4955e+00 -2.2046e+01 -1.1771e+01 1.1494e+01 -7.5464e+00 -5.2730e+00 -9.3793e+00 -1.1197e+01 1.0016e+01 -1.4347e+01 -1.6366e+01 -6.5922e+00 -1.2594e+01 1.0981e+01 -1.2147e+01 -1.9599e+01 -2.0996e+01 -1.2697e+01 -2.2669e+00 -5.1971e-01 -1.5169e+01 -1.3837e+01 -1.3223e+01 -2.2905e+00 1.1733e+01 -1.7850e+01 -1.6721e+01 -1.7228e+01 -8.3728e+00 9.1672e+00 -2.0385e+01 -1.9844e+01 -9.6442e+00 -1.5587e+00 1.3645e+00
1 -9.7308e+00 1.8848e+01 -9.0662e+00 -8.4012e+00 1.7274e+01 2.3157e+00 -7.7332e+00 1.9488e+01 -7.2345e+00 -8.8584e+00 1.8956e+01 -5.3616e-01 -8.7263e+00 1.4203e+01 -4.4109e+00 -9.7543e+00 1.7651e+01 1.5145e+00 -1.4222e+00 -5.6819e+00 -8.7729e+00 -9.7526e+00 7.2688e+00 1.1456e+01 1.8647e+01 -4.4874e+00 -3.6253e+00 -8.2669e+00 1.2568e+01 4.7289e+00 -6.3440e+00 1.8895e+01 -4.3586e+00 -8.4759e+00 1.8924e+01 -2.3340e+00 -8.7009e+00 1.5633e+01 2.8307e+00 -8.2648e+00 1.8323e+01 -1.2619e+00 -2.1771e+01 -2.0174e+01 -1.6393e+01 -5.2944e+00 5.6097e+00 -1.7645e+01 -1.5568e+01 -1.5466e+01 3.0459e-01 6.7814e+00 -2.0325e+01 -2.0360e+01 -1.7442e+01 -9.2769e+00 8.8830e+00 -1.4308e+01 -1.6373e+01 -1.3499e+01 -7.0755e+00 1.2446e+01 4.3297e-01 -7.3261e+00 -1.7189e+01 -4.7920e+00 1.3552e+01 -3.4154e+00 1.6417e+00 1.6449e+01 -1.5266e+01 -8.4688e+00 2.0207e+00 -2.1301e+01 -1.3563e+01 9.4938e+00 -6.3635e+00 -2.2039e+00 -1.3917e+01 -8.6325e+00 6.1482e+00 -9.3993e+00 -1.3091e+01 -6.3004e+00 -1.3354e+01 8.1923e+00 -9.3780e+00 -1.1574e+01 -1.3410e+01 -1.2696e+01 3.7146e+00 2.8730e+00 -1.9841e+01 -1.6510e+01 -1.8099e+01 7.8714e-01 4.7649e+00 -2.2674e+01 -2.1755e+01 -1.5411e+01 -3.2216e+00 5.7269e+00 -1.2980e+01 -8.4078e+00 -2.2341e+01 3.7722e+00 7.5483e+00
2 -6.5166e+00 1.8596e+01 -6.9746e+00 -7.8235e+00 1.4753e+01 -1.0717e+00 -8.4187e+00 1.8501e+01 -3.5662e+00 -9.4917e+00 1.7056e+01 2.1979e+00 -8.5512e+00 1.8970e+01 5.5507e+00 -9.7017e+00 1.6062e+01 -9.7213e-01 -1.1463e+00 -1.9149e-01 -8.9983e+00 -7.9403e+00 6.7644e+00 9.1788e+00 1.4779e+01 -7.5014e+00 4.3178e+00 -9.7539e+00 1.7686e+01 -5.1260e+00 -7.7868e+00 1.8553e+01 -1.6948e+00 -9.7478e+00 1.6577e+01 1.7067e+00 -8.5946e+00 1.8246e+01 -2.8753e+00 -6.6277e+00 1.8450e+01 2.8683e+00 -2.0521e+01 -1.7696e+01 -1.2080e+01 -2.7098e+00 9.7107e+00 -2.0953e+01 -1.5399e+01 -1.6554e+01 5.8466e+00 2.1259e+00 -1.5761e+01 -1.4921e+01 -1.5569e+01 -5.7943e+00 1.0253e+01 -1.9574e+01 -1.9603e+01 -1.8438e+01 -1.0306e+00 8.4476e+00 -2.3870e+00 -7.6340e+00 -1.9419e+01 -7.8652e+00 1.3644e+01 -9.2465e+00 -2.5988e+00 1.6644e+01 -2.0577e+01 6.9188e-01 -1.0879e+01 -1.7464e+01 -1.7540e+01 8.6481e+00 4.7126e+00 -5.7715e+00 -1.4115e+01 -4.9049e+00 8.0361e+00 -1.6348e+01 -1.8975e+01 4.5973e+00 -3.8809e+00 7.5909e+00 -1.5819e+01 -2.0932e+01 -1.9667e+01 -1.5295e+01 8.2569e-01 2.3218e+00 -2.1148e+01 -1.7738e+01 -1.6854e+01 -3.2309e+00 1.3886e+01 -1.8752e+01 -1.4278e+01 -1.5362e+01 1.1879e+00 8.4477e+00 -2.2239e+01 -2.0357e+01 -1.6008e+01 9.0026e+00 -4.1611e+00
3 -9.4596e+00 1.9367e+01 -2.6238e-01 -8.8267e+00 1.8951e+01 1.2004e+00 -9.6102e+00 1.6903e+01 -4.4969e+00 -5.8346e+00 1.6144e+01 -1.8766e+00 -9.0309e+00 1.8172e+01 7.6661e-03 -9.4066e+00 1.8239e+01 3.3651e+00 7.1973e+00 -9.2577e+00 5.0436e+00 -9.4522e+00 1.3090e+01 8.0342e+00 1.6627e+01 -9.5591e+00 6.3062e+00 -2.4458e+00 1.5470e+01 6.6661e-01 -8.8145e+00 1.8393e+01 -3.2559e+00 -6.7261e+00 1.8130e+01 1.2857e+00 -4.2843e+00 1.7322e+01 2.2235e-01 -7.3330e+00 1.8170e+01 -2.4245e+00 -1.8168e+01 -1.7606e+01 -1.7528e+01 -3.8106e+00 2.9108e+00 -2.0521e+01 -1.7745e+01 -1.5735e+01 -5.1288e+00 1.0075e+01 -1.6978e+01 -1.5212e+01 -2.0668e+01 -1.1250e-01 9.5546e+00 -1.3764e+01 -1.9420e+01 -1.7184e+01 2.9532e+00 7.2624e+00 -4.7307e+00 -5.9265e+00 -2.0960e+01 5.5352e+00 7.3387e+00 -1.5068e+01 -8.5964e+00 8.6794e+00 -2.0987e+01 3.0827e+00 1.2065e+01 -2.2466e+01 -1.3293e+01 9.2921e+00 1.5876e+00 -9.2808e+00 -1.6424e+01 7.7365e+00 -6.3153e+00 2.9229e+00 1.6950e+01 -1.2236e+01 1.6111e+01 2.9080e-01 -1.7608e+01 -2.2086e+01 -1.6921e+01 -1.5781e+01 3.4388e+00 -2.8355e+00 -1.8725e+01 -1.7074e+01 -1.4578e+01 -7.1416e+00 6.5646e+00 -2.0811e+01 -1.9528e+01 -1.9032e+01 -7.3181e-01 4.8153e+00 -1.6238e+01 -1.7129e+01 -1.9557e+01 -2.1923e-01 6.7809e+00
4 -9.6841e+00 1.9215e+01 4.5825e+00 -5.7119e+00 1.9222e+01 7.7657e-01 -9.1798e+00 1.8967e+01 -2.7650e+00 -9.1107e+00 1.6886e+01 4.2489e-01 -6.5928e+00 1.5857e+01 -4.5131e+00 -9.2316e+00 1.6357e+01 2.8098e+00 7.0106e+00 -7.6997e+00 -7.9294e+00 -9.5217e+00 6.7497e+00 3.8609e+00 -9.2420e+00 1.3554e+01 1.1267e+01 -8.9705e+00 1.4357e+01 5.3017e-01 -9.4899e+00 1.6752e+01 -3.8477e+00 -6.9344e+00 1.4471e+01 -1.8589e-01 -6.8457e+00 1.9101e+01 5.7102e-01 5.4551e-02 1.7170e+01 2.7303e+00 -1.3854e+01 -1.1472e+01 -1.8235e+01 -8.2484e-01 5.1676e+00 -2.1424e+01 -2.1346e+01 -1.6628e+01 -1.0917e+00 3.5413e+00 -1.9843e+01 -1.7485e+01 -1.6460e+01 -4.6444e-01 9.6688e+00 -1.7762e+01 -1.3534e+01 -1.6804e+01 -9.1614e+00 1.0609e+01 -1.3592e+01 -1.1799e+01 -1.6169e+01 -3.3730e+00 9.9643e+00 -1.9046e+01 -1.1739e+01 1.6627e+01 -9.5629e+00 3.5708e+00 2.9231e+00 -1.9160e+01 -1.2388e+01 1.1526e+01 -5.0635e+00 -2.7736e+00 -6.9571e+00 -8.4837e+00 9.8368e+00 -9.0326e+00 -1.3320e+01 -2.0531e+01 -1.3567e+01 7.5952e+00 1.4065e+00 -1.2808e+01 -1.5028e+01 -2.1719e+01 9.2388e+00 1.3394e+00 -1.9404e+01 -1.6268e+01 -1.5786e+01 -1.7245e+00 9.0112e+00 -1.6825e+01 -1.3466e+01 -1.6112e+01 -8.0025e+00 1.4091e+01 -1.7669e+01 -1.5331e+01 -9.9758e+00 -9.1268e+00 1.2266e+01
5 -8.8670e+00 1.9142e+01 -5.5746e+00 -9.5382e+00 1.6733e+01 2.6820e+00 -9.5517e+00 1.7286e+01 -3.1195e+00 -7.7394e+00 1.8005e+01 -2.5314e-01 -8.4021e+00 1.9279e+01 2.4069e-01 -9.6777e+00 1.3745e+01 5.0642e-01 1.7563e+01 -7.2677e+00 3.8171e+00 -9.5451e+00 5.7891e+00 3.6552e+00 1.6025e+01 -6.6553e+00 5.1380e+00 -8.8573e+00 1.7808e+01 4.0604e+00 -7.1586e+00 1.8185e+01 -2.4507e-01 -8.7716e+00 1.8006e+01 3.7105e+00 -8.1499e+00 1.5542e+01 1.2700e+00 1.3031e+01 -7.4083e+00 1.7451e+00 -1.7613e+01 -1.4577e+01 -1.8385e+01 -1.1313e+01 1.2115e+01 -1.3759e+01 -1.2691e+01 -1.1224e+01 -6.8024e+00 1.4388e+01 -1.7786e+01 -1.9725e+01 -2.1394e+01 -4.7405e+00 8.2787e+00 -2.0504e+01 -1.8316e+01 -1.3862e+01 -1.9177e+00 5.7396e+00 -1.3961e+01 -1.3474e+01 -1.8764e+01 -2.3612e+00 3.3655e+00 -1.7891e+01 -8.2232e+00 1.0538e+01 -2.2477e+01 6.5641e+00 3.5840e+00 -1.8792e+01 -1.0553e+01 5.9048e+00 -8.8058e-01 -1.1889e+01 -1.1723e+01 -1.0054e+01 6.3861e+00 1.6621e+00 -1.4521e+01 -2.4842e+00 -3.4995e+00 6.3324e+00 -1.5670e+01 -9.3847e+00 -1.2476e+01 -2.1206e+01 -7.1231e-01 4.6876e+00 -1.9358e+01 -1.8652e+01 -1.7929e+01 -9.6446e+00 1.4584e+01 -1.9458e+01 -1.9612e+01 -2.1455e+01 2.5822e+00 8.3376e+00 -2.0884e+01 -1.9547e+01 -1.9481e+01 1.3560e+00 3.9402e+00
6 -9.4413e+00 1.7818e+01 -2.0405e-01 -7.1540e+00 1.6396e+01 -4.9360e+00 -8.5870e+00 1.8860e+01 -2.9553e+00 -8.2189e+00 1.9025e+01 -5.2290e-01 -6.4771e+00 1.8288e+01 -3.2402e+00 -9.7539e+00 1.5383e+01 3.8144e+00 -1.7292e+00 -6.5387e+00 -7.2829e+00 -9.7170e+00 8.2440e+00 7.7684e-01 1.7907e+01 -8.5338e+00 -5.6408e-01 -9.4722e+00 1.6130e+01 -2.7568e+00 -8.4689e+00 1.6696e+01 -2.3498e+00 -9.5395e+00 1.9147e+01 2.7814e+00 -9.7287e+00 1.7075e+01 -2.9411e+00 1.7621e+01 -5.3443e+00 3.2543e+00 -2.0011e+01 -1.7497e+01 -1.2617e+01 -7.4819e+00 1.2416e+01 -8.8801e+00 -1.4468e+01 -1.6501e+01 -8.0816e+00 1.2749e+01 -1.4900e+01 -1.3073e+01 -1.7635e+01 -9.3467e+00 1.4554e+01 -2.1697e+01 -2.0123e+01 -1.7151e+01 -8.0927e+00 1.1104e+01 -6.8461e+00 -5.1352e+00 -2.0004e+01 8.4776e+00 3.3161e+00 -1.4344e+01 -4.2596e+00 1.6023e+01 -1.8076e+01 -2.7819e+00 1.9250e-01 -2.1066e+01 -9.8557e+00 2.7440e+00 9.3501e-01 -5.5238e+00 -6.9889e+00 8.3669e+00 -1.6201e+01 1.1623e+01 1.3902e+01 -7.9103e+00 9.9628e+00 -9.4305e+00 -1.5733e+01 -1.7109e+01 -1.7933e+01 -1.6918e+01 2.0339e+00 9.2068e+00 -1.8738e+01 -1.6553e+01 -1.8872e+01 -4.4686e+00 8.4562e+00 -2.1380e+01 -2.1921e+01 -1.7478e+01 5.5330e+00 -1.3901e+00 -2.0310e+01 -1.6591e+01 -1.5310e+01 -8.9935e+00 9.8077e+00
7 -9.2827e+00 1.5862e+01 -5.2440e+00 -8.8295e+00 1.5177e+01 -6.1587e+00 -8.8540e+00 1.9155e+01 2.4682e+00 -8.4487e+00 1.9172e+01 4.7234e+00 -6.1634e+00 1.8911e+01 5.7372e-01 -8.2421e+00 1.7298e+01 -7.8784e-01 3.1377e+00 -6.3639e+00 -1.7730e+00 -9.6420e+00 3.6037e+00 2.8835e+00 1.9280e+01 -3.5052e+00 4.7662e+00 -7.7372e+00 1.2624e+01 -2.0002e+00 -4.7733e+00 1.8933e+01 2.7066e+00 -9.5338e+00 1.7235e+01 6.8454e+00 -8.9079e+00 1.7876e+01 -5.1493e+00 -6.6606e+00 1.8903e+01 -1.0865e+00 -2.0714e+01 -1.4370e+01 -1.7144e+01 -1.0519e+01 1.2618e+01 -1.4596e+01 -2.0091e+01 -1.5867e+01 3.0119e+00 2.9354e+00 -2.0367e+01 -2.0589e+01 -1.5931e+01 -3.0169e+00 9.7408e+00 -1.7766e+01 -1.7647e+01 -1.7842e+01 -5.4084e+00 1.2524e+01 -1.8563e+01 -1.8740e+01 -1.1726e+01 -6.8514e+00 4.6654e+00 -7.3967e+00 -1.2273e+00 1.5506e+01 -1.7290e+01 -3.1337e+00 6.5386e+00 -1.9726e+01 -1.2427e+01 1.1023e+01 -5.2849e+00 -4.6917e+00 -1.1126e+01 -1.2744e+01 1.0853e+01 -1.7713e+01 -1.4801e+01 -7.8323e+00 -1.3383e+01 7.8603e-01 -1.1223e+00 -9.6485e+00 -1.2807e+01 -2.0580e+01 4.3040e-01 6.3755e+00 -2.0348e+01 -1.8862e+01 -2.0648e+01 -3.8697e+00 1.0571e+01 -1.9769e+01 -1.5841e+01 -1.2970e+01 -2.8409e+00 9.9847e+00 -1.8589e+01 -1.9276e+01 -1.5217e+01 -4.9307e-01 4.4959e+00
8 -9.1507e+00 1.9118e+01 -5.6174e+00 -9.7430e+00 1.6232e+01 7.3787e-01 -5.0047e+00 1.6088e+01 -6.6820e+00 -8.7669e+00 1.8318e+01 3.4291e+00 -7.1498e+00 1.6744e+01 -5.9702e+00 -9.5899e+00 1.7942e+01 -2.3020e+00 1.8732e+01 -9.6896e+00 8.2002e+00 -9.6982e+00 1.1668e+01 -1.2032e+00 1.8552e+01 -9.2415e+00 4.7452e+00 -9.3771e+00 1.9422e+01 -5.4342e+00 -9.6902e+00 1.8112e+01 2.5274e+00 -8.6039e+00 1.0700e+01 3.5316e+00 6.0910e+00 1.7051e+01 1.2876e+00 -8.1614e+00 1.4296e+01 -4.0416e+00 -1.8482e+01 -1.7397e+01 -2.0346e+01 2.7571e+00 8.4998e+00 -1.6440e+01 -1.5626e+01 -1.6333e+01 -8.9799e+00 1.2267e+01 -2.0755e+01 -1.7633e+01 -1.7771e+01 4.2955e+00 3.2991e+00 -2.0332e+01 -1.6129e+01 -1.7236e+01 -3.3557e-01 7.6978e+00 -1.3161e+01 -7.8742e+00 -1.2467e+01 -1.7347e-01 4.3793e+00 -1.9627e+01 -1.4714e+01 4.7777e+00 -1.4250e+01 6.2777e+00 8.7387e+00 -2.1301e+01 -4.2826e+00 7.6770e+00 -1.3105e+01 -1.5217e+01 -1.1664e+01 -1.1027e+01 4.9156e+00 2.3811e+00 -1.0703e+01 8.4009e-01 1.3412e+00 7.9055e+00 -1.7029e+01 -2.0505e+01 -1.9510e+01 -1.7028e+01 1.2356e+00 3.9370e+00 -2.1464e+01 -1.8006e+01 -1.8529e+01 2.6026e+00 1.0497e+01 -1.8396e+01 -1.6840e+01 -1.4332e+01 -2.2219e+00 5.1380e+00 -1.9185e+01 -1.3725e+01 -1.9403e+01 2.6104e+00 -5.9538e-01
9 -7.8175e+00 1.6285e+01 -2.9350e+00 -8.5549e+00 1.8526e+01 3.9294e+00 -9.4817e+00 1.8079e+01 -1.0674e+00 -8.8193e+00 1.8298e+01 3.0280e+00 -9.3476e+00 1.7733e+01 5.9180e-01 -7.7317e+00 1.8184e+01 2.9925e+00 -5.5697e+00 -8.4832e+00 -8.5365e+00 -9.6180e+00 9.9701e+00 4.2263e+00 1.8398e+01 -8.6208e+00 1.6701e+01 -6.7460e+00 1.8930e+01 -2.1734e+00 -4.3615e+00 1.5758e+01 2.6180e+00 -6.7701e+00 1.9347e+01 -1.0388e+00 -7.5736e+00 1.6748e+01 -4.9363e+00 -9.3720e+00 1.7381e+01 3.3668e+00 -1.6234e+01 -1.7038e+01 -1.7246e+01 3.1215e+00 2.1876e+00 -1.7068e+01 -1.9499e+01 -1.2872e+01 2.1738e-01 7.4964e+00 -1.8417e+01 -1.4244e+01 -1.8132e+01 -1.2509e+01 1.5293e+01 -1.8000e+01 -1.7359e+01 -1.8629e+01 6.6903e+00 -1.3124e+00 -6.7390e+00 -5.8875e+00 -1.5733e+01 -2.1706e+00 6.8950e+00 -7.7662e+00 -2.0820e+00 1.3213e+01 -1.2764e+01 -8.6484e+00 4.4904e+00 -1.9000e+01 -9.5852e+00 1.0009e+01 -1.2093e+01 -9.2178e+00 -1.6284e+01 3.8699e-01 1.8906e+00 3.4537e+00 1.5877e+01 -1.7807e+00 -1.5993e+00 4.9704e+00 -1.7236e+01 -1.7737e+01 -1.7059e+01 -1.6534e+01 2.8688e+00 1.6520e+00 -2.0738e+01 -1.6182e+01 -1.7819e+01 -1.5050e+00 9.9509e+00 -1.9295e+01 -1.8960e+01 -1.7672e+01 -5.7174e+00 5.7905e+00 -1.5050e+01 -1.2921e+01 -1.8231e+01 -1.9623e-01 3.7758e+00
