frame G1:C1-C2 G1:C3-C4 G1:C1-CC G2:C1-C2 G2:C3-C4 G2:C1-CC C3:C1-C2 C3:C3-C4 C3:C1-CC A4:C1-C2 A4:C3-C4 A4:C1-CC C5:C1-C2 C5:C3-C4 C5:C1-CC G6:C1-C2 G6:C3-C4 G6:C1-CC A7:C1-C2 A7:C3-C4 A7:C1-CC A8:C1-C2 A8:C3-C4 A8:C1-CC G9:C1-C2 G9:C3-C4 G9:C1-CC G10:C1-C2 G10:C3-C4 G10:C1-CC U11:C1-C2 U11:C3-C4 U11:C1-CC G12:C1-C2 G12:C3-C4 G12:C1-CC C13:C1-C2 C13:C3-C4 C13:C1-CC C14:C1-C2 C14:C3-C4 C14:C1-CC G1:C4p-P-plus G1:C3p-P-plus G2:C4p-P G2:C5p-P G2:C5s-P G2:C4p-P-plus G2:C3p-P-plus C3:C4p-P C3:C5p-P C3:C5s-P C3:C4p-P-plus C3:C3p-P-plus A4:C4p-P A4:C5p-P A4:C5s-P A4:C4p-P-plus A4:C3p-P-plus C5:C4p-P C5:C5p-P C5:C5s-P C5:C4p-P-plus C5:C3p-P-plus G6:C4p-P G6:C5p-P G6:C5s-P G6:C4p-P-plus G6:C3p-P-plus A7:C4p-P A7:C5p-P A7:C5s-P A7:C4p-P-plus A7:C3p-P-plus A8:C4p-P A8:C5p-P A8:C5s-P A8:C4p-P-plus A8:C3p-P-plus G9:C4p-P G9:C5p-P G9:C5s-P G9:C4p-P-plus G9:C3p-P-plus G10:C4p-P G10:C5p-P G10:C5s-P G10:C4p-P-plus G10:C3p-P-plus U11:C4p-P U11:C5p-P U11:C5s-P U11:C4p-P-plus U11:C3p-P-plus G12:C4p-P G12:C5p-P G12:C5s-P G12:C4p-P-plus G12:C3p-P-plus C13:C4p-P C13:C5p-P C13:C5s-P C13:C4p-P-plus C13:C3p-P-plus C14:C4p-P C14:C5p-P C14:C5s-P
0 -9.3350e+00 1.7135e+01 -3.4980e+00 -9.7443e+00 1.4645e+01 1.6709e+00 -8.9190e+00 1.9030e+01 -2.7870e+00 -4.1651e+00 1.4282e+01 -3.7477e+00 -8.2667e+00 1.7816e+01 -4.7332e+00 1.4316e+01 -8.1751e+00 8.6458e+00 2.8583e+00 -7.4437e+00 1.5374e+00 -9.4626e+00 1.2525e+01 8.5180e+00 -9.1538e+00 1.4852e+01 3.9676e+00 -9.1389e+00 1.1350e+01 -3.7848e+00 -4.0560e+00 1.9242e+01 -4.4161e+00 -8.0866e+00 1.5758e+01 1.4099e+00 -5.6825e+00 1.8795e+01 -5.7746e-01 -6.7901e+00 1.8258e+01 -3.7905e+00 -2.1552e+01 -2.1317e+01 -1.9212e+01 -1.0070e+01 8.2123e+00 -2.0419e+01 -1.6103e+01 -2.3660e+01 -1.0637e+01 1.3655e+01 -2.5794e+01 -2.3719e+01 -1.7944e+01 -1.0088e+01 8.8533e+00 -2.1838e+01 -8.6139e+00 -2.2059e+01 -2.1267e+01 -1.1349e+01 -5.3862e+00 -6.0926e+00 -1.2126e+01 -9.3918e+00 1.1511e+01 5.7021e+00 -1.2444e+01 -9.0497e-03 1.5955e+01 -2.2436e+01 1.9054e+00 -9.3054e+00 -2.0749e+01 4.2768e+00 2.7564e+00 -1.7587e+01 -1.8761e+01 -2.2200e+01 1.2862e+01 -5.3991e+00 -1.8619e+01 -6.3835e+00 -8.9300e-01 -6.5877e+00 -6.8585e+00 -6.2460e+00 -1.7252e+01 -2.1800e+01 -1.5490e+00 1.2560e+01 -1.8446e+01 -1.6290e+01 -1.9236e+01 1.8801e+00 1.0187e+01 -2.4817e+01 -2.1311e+01 -1.9356e+01 2.3085e+00 7.9100e+00 -1.6607e+01 -1.7464e+01 -2.1955e+01 -4.4041e+00 9.6839e+00
1 -8.5067e+00 1.9295e+01 -6.5048e+00 -8.9677e+00 1.4423e+01 -1.7881e+00 -9.7536e+00 1.9266e+01 -2.3566e+00 -7.8491e+00 1.4378e+01 6.4956e+00 -5.7078e+00 1.7270e+01 -2.3764e+00 -9.0875e+00 1.5715e+01 4.3463e+00 -6.0232e+00 -8.1351e+00 -9.2196e+00 -4.5632e+00 1.6028e+01 8.5847e+00 -9.7462e+00 1.5319e+01 1.0283e+01 -7.4012e+00 1.7227e+01 -5.0682e+00 -9.2152e+00 1.7825e+01 -2.9833e+00 -9.1754e+00 1.4868e+01 2.3456e+00 -7.7397e+00 1.8896e+01 3.3456e+00 -1.8185e+00 1.7647e+01 -4.2587e-01 -2.2926e+01 -2.4651e+01 -2.3215e+01 -5.2812e+00 1.0575e+01 -1.3030e+01 -1.4867e+01 -1.9851e+01 -2.6846e+00 9.2492e+00 -2.1424e+01 -2.2620e+01 -1.8687e+01 -7.9481e+00 1.1633e+01 -2.0733e+01 -2.0062e+01 -2.0660e+01 -1.3599e+01 1.4388e+01 -1.7752e+01 -1.3513e+01 -2.3334e+01 -5.4332e+00 7.0123e+00 -1.2782e+01 -2.0842e+01 -1.9591e+01 -6.2291e+00 3.5916e+00 -4.6229e-01 -1.1576e+01 -2.1128e+01 1.4110e+01 -1.8896e+00 -2.5514e+01 -1.8050e+01 -1.3236e+01 9.4171e+00 -8.8065e+00 -3.5346e+00 -9.4277e-01 -1.4086e+01 -7.0907e+00 1.6308e+01 -2.3359e+01 -2.2663e+01 -2.2535e+01 -1.0837e+01 1.3847e+01 -1.8955e+01 -2.0768e+01 -2.1331e+01 -1.0537e+01 1.3117e+01 -1.9953e+01 -2.2449e+01 -2.1604e+01 -5.6088e+00 9.7542e+00 -1.8145e+01 -1.6899e+01 -2.0428e+01 -5.3626e+00 1.3031e+01
2 -9.2787e+00 1.7234e+01 3.0345e+00 1.4194e+01 -8.3274e+00 5.1016e+00 4.2511e-01 1.8359e+01 -2.8528e+00 1.0369e+00 1.8489e+01 6.0488e+00 -8.5027e+00 1.9239e+01 -4.6534e-01 -6.2266e+00 1.8796e+01 3.5683e+00 -4.8675e+00 1.7566e+01 5.0903e+00 -8.2290e+00 1.4335e+01 5.4950e+00 -8.3148e+00 1.3652e+01 6.9606e+00 -9.7432e+00 1.4628e+01 5.4899e+00 -7.6910e+00 1.7766e+01 3.9418e+00 -8.5161e+00 1.8325e+01 4.7090e+00 -9.7512e+00 1.6336e+01 3.2128e+00 1.8744e+01 -5.8446e+00 2.5660e+00 -1.6746e+01 -7.8008e+00 -1.4031e+01 -1.5210e+01 1.4275e+01 -1.9445e+01 -4.3829e+00 -2.2704e+01 2.2250e+00 1.1525e+01 -1.9764e+01 -2.1049e+01 -1.8464e+01 7.4291e+00 -4.3085e-01 -1.8978e+01 -1.6920e+01 -1.6790e+01 7.2814e+00 -6.1022e+00 -7.2566e+00 -6.0995e+00 -2.0200e+01 -8.8008e+00 1.4618e+01 -1.9084e+01 -1.4926e+01 1.7752e+01 -2.5277e+01 -7.6815e-01 -1.3376e+01 -8.1214e+00 -2.4391e+01 1.0532e+01 7.7532e-01 -2.2701e+01 -1.9124e+01 -2.1812e+01 -1.7038e+00 7.7305e+00 5.1870e+00 8.1187e+00 -1.6228e+01 -4.2390e+00 1.1955e+01 -2.0872e+01 -1.9022e+01 -1.5674e+01 -4.6054e+00 9.5612e+00 -2.4320e+01 -2.0940e+01 -1.9193e+01 8.8469e-02 4.6857e+00 -2.1618e+01 -1.5931e+01 -2.2019e+01 -1.8564e+00 5.1980e+00 1.2908e+01 1.6990e+01 1.8745e+01 -1.0237e+01 -2.0989e+01
3 -8.6830e+00 1.4900e+01 -6.8137e+00 -9.5567e+00 1.8149e+01 -2.5656e-01 -9.6687e+00 1.6683e+01 -4.8475e-01 -5.9764e+00 1.8246e+01 -9.0731e-01 -5.2435e+00 1.5404e+01 -3.4769e+00 -7.3510e+00 1.9013e+01 6.8383e+00 -5.7343e+00 1.2778e+01 -7.9854e+00 -6.7611e+00 1.6974e+01 2.2171e+00 -9.7545e+00 1.7954e+01 7.3782e+00 -8.1420e+00 1.4953e+01 -3.5945e+00 -7.5410e+00 1.8095e+01 1.6236e+00 -9.5907e+00 1.8831e+01 6.9994e+00 -9.3513e+00 1.6228e+01 5.6041e+00 -3.1212e+00 1.8960e+01 -2.5877e-01 -1.1856e+01 -1.1133e+01 -1.5744e+01 -6.2980e+00 7.2987e+00 -2.4128e+01 -2.0363e+01 -2.1497e+01 -9.2811e+00 1.4394e+01 -2.2660e+01 -2.4025e+01 -2.1167e+01 1.2508e-01 8.1564e+00 -2.2466e+01 -2.0275e+01 -1.8780e+01 -3.2572e+00 1.0485e+01 -1.4710e+01 -5.2608e+00 -2.2131e+01 -1.1890e+00 5.5008e+00 -1.8987e+01 -2.0285e+01 1.3382e+01 -2.4142e+01 -3.3803e-01 -2.1326e+01 -1.8818e+01 -1.7477e+01 7.1813e+00 8.0031e+00 -2.4517e+01 -1.7429e+01 -1.5199e+01 1.0179e+01 -9.4384e+00 1.3887e-01 6.2193e+00 -1.4829e+01 -1.6240e+00 1.9344e+00 -1.9993e+01 -2.1200e+01 -1.8951e+01 -3.6668e+00 6.0085e+00 -2.5179e+01 -2.1011e+01 -1.6503e+01 -3.4882e+00 1.2503e+01 -2.5656e+01 -2.3050e+01 -1.9140e+01 2.1062e+00 4.9416e+00 -1.9139e+01 -2.5598e+01 -1.1437e+01 2.7971e+00 -6.0714e+00
4 -8.4648e+00 1.4154e+01 -5.6189e+00 -8.8900e+00 1.7743e+01 -1.4423e+00 -9.4204e+00 1.9200e+01 -4.7830e+00 -8.2376e+00 1.6427e+01 3.9066e+00 -9.2176e+00 1.8268e+01 2.8565e+00 -6.7779e+00 1.8363e+01 4.1912e+00 -9.1664e+00 1.8265e+01 -2.3561e+00 -6.2693e+00 1.1871e+01 7.3625e+00 -9.3331e+00 1.7727e+01 7.1171e+00 -9.7548e+00 1.5281e+01 1.7642e-01 -9.7382e+00 1.7025e+01 3.5146e-01 -8.0546e+00 1.5823e+01 -2.1912e+00 -8.8293e+00 1.6831e+01 2.1909e+00 -9.3023e+00 1.8430e+01 2.5927e+00 -1.6330e+01 -1.2927e+01 -1.8158e+01 -6.8024e+00 1.4448e+01 -2.4705e+01 -2.1058e+01 -2.2535e+01 2.4135e+00 4.6079e+00 -2.3361e+01 -2.4275e+01 -2.0776e+01 1.4621e+00 2.6308e+00 -2.4542e+01 -1.9804e+01 -1.7894e+01 -2.7941e+00 -3.1642e-01 -1.2763e+01 -8.4376e+00 -2.1292e+01 -3.7358e+00 1.1606e+01 -1.7153e+01 -1.8075e+01 1.5707e+01 -2.3910e+01 1.4966e-02 -1.7072e+01 -1.4405e+01 -1.8868e+01 2.3671e-01 1.3624e+01 -2.5172e+01 -1.8141e+01 -2.1057e+01 5.2901e+00 1.0815e+01 2.5515e+00 3.2844e+00 -1.8723e+01 -7.8568e+00 8.8036e+00 -1.6486e+01 -2.0092e+01 -2.3674e+01 2.2252e+00 7.9500e+00 -2.2497e+01 -2.0568e+01 -1.8338e+01 1.6087e+00 6.7378e+00 -1.9250e+01 -2.3223e+01 -2.3590e+01 3.6724e+00 -4.1109e+00 -2.2712e+01 -1.8238e+01 -2.0087e+01 -6.6513e-01 1.2216e+01
5 -7.9791e+00 1.8990e+01 -7.0064e+00 -9.3196e+00 1.6101e+01 1.8138e+00 -3.7676e+00 1.5225e+01 -1.9194e-01 -9.7441e+00 1.8526e+01 5.6302e+00 -5.9374e+00 1.7400e+01 -1.4538e+00 -7.9256e+00 1.4323e+01 3.3184e+00 -1.4738e-01 2.4706e+00 4.7388e+00 -3.9899e+00 1.5768e+01 8.5389e+00 -5.2842e+00 1.2670e+01 4.4716e+00 -9.7159e+00 1.6693e+01 2.6072e+00 -2.3731e+00 1.7821e+01 -3.8631e+00 -8.1661e+00 1.8278e+01 3.2241e+00 -7.8021e+00 1.8860e+01 2.3105e-01 -7.9337e+00 1.9217e+01 -2.0148e+00 -1.8059e+01 -1.7436e+01 -1.5456e+01 -9.6387e+00 1.4429e+01 -2.5148e+01 -1.6513e+01 -1.9729e+01 1.7640e+00 8.7070e+00 -2.4048e+01 -2.3258e+01 -2.1609e+01 -6.0538e+00 1.0168e+01 -2.1985e+01 -2.0290e+01 -2.0348e+01 -7.5744e+00 1.3660e+01 -1.4619e+01 -1.7694e+01 -2.0702e+01 6.1853e+00 7.5042e+00 -1.6631e+01 -1.5762e+01 -1.3718e+01 9.7544e+00 -6.0679e+00 -1.6373e+01 -2.0126e+01 -2.0947e+01 1.3337e+01 -7.1889e+00 -2.2116e+01 -2.0834e+01 -2.1721e+01 4.8791e+00 1.9011e+00 4.4566e+00 1.2212e+01 -1.5326e+01 -2.0946e+00 1.1632e+01 -2.0291e+01 -2.3038e+01 -1.9978e+01 -8.3183e-01 1.2795e+01 -1.9834e+01 -1.7423e+01 -1.8221e+01 -1.7513e+00 1.2407e+01 -2.3587e+01 -2.2317e+01 -1.9128e+01 -5.6806e-01 3.6853e+00 -1.9990e+01 -1.8032e+01 -2.2715e+01 -1.2155e+01 1.1811e+01
6 -8.4041e+00 1.7858e+01 -1.4763e+00 -7.3030e+00 1.6490e+01 -6.5389e-01 -7.7101e+00 1.8095e+01 -3.1221e+00 -7.6950e+00 1.8802e+01 1.4615e+00 -5.6055e+00 1.7640e+01 1.7673e+00 -8.8287e+00 1.7252e+01 3.3484e+00 2.3129e+00 -7.5360e-01 -5.6806e+00 -7.0090e+00 1.5108e+01 7.9305e+00 -9.4993e+00 1.3969e+01 1.0503e+01 -7.7326e+00 1.8597e+01 -1.4027e+00 -8.6306e+00 1.7577e+01 -2.3696e+00 -8.4367e+00 1.7232e+01 -2.3061e+00 -8.9444e+00 1.7992e+01 -3.9499e+00 -7.1461e+00 1.6827e+01 -9.4305e-02 -1.9816e+01 -1.4240e+01 -1.9799e+01 9.1279e+00 3.2847e+00 -1.7814e+01 -1.8582e+01 -2.2214e+01 1.0885e+01 -8.6609e-01 -1.8794e+01 -1.5070e+01 -1.9698e+01 -5.5539e+00 1.4157e+01 -2.4919e+01 -2.2894e+01 -1.1003e+01 -9.7980e+00 1.2145e+01 -1.4509e+01 -8.6629e+00 -2.1365e+01 3.5426e+00 2.9391e+00 -2.3315e+01 -1.7072e+01 -1.1796e+01 -1.4878e+01 9.9177e+00 -8.1852e+00 -2.1352e+01 -2.1138e+01 1.2175e+01 -5.7158e+00 -2.4992e+01 -2.0035e+01 -2.5001e+01 8.0437e+00 -2.0661e+00 8.7839e+00 7.5039e+00 -1.2152e+01 2.3495e+00 8.6640e+00 -2.6531e+01 -2.5056e+01 -1.9362e+01 1.5215e+00 -4.1010e+00 -2.0174e+01 -1.4037e+01 -1.5995e+01 -1.2116e+01 1.0626e+01 -1.6398e+01 -1.7820e+01 -2.4688e+01 -3.6040e+00 9.3677e+00 -2.4462e+01 -2.1222e+01 -2.4122e+01 -5.3258e+00 1.1684e+01
7 -9.2970e+00 1.7454e+01 -5.4966e+00 -7.7366e+00 1.5860e+01 -1.2144e+00 -3.0158e+00 1.4796e+01 3.0768e+00 -6.4373e+00 1.8882e+01 2.0023e-01 -7.2868e+00 1.9213e+01 -1.2898e+00 -6.5990e+00 1.6953e+01 2.0794e+00 -7.3782e+00 1.7068e+01 1.0231e+00 -9.2405e+00 1.7763e+01 -9.9190e-02 -9.1829e+00 1.3608e+01 4.2357e+00 -8.3841e+00 1.6365e+01 -1.9337e-02 -4.1263e+00 1.6687e+01 -9.8066e-01 -3.9293e+00 1.6966e+01 1.4204e+00 -9.7526e+00 1.7989e+01 -3.5066e+00 -6.5916e+00 1.8502e+01 -6.5595e+00 -1.9857e+01 -1.4824e+01 -1.3697e+01 -6.9971e+00 1.2251e+01 -1.8615e+01 -1.9120e+01 -1.9496e+01 -5.4591e+00 1.2568e+01 -1.6040e+01 -1.6487e+01 -2.0191e+01 6.5387e-02 2.9043e+00 -1.4032e+01 -1.5213e+01 -1.5425e+01 1.1446e+00 5.4323e-01 -7.1134e+00 -1.1175e+01 -2.3065e+01 -8.0225e+00 9.7330e+00 -1.5319e+01 -2.0257e+01 1.7588e+01 -2.4383e+01 -1.6625e+00 -1.7957e+01 -1.7749e+01 -2.1284e+01 1.0358e+01 -3.9943e-01 -2.5717e+01 -2.5286e+01 -2.4481e+01 4.6230e-01 6.4323e+00 4.4628e+00 -7.7906e+00 -1.9655e+01 -2.2936e-01 1.3332e-01 -2.3977e+01 -2.1541e+01 -1.8943e+01 -4.9699e+00 1.0373e+01 -2.5053e+01 -2.5774e+01 -1.1248e+01 8.2019e+00 -1.4132e+01 -2.0967e+01 -2.0344e+01 -2.1742e+01 -2.7191e+00 1.4244e+01 -2.2018e+01 -2.1211e+01 -1.9444e+01 -4.6824e-01 5.6312e+00
8 -9.7133e+00 1.5451e+01 -3.6131e+00 -9.3450e+00 1.3509e+01 4.5704e-01 -8.5238e+00 1.7739e+01 5.3849e+00 -5.6407e+00 1.8854e+01 3.6457e+00 -9.6089e+00 1.8505e+01 4.0872e+00 -9.3338e+00 1.9251e+01 9.2634e+00 -6.4859e+00 1.1210e+01 1.1308e+00 -8.3581e+00 1.2344e+01 1.5117e+00 -6.8401e+00 1.4738e+01 6.0962e+00 -9.0114e+00 1.6670e+01 -2.0321e+00 -6.5726e+00 1.7566e+01 -2.7524e+00 -7.8109e+00 1.5359e+01 1.0066e+00 -8.7904e+00 1.8603e+01 -3.9466e+00 -5.5021e+00 1.5599e+01 -3.9438e+00 -2.4446e+01 -1.6640e+01 -1.5994e+01 -8.7223e+00 1.2546e+01 -2.2911e+01 -1.8302e+01 -1.8602e+01 2.1420e+00 5.5348e+00 -2.6025e+01 -2.3525e+01 -1.8818e+01 -3.1973e+00 1.1838e+01 -2.0081e+01 -1.9595e+01 -1.3515e+01 -9.1153e+00 1.1145e+01 -8.1023e+00 -8.1055e+00 -2.1178e+01 -3.0955e-01 8.4288e+00 -1.6827e+01 -1.5977e+01 1.3808e+01 -2.4565e+01 7.1668e-01 -1.8313e+01 -1.0304e+01 -2.2842e+01 4.6434e+00 4.6764e+00 -2.4361e+01 -2.0743e+01 -1.8232e+01 -4.3504e+00 5.9087e+00 6.5558e+00 7.2856e+00 -2.2770e+01 6.5982e-01 1.3071e+01 -2.2480e+01 -1.9998e+01 -1.7646e+01 -1.2799e+01 1.4425e+01 -2.0987e+01 -2.0175e+01 -1.9345e+01 5.5849e+00 1.8044e+00 -2.4427e+01 -1.6534e+01 -2.2947e+01 -3.6690e+00 1.0429e+01 -2.2200e+01 -1.9637e+01 -1.5339e+01 -3.7387e-01 1.1443e+01
9 -9.4891e+00 1.5729e+01 -6.5950e+00 -7.8105e+00 1.7722e+01 -1.5344e+00 -1.0224e+00 1.6555e+01 -6.0012e+00 -8.5229e+00 1.7716e+01 9.5193e+00 -8.7901e+00 1.6880e+01 5.0722e+00 -6.5594e+00 1.8683e+01 1.6339e+00 1.6396e+01 -7.6100e+00 9.6195e+00 6.4058e+00 1.8911e+01 4.3896e+00 -9.4447e+00 1.5302e+01 7.0999e+00 -9.6889e+00 1.6311e+01 5.0625e-01 -7.4597e+00 1.6710e+01 2.3896e+00 -7.6326e+00 1.7408e+01 3.6907e+00 -5.2419e+00 1.7848e+01 1.8333e+00 -9.5243e+00 1.8797e+01 -1.8774e+00 -1.0631e+01 -1.0921e+01 -1.8493e+01 -8.0103e+00 8.4279e+00 -2.1536e+01 -1.5471e+01 -2.0219e+01 -5.5458e+00 1.1715e+01 -2.3139e+01 -2.0886e+01 -2.3712e+01 6.8499e-01 -3.2102e+00 -2.4628e+01 -2.2083e+01 -2.0829e+01 -4.6671e-01 1.0720e+01 -5.0616e+00 -8.4115e+00 -2.1166e+01 4.2952e+00 6.8522e+00 -2.4070e+01 -2.2585e+01 1.2228e+01 -2.2092e+01 -6.9618e-01 -8.8497e+00 -1.6705e+01 -2.2674e+01 2.7593e+00 1.2183e+01 -1.9069e+01 -1.5853e+01 -1.9220e+01 8.2662e-01 2.2486e+00 7.8677e+00 1.0465e+01 -9.0218e+00 -1.0667e+01 1.4507e+01 -2.1695e+01 -2.1088e+01 -1.8582e+01 -6.6590e+00 9.4772e+00 -2.5579e+01 -2.1744e+01 -1.2709e+01 -1.3714e+00 2.9677e+00 -2.1801e+01 -1.4435e+01 -1.6399e+01 8.9483e+00 4.6389e+00 -2.4718e+01 -2.0851e+01 -1.6982e+01 -8.8944e-02 3.8890e+00
10 -9.4916e+00 1.8449e+01 -4.0963e+00 -8.8757e+00 1.8928e+01 -1.1318e+00 -5.1483e+00 1.8759e+01 3.9120e+00 -9.6456e+00 1.7657e+01 6.3247e+00 -9.5982e+00 1.5994e+01 3.4078e+00 -4.2692e+00 1.8743e+01 1.6608e-01 -1.4696e+00 -7.7987e+00 -7.4223e+00 -9.5143e+00 1.0485e+01 4.0311e+00 -8.6586e+00 1.6482e+01 1.7529e+00 -8.0577e+00 1.8681e+01 -3.5493e+00 -7.5407e+00 1.6892e+01 -2.4703e+00 -9.3890e+00 1.7400e+01 4.3605e+00 -3.4067e+00 1.9153e+01 1.3794e+00 -9.3067e+00 1.9220e+01 5.5993e+00 -1.6687e+01 -1.7158e+01 -1.3053e+01 -6.4422e+00 1.5254e+01 -2.0016e+01 -1.9740e+01 -2.2045e+01 -5.4421e+00 1.2733e+01 -2.1533e+01 -1.8915e+01 -1.7107e+01 -8.1119e+00 1.5194e+01 -2.4168e+01 -1.8131e+01 -2.1163e+01 -8.2549e+00 1.3131e+01 -5.1644e+00 -1.3219e+01 -2.1177e+01 -1.7516e+00 1.3852e+01 -1.0526e+01 -1.0723e+01 -1.8114e+01 2.8039e+00 -5.3063e+00 9.6652e-01 -8.1251e+00 -2.2269e+01 7.3009e+00 3.0543e+00 -2.2781e+01 -1.5825e+01 -2.2841e+01 1.2126e+00 1.1806e+01 9.0052e+00 5.4466e+00 -1.4849e+01 -5.9337e+00 1.3421e+01 -1.5730e+01 -1.4986e+01 -1.7942e+01 -1.8709e+01 1.5283e+01 -2.5414e+01 -2.0767e+01 -2.0289e+01 4.5244e+00 5.4007e+00 -1.6389e+01 -1.9090e+01 -1.4296e+01 -1.4116e+01 1.4825e+01 -2.1038e+01 -2.3045e+01 -1.1958e+01 2.3148e+00 -2.6283e+00
11 -9.3505e+00 1.4755e+01 5.0453e-02 -8.8923e+00 1.8774e+01 3.6956e-01 -9.1577e+00 1.8314e+01 -6.8093e+00 -7.7308e+00 1.6505e+01 -1.7551e+00 -4.9867e+00 1.6027e+01 -3.8836e+00 -5.2273e+00 1.4757e+01 3.8907e+00 2.9102e+00 -8.8011e+00 -1.0203e+00 -7.3605e+00 1.0022e+01 7.2192e+00 -9.7495e+00 1.1937e+01 8.4808e+00 -8.6662e+00 1.1625e+01 -5.0680e+00 -9.2558e+00 1.6719e+01 -3.8176e-01 -9.1913e+00 1.8032e+01 8.8394e+00 -8.4166e+00 1.7400e+01 -6.3925e-01 -6.7555e+00 1.9412e+01 1.0191e-02 -1.6062e+01 -1.7883e+01 -2.3954e+01 3.4034e+00 6.4658e+00 -2.2303e+01 -1.8306e+01 -2.0198e+01 -1.4223e+01 1.3989e+01 -2.0656e+01 -2.0603e+01 -1.8015e+01 -1.4723e+00 1.1225e+01 -2.0457e+01 -1.9082e+01 -1.9948e+01 -1.7492e+00 1.2202e+01 -2.3508e+01 -1.9705e+01 -2.0761e+01 -5.0974e+00 8.5644e+00 -1.4374e+01 -1.5512e+01 -1.9647e+01 7.7134e+00 -1.7918e+01 7.4452e+00 -1.4119e+01 -2.2395e+01 7.4609e+00 -1.2827e+00 -2.5831e+01 -1.4415e+01 -1.7033e+01 5.4179e+00 1.0640e+00 4.9438e+00 2.1464e+00 -2.3346e+01 8.9149e+00 -2.3626e+00 -1.6313e+01 -1.8320e+01 -2.0762e+01 5.1153e+00 -9.5314e-01 -2.4407e+01 -1.7602e+01 -1.8019e+01 3.2614e+00 1.5919e+00 -1.7539e+01 -1.9995e+01 -1.9758e+01 -3.4278e+00 1.0158e+01 -2.1132e+01 -2.3829e+01 -1.9142e+01 8.0145e-01 1.2053e+01
12 -8.4319e+00 1.8604e+01 -7.3871e+00 -5.9614e+00 1.7168e+01 -2.9855e+00 5.9467e+00 1.1989e+01 -6.5206e+00 -4.5647e+00 1.5691e+01 7.1572e+00 -5.7755e+00 1.7122e+01 4.5323e+00 -4.7271e+00 1.7353e+01 8.4853e+00 -9.2954e+00 1.5719e+01 -7.7566e+00 -9.7546e+00 6.3803e+00 -2.4875e+00 -6.9191e+00 1.7635e+01 2.5984e+00 -9.6804e+00 1.8862e+01 -1.8762e+00 -6.3040e+00 1.8152e+01 -3.6402e+00 -9.7505e+00 1.7002e+01 5.8747e+00 -9.7543e+00 1.9103e+01 -5.1571e+00 -9.3478e+00 1.4577e+01 -5.2684e+00 -1.4787e+01 -1.9020e+01 -1.3252e+01 2.4556e+00 3.8613e+00 -1.5120e+01 -1.2240e+01 -1.9037e+01 -1.7318e+01 1.7580e+01 -2.6604e+01 -1.8230e+01 -2.0236e+01 7.7694e+00 -1.4001e+01 -1.7711e+01 -2.2267e+01 -1.7353e+01 3.1434e+00 5.0080e+00 -7.5848e+00 -2.8478e+00 -2.3954e+01 -1.3373e+00 1.3758e+01 -2.4124e+01 -2.1284e+01 1.7923e+01 -1.9953e+01 5.5049e-02 5.3355e+00 1.0859e+01 2.9965e+00 1.0679e+01 6.2210e+00 -3.6348e+00 -1.2424e+01 -1.9666e+01 -1.1591e+00 1.2672e+01 -1.7532e+01 -1.4561e+01 -4.6842e+00 -3.6486e+00 4.6305e+00 -1.8099e+01 -1.4387e+01 -2.1974e+01 4.4766e+00 7.0123e+00 -2.2864e+01 -2.0512e+01 -1.8332e+01 -4.2717e+00 1.5047e+01 -1.8692e+01 -1.7868e+01 -2.3762e+01 4.9661e+00 4.9254e+00 -2.2348e+01 -2.0153e+01 -1.8933e+01 -1.7088e+01 1.4974e+01
13 -8.9739e+00 1.6303e+01 4.0880e-01 -8.1860e+00 1.8917e+01 -1.5071e+00 -3.6009e+00 1.5779e+01 -3.9769e-01 -8.5196e+00 1.7838e+01 3.4003e+00 -9.7240e+00 1.6316e+01 -3.8804e+00 -8.5444e+00 1.8021e+01 -3.1534e-01 1.3850e+00 -6.2950e+00 -2.9023e+00 -4.1774e+00 1.4416e+01 7.4014e+00 -9.7243e+00 1.4278e+01 1.1912e+01 -7.3635e+00 1.7620e+01 -1.1052e+00 -7.4408e+00 1.5878e+01 6.5400e-01 -8.0752e+00 1.5533e+01 1.7305e+00 -7.3799e+00 1.7052e+01 1.8494e+00 -6.7778e+00 1.8709e+01 9.4753e-01 -2.5763e+01 -1.9978e+01 -1.8397e+01 -1.2729e+00 7.2440e+00 -1.4301e+01 -1.5050e+01 -1.8885e+01 -6.0346e+00 1.3602e+01 -2.5463e+01 -2.0699e+01 -2.2688e+01 3.9998e+00 -8.7618e-01 -2.3731e+01 -1.8902e+01 -2.0557e+01 -1.6850e+01 -1.2569e+01 3.2165e+00 4.5868e+00 -2.4449e+01 -2.8447e+00 1.0614e+01 -8.1277e+00 -3.8360e+00 -2.0100e+01 -7.1469e+00 8.3639e+00 3.9222e+00 -1.4754e+01 -2.0208e+01 1.2704e+01 -1.0704e+01 -2.6111e+01 -1.9047e+01 -1.6417e+01 7.3492e+00 -4.0539e+00 1.2534e+01 2.6019e+00 -1.7217e+01 -1.3109e+01 1.6087e+01 -1.3702e+01 -1.2712e+01 -2.6111e+01 -1.5359e+00 9.9690e+00 -2.1127e+01 -1.3975e+01 -1.7207e+01 -3.4657e+00 3.1356e+00 -2.6516e+01 -2.0792e+01 -1.7244e+01 5.1998e-01 6.4672e+00 -1.3251e+01 -1.2693e+01 -1.7525e+01 -9.7624e+00 1.4637e+01
14 -8.9523e+00 1.8952e+01 -1.9682e+00 -3.8994e+00 1.4265e+01 -4.0543e+00 -8.4159e+00 1.7364e+01 -4.3306e-01 -4.0291e+00 1.8787e+01 -4.9096e+00 -7.7047e+00 1.9488e+01 1.4486e-01 -6.3122e+00 1.8916e+01 8.0831e+00 -8.8099e+00 1.3523e+01 5.7416e-02 -5.7676e+00 1.6839e+01 9.3277e-01 -9.2173e+00 1.8090e+01 -1.1511e-01 -7.5068e+00 1.9006e+01 3.6902e-01 -7.6875e+00 1.8473e+01 -4.4581e+00 -9.6982e+00 1.6574e+01 -9.1348e-01 -8.0486e+00 1.5365e+01 -4.9526e+00 -5.6016e+00 1.7471e+01 -2.4909e-01 -1.9959e+01 -1.9689e+01 -2.1458e+01 1.8753e+00 5.1001e+00 -2.4953e+01 -2.0799e+01 -2.3246e+01 5.2934e+00 2.0241e+00 -2.5302e+01 -2.3121e+01 -1.7861e+01 -1.4271e+00 7.5591e+00 -1.5897e+01 -1.4344e+01 -1.7250e+01 -5.4936e+00 3.7929e+00 -7.1823e+00 -6.5136e+00 -2.1167e+01 3.2632e+00 7.3009e+00 -1.4402e+01 -1.8288e+01 1.7931e+01 -2.2903e+01 5.1880e+00 -1.5430e+01 -1.3558e+01 -2.0217e+01 1.8016e+00 1.1686e+01 -2.3609e+01 -2.2497e+01 -2.3848e+01 2.9632e+00 5.6097e+00 8.8659e+00 6.7981e+00 -1.7285e+01 -1.4009e+00 8.9259e+00 -1.7729e+01 -2.0904e+01 -1.8367e+01 -4.6323e+00 1.0747e+01 -2.3976e+01 -2.1586e+01 -1.9979e+01 -1.4431e+00 5.4859e+00 -1.9173e+01 -1.6370e+01 -2.2670e+01 3.4801e-01 8.1078e+00 -1.9781e+01 -1.9218e+01 -2.2099e+01 -6.5761e+00 1.2066e+01
15 -4.3531e+00 1.9074e+01 -6.4861e+00 -7.9113e+00 1.7812e+01 2.8251e+00 -7.9208e+00 1.8526e+01 -4.0349e+00 -9.7412e+00 1.6530e+01 2.3208e-01 -7.3718e+00 1.4052e+01 1.2958e+00 -9.8573e-01 1.8269e+01 1.4564e+00 1.2204e+01 -9.6930e+00 6.3318e+00 -4.6997e+00 1.7204e+01 3.6165e+00 -5.6689e+00 1.5427e+01 -1.5544e+00 -8.5873e+00 1.7570e+01 -3.4160e+00 -4.9076e+00 1.9021e+01 -7.8767e+00 -9.1237e+00 1.9305e+01 2.3261e+00 -9.4470e+00 1.8610e+01 -3.9875e+00 -6.1632e+00 1.8647e+01 -1.5310e-01 -2.1743e+01 -2.1259e+01 -2.0022e+01 -2.7415e+00 5.8829e+00 -2.0136e+01 -2.1969e+01 -1.8553e+01 2.6041e+00 4.8280e+00 -2.2000e+01 -1.7294e+01 -2.1085e+01 -8.9699e+00 1.6522e+01 -2.2173e+01 -1.7107e+01 -2.2727e+01 -8.7735e+00 1.2234e+01 -1.4080e+01 -1.5249e+01 -1.6534e+01 -3.6401e+00 1.1219e+01 -5.1799e+00 2.8402e-01 -1.8437e+01 -7.5606e+00 8.3778e+00 9.6843e+00 -1.7966e+01 -2.0131e+01 1.8111e+01 -8.6399e+00 -2.4289e+01 -2.1807e+01 -1.7038e+01 2.2182e+00 8.2268e-02 5.8351e+00 5.0337e+00 -1.9606e+01 6.9645e-01 7.4778e+00 -2.1761e+01 -2.1830e+01 -1.2482e+01 -2.4096e+00 8.3920e+00 -2.3364e+01 -2.4126e+01 -2.0017e+01 3.7342e+00 4.6332e+00 -2.2778e+01 -2.1380e+01 -1.9211e+01 -1.4788e+00 9.7547e+00 -1.7287e+01 -2.0568e+01 -1.8587e+01 -7.3680e+00 9.2355e+00
16 -6.4466e+00 1.8874e+01 -7.2361e+00 -9.3161e+00 1.6504e+01 2.3534e+00 -5.2189e+00 1.9410e+01 -2.4463e+00 -7.9809e+00 8.1961e+00 9.6364e+00 -5.6277e-01 1.7691e+01 3.7421e+00 -6.6961e+00 1.6804e+01 1.1470e+01 -7.8813e+00 1.0620e+01 1.0423e+00 -6.4104e+00 1.1954e+01 -5.7095e+00 -9.0419e+00 1.7735e+01 4.7277e+00 -3.7159e+00 1.7079e+01 -1.6606e+00 -7.5085e+00 1.7966e+01 7.1760e+00 -9.6584e+00 1.6727e+01 1.2074e+01 -8.6004e+00 1.8720e+01 1.2822e+00 1.1362e+01 1.7960e+00 4.4307e+00 -2.1378e+01 -1.8224e+01 -2.1036e+01 -1.2974e+01 1.6856e+01 -2.1679e+01 -2.2390e+01 -1.9754e+01 -8.9589e+00 9.9574e+00 -1.9899e+01 -2.0663e+01 -2.2029e+01 1.5128e+00 1.2717e+01 -2.5677e+01 -1.7377e+01 -1.3911e+01 -1.0629e+00 2.9236e+00 -1.7396e+01 -1.4547e+01 -2.1117e+01 -2.0277e+00 1.2514e+01 -1.8880e+01 -1.9269e+01 1.4501e+01 -2.6209e+01 5.1161e+00 6.7524e+00 7.7186e+00 -7.8873e-01 1.2017e+01 7.3098e+00 -1.8360e+01 -2.1996e+01 -1.9403e+01 2.6409e+00 6.7344e+00 7.0342e+00 2.9954e+00 -2.2217e+01 1.2666e+01 -9.6655e+00 -1.5777e+01 -1.4347e+01 -2.0330e+01 1.2619e+00 1.3803e+01 -2.5740e+01 -2.2501e+01 -2.3857e+01 8.8748e+00 -3.7676e+00 -1.7804e+01 -2.2065e+01 -2.1182e+01 -4.5743e+00 1.0995e+01 -2.2415e+01 -2.0059e+01 -1.1291e+01 -1.5956e+01 1.7768e+01
17 -6.1396e+00 1.9224e+01 -7.0384e+00 -9.5374e+00 1.6293e+01 2.9781e+00 -8.6652e+00 1.8457e+01 -3.3247e+00 -9.3843e+00 1.8968e+01 -1.8492e+00 -9.1450e+00 1.7404e+01 -1.2688e+00 -8.9944e+00 1.8279e+01 2.8185e+00 -8.3644e+00 8.6248e+00 -3.0603e+00 -7.5075e+00 1.2056e+01 4.0158e+00 -9.0826e+00 1.6341e+01 3.3204e+00 -9.1468e+00 1.3186e+01 4.3426e+00 -9.3975e+00 1.8879e+01 4.8922e+00 -6.6936e+00 1.4455e+01 1.7681e+00 -9.4756e+00 1.9398e+01 -9.7304e-01 -2.5956e+00 1.5421e+01 2.3955e+00 -2.3856e+01 -2.2060e+01 -1.5402e+01 -8.5325e+00 1.1322e+01 -1.7235e+01 -1.5520e+01 -2.3725e+01 5.3538e+00 6.7410e+00 -2.3464e+01 -1.8839e+01 -2.1301e+01 3.3983e+00 3.8535e+00 -2.0237e+01 -1.7037e+01 -1.6535e+01 8.2435e-01 1.0140e+01 -1.6219e+01 -4.4421e+00 -1.7098e+01 -9.6674e+00 1.7210e+01 -2.4344e+01 -1.9912e+01 1.2345e+01 -2.3532e+01 -2.9726e+00 -1.7507e+01 -1.4695e+01 -1.9837e+01 1.0371e+01 1.0433e+00 -2.3858e+01 -1.7141e+01 -2.2017e+01 -4.5712e+00 1.0340e+01 -5.1708e+00 4.6254e-01 -1.4574e+01 -1.1240e+01 1.3655e+01 -2.2678e+01 -2.0957e+01 -2.0241e+01 -1.5779e+00 9.1314e+00 -2.3834e+01 -2.3690e+01 -2.3049e+01 -7.8530e+00 1.4415e+01 -2.1475e+01 -1.3423e+01 -1.8736e+01 1.5413e+00 9.5242e+00 -1.9814e+01 -2.1020e+01 -1.8163e+01 -1.2150e+01 8.8957e+00
18 -4.7784e+00 1.5561e+01 -6.6665e+00 -9.7547e+00 1.8988e+01 8.2016e-01 -6.6958e+00 1.7401e+01 -4.9446e+00 -7.6237e+00 1.5149e+01 9.3367e+00 -3.5662e+00 1.4466e+01 1.2600e+00 -4.3528e+00 1.8552e+01 5.6333e+00 -7.4915e+00 1.2439e+01 -5.8361e-01 -7.9741e+00 1.7746e+01 -1.1954e+00 -6.3686e+00 1.5193e+01 5.3945e+00 -7.0906e+00 1.7804e+01 4.4942e-01 -5.0790e+00 1.8740e+01 -2.0727e+00 -5.0898e+00 1.6557e+01 4.4381e+00 -8.8775e+00 1.5939e+01 2.7364e+00 -4.2584e+00 1.7019e+01 -4.6407e+00 -1.7613e+01 -1.6079e+01 -1.9308e+01 -1.5883e+01 1.4317e+01 -1.6634e+01 -1.5840e+01 -2.2184e+01 -1.7102e+00 1.2561e+01 -1.7449e+01 -1.8272e+01 -1.6684e+01 -1.1952e+01 1.7161e+01 -2.3901e+01 -1.3402e+01 -1.3371e+01 -9.2947e+00 1.0808e+01 -1.1753e+01 -1.0029e+01 -1.7716e+01 -1.0047e+00 1.3600e+01 -2.0379e+01 -1.5097e+01 1.6366e+01 -2.0430e+01 -5.9685e+00 8.7154e+00 1.6194e+01 1.5485e+01 1.3338e+01 -5.8555e+00 -1.7387e+01 -1.1958e+01 -2.1890e+01 1.1575e+01 3.8275e+00 1.7166e+00 1.1025e+01 6.8708e+00 4.9728e+00 9.0455e+00 -1.0455e+01 -1.0729e+01 -1.9634e+01 1.5657e+00 7.9869e+00 -2.0539e+01 -1.5795e+01 -1.7042e+01 -3.0439e+00 1.5845e+01 -2.1786e+01 -2.2581e+01 -1.6089e+01 1.0485e+00 4.6207e+00 -2.4277e+01 -2.2676e+01 -1.7389e+01 7.8002e+00 -7.9042e+00
19 -8.4908e+00 1.7528e+01 -4.7287e+00 -4.7510e+00 1.6840e+01 -4.7428e+00 -6.6086e+00 1.9370e+01 -4.8438e-01 -8.9563e+00 1.4829e+01 2.7028e+00 -6.6645e+00 1.8212e+01 -2.5775e+00 -5.9139e+00 1.9071e+01 2.5068e+00 -9.6070e+00 1.1050e+01 -3.8616e+00 -9.6355e+00 1.8171e+01 5.9713e+00 -8.3830e+00 1.5695e+01 5.9538e+00 -9.1645e+00 1.5143e+01 4.4199e+00 -4.3337e+00 1.6858e+01 -3.3147e+00 -8.1688e+00 1.8551e+01 -1.3903e+00 -1.5338e+00 1.6650e+01 -3.2849e+00 -3.6650e+00 1.7136e+01 -3.0122e+00 -2.4577e+01 -1.7755e+01 -1.6604e+01 -3.3277e+00 1.1946e+01 -1.2183e+01 -1.4785e+01 -2.0776e+01 2.1939e+00 6.5270e-01 -2.2673e+01 -2.2650e+01 -2.0732e+01 1.5150e+00 1.0437e+01 -2.0324e+01 -1.7545e+01 -1.8954e+01 2.3446e-01 7.1680e+00 -8.0910e-01 4.4430e+00 -2.1175e+01 2.5317e+00 5.2001e+00 -2.1659e+01 -2.4202e+01 8.4608e+00 -2.4631e+01 3.4956e+00 -9.8054e+00 -1.3846e+01 -1.9347e+01 5.7869e-01 3.2421e+00 -2.5208e+01 -2.3835e+01 -2.1431e+01 2.6829e+00 7.5035e-01 1.7028e-01 -1.0632e+00 -1.7953e+01 -5.7503e+00 1.5909e+01 -1.8974e+01 -1.5783e+01 -1.9491e+01 -4.2892e+00 8.5563e+00 -2.4722e+01 -1.9121e+01 -1.5243e+01 -5.5124e+00 9.3645e+00 -2.2528e+01 -2.2945e+01 -1.8562e+01 -1.5411e+00 6.7474e+00 -2.3004e+01 -1.9988e+01 -1.9627e+01 2.9064e+00 -1.2453e+00
20 -9.4838e+00 1.5052e+01 -1.3380e+00 -3.0941e+00 1.9055e+01 5.0419e+00 -7.6214e+00 1.8756e+01 -2.4317e+00 -8.8861e+00 1.8095e+01 3.1932e+00 -2.6505e+00 1.6018e+01 2.7187e+00 -8.7085e+00 1.7609e+01 2.5132e+00 -9.1491e+00 1.2687e+01 -6.9620e+00 -9.4820e+00 1.5576e+01 -4.2801e+00 -9.5438e+00 1.8348e+01 -4.4692e+00 -9.5335e+00 1.7744e+01 -2.9351e+00 -9.7507e+00 1.7996e+01 4.0830e+00 -9.6729e+00 1.7540e+01 3.4058e+00 -8.9803e+00 1.9105e+01 -4.0556e+00 -8.6936e+00 1.8863e+01 -2.7595e+00 -2.6156e+01 -2.3828e+01 -1.1060e+01 -6.5367e-01 1.8210e+00 -2.3727e+01 -2.0880e+01 -2.0289e+01 1.3823e+00 6.9798e+00 -2.4758e+01 -2.1693e+01 -1.0268e+01 6.9970e-01 -7.6748e+00 -1.7311e+01 -1.7760e+01 -1.3336e+01 -1.2840e+01 1.4560e+01 -2.0721e+01 -7.6164e+00 -2.1326e+01 3.9509e+00 6.6079e+00 -2.2354e+01 -1.5963e+01 1.6126e+01 -2.2440e+01 1.6059e+00 -2.2688e+01 -2.5008e+01 -2.3304e+01 -2.1497e+01 2.0411e+01 -1.8496e+01 -1.3136e+01 -1.9403e+01 -7.3909e+00 1.0072e+01 4.3460e+00 8.3707e+00 -1.7386e+01 9.9805e-01 9.5695e+00 -1.9997e+01 -1.4293e+01 -1.7949e+01 -1.0522e+01 9.0621e+00 -2.5053e+01 -2.1552e+01 -1.9591e+01 2.3906e+00 6.9603e+00 -1.9558e+01 -1.7342e+01 -1.8995e+01 2.5277e+00 1.0124e+00 -1.5559e+01 -1.8081e+01 -2.3545e+01 -1.4944e+00 1.2787e+01
21 -9.2241e+00 1.8456e+01 -6.7894e+00 -9.4531e+00 1.5502e+01 5.7512e+00 -8.9157e+00 1.9329e+01 -1.9427e+00 -7.1943e+00 1.8260e+01 2.2246e+00 -9.2204e+00 1.7569e+01 -9.3726e-02 -7.4882e+00 1.8274e+01 6.9520e+00 1.3080e+01 -5.6309e+00 7.9284e+00 -5.4712e+00 3.3164e+00 1.7459e+00 -8.3028e+00 1.0822e+01 1.1426e+01 -8.5751e+00 1.7857e+01 -3.2207e+00 -6.3941e+00 1.9292e+01 3.6204e+00 -8.2903e+00 1.8743e+01 -8.1286e-01 -8.2373e+00 1.4804e+01 -3.1820e+00 -9.2141e+00 1.8214e+01 -8.7749e-01 -2.2041e+01 -2.0120e+01 -2.0617e+01 -1.0429e+01 1.2801e+01 -2.1474e+01 -1.7413e+01 -1.7090e+01 -5.2596e+00 1.1692e+01 -2.3590e+01 -2.2499e+01 -1.7052e+01 2.3864e+00 8.1703e+00 -2.3260e+01 -1.7879e+01 -1.8053e+01 1.1209e+00 5.7763e+00 -1.3154e+01 -1.4827e+01 -2.2556e+01 -1.0837e+01 1.3148e+01 -1.4041e+01 -9.9341e+00 -1.3295e+01 -1.6078e+00 -2.5202e-01 6.9524e+00 -1.8087e+01 -1.5230e+01 1.2978e+01 -1.0157e+01 -2.6242e+01 -9.9058e+00 -2.5525e+01 1.2129e+01 -4.2944e+00 1.3553e+01 4.6997e+00 -1.5593e+01 -1.4079e+00 1.4166e+01 -2.4173e+01 -2.3198e+01 -1.7869e+01 3.2887e+00 3.4262e+00 -1.6259e+01 -1.3880e+01 -2.2212e+01 3.9886e+00 8.4362e+00 -2.1003e+01 -2.0465e+01 -1.9863e+01 -3.3196e+00 1.1761e+01 -1.5854e+01 -1.4676e+01 -2.0327e+01 -2.7358e+00 6.9686e+00
22 -9.5329e+00 1.8183e+01 -2.6185e+00 -9.0982e+00 1.7374e+01 -4.1672e+00 1.0081e+00 1.6370e+01 -3.3048e+00 -9.5637e+00 1.6131e+01 5.3733e+00 -5.2627e+00 1.4520e+01 3.7470e+00 -7.5713e+00 1.4315e+01 1.1234e+01 -8.3465e+00 1.3276e+01 -7.0303e+00 -9.7324e+00 1.8940e+01 -3.6768e+00 -9.3861e+00 1.6453e+01 5.0221e+00 -9.1321e+00 1.5163e+01 -5.7095e-01 -9.2421e+00 1.6516e+01 5.6750e+00 -9.0485e+00 1.6109e+01 2.7101e+00 -2.3173e+00 1.7930e+01 -4.7275e+00 -7.2011e+00 1.8493e+01 -3.1482e+00 -2.2478e+01 -2.0589e+01 -1.7347e+01 3.0797e+00 1.0219e+01 -2.2364e+01 -2.1196e+01 -2.0941e+01 -4.0504e+00 1.4019e+01 -2.2238e+01 -2.0905e+01 -1.8976e+01 -9.3232e+00 5.2259e+00 -2.3865e+01 -2.0831e+01 -1.9196e+01 2.2413e+00 5.7518e+00 -1.5456e+01 -1.0873e+01 -1.3836e+01 3.9380e+00 2.9545e+00 -2.6141e+01 -1.7237e+01 2.4428e+00 -2.4622e+01 6.1584e+00 8.8593e+00 1.4795e+01 1.0201e+01 1.3276e+01 -4.2477e+00 -1.7294e+01 -1.7039e+01 -1.5532e+01 4.9218e+00 3.2533e+00 7.5683e+00 5.7597e+00 -1.1183e+01 -2.4194e+00 8.6505e+00 -1.9078e+01 -2.1358e+01 -2.3357e+01 2.7266e+00 1.1100e+01 -2.3416e+01 -1.9883e+01 -2.2424e+01 4.2850e+00 1.3714e+00 -2.0427e+01 -2.2146e+01 -1.3000e+01 4.7452e+00 5.5678e+00 -2.4381e+01 -1.9304e+01 -8.9453e+00 7.5049e+00 -1.7637e+01
23 -8.7902e+00 1.4873e+01 -3.2657e+00 -9.6001e+00 1.6579e+01 -2.4905e+00 -8.7025e+00 1.7546e+01 -4.8714e+00 -9.3219e+00 1.9505e+01 2.1317e-01 -2.0366e+00 1.7705e+01 -1.6307e+00 -9.2564e+00 1.9208e+01 9.1598e+00 1.6720e+01 -9.3234e+00 4.9885e+00 9.7453e+00 1.8242e+01 9.5998e+00 -6.7624e+00 9.9166e+00 1.0390e+01 -6.8608e+00 1.5756e+01 5.1316e+00 -7.1603e+00 1.8187e+01 1.2725e+00 -9.4500e+00 1.3077e+01 4.8551e+00 -4.0924e+00 1.7180e+01 1.9819e+00 -7.5794e+00 1.6730e+01 4.7037e+00 -1.9416e+01 -1.6127e+01 -2.2963e+01 -3.8807e+00 1.0496e+01 -1.8349e+01 -2.0347e+01 -1.7496e+01 -3.8471e+00 1.2586e+01 -2.4667e+01 -1.8821e+01 -1.9209e+01 3.1442e+00 6.6138e+00 -1.0735e+01 -1.1303e+01 -1.5386e+01 -1.4576e+01 1.9527e+01 -2.0598e+01 -1.6186e+01 -1.5361e+01 2.4510e+00 6.5937e+00 -1.3148e+01 -1.5376e+01 6.9595e+00 -2.4884e+01 3.7492e+00 -5.2359e-01 -2.0823e+01 -1.9194e+01 1.0413e+01 -1.3599e+01 -2.2362e+01 -1.6735e+01 -1.6276e+01 4.2879e+00 -3.4916e+00 6.6019e+00 -1.2798e+01 -1.8049e+01 1.0026e+01 -1.0376e+01 -1.7539e+01 -1.8404e+01 -2.4073e+01 1.0330e+00 1.2250e+01 -1.9932e+01 -1.7080e+01 -1.9158e+01 -3.5646e+00 1.4855e+01 -2.1973e+01 -1.3895e+01 -1.5269e+01 -5.2197e+00 1.1064e+01 -1.2830e+01 -7.2472e+00 -1.3739e+01 -1.6767e+01 1.1858e+01
24 -7.3140e+00 1.8386e+01 -8.7482e+00 -8.5632e+00 1.7334e+01 -2.5577e+00 -8.9292e+00 1.8995e+01 -2.7462e+00 -9.7474e+00 1.7596e+01 7.1347e+00 -2.4307e+00 1.7364e+01 -1.0521e+00 -7.9226e+00 1.6581e+01 6.0364e+00 1.8933e+01 -8.4974e+00 9.9554e+00 -2.5392e-01 1.8659e+01 4.8550e+00 -8.5215e+00 1.5775e+01 9.4906e+00 -8.2859e+00 1.7347e+01 -4.7401e+00 -8.6691e+00 1.8277e+01 2.3641e+00 -9.7260e+00 1.6398e+01 2.1786e+00 -9.1299e+00 1.6460e+01 -1.0790e+00 5.6265e+00 1.4875e+01 -2.8909e+00 -2.4301e+01 -2.1491e+01 -1.8857e+01 -8.7888e-01 5.1356e+00 -2.1302e+01 -2.0473e+01 -2.2224e+01 2.5481e+00 7.6622e+00 -2.0251e+01 -2.3500e+01 -2.0608e+01 -6.3586e+00 1.3206e+01 -2.5904e+01 -2.4660e+01 -2.0761e+01 -6.4694e-02 1.0887e+01 -2.0864e+01 -1.7364e+01 -2.1272e+01 1.0092e+00 5.9946e+00 -4.5409e+00 -9.7142e-01 1.3577e+01 -2.6161e+01 4.8164e-02 -1.1887e+01 -1.4393e+01 -1.8211e+01 8.1370e+00 6.0542e+00 -1.4815e+01 -1.1075e+01 -1.6959e+01 3.9910e+00 1.4185e+00 1.1172e+01 9.7929e+00 -1.6097e+01 1.4270e+01 -1.5535e+01 -2.5692e+01 -2.0919e+01 -2.5992e+01 1.7239e+01 -3.6830e+00 -2.1035e+01 -1.8049e+01 -2.4395e+01 -4.3454e+00 1.4985e+01 -2.1054e+01 -1.9027e+01 -1.3200e+01 -9.9668e+00 1.2184e+01 -2.3014e+01 -1.6835e+01 -1.9833e+01 -1.0041e+01 1.3020e+01
25 -8.8226e+00 1.4738e+01 -6.3763e+00 -8.6334e+00 1.6669e+01 -3.7423e+00 -9.3131e+00 1.9419e+01 8.7960e-01 -9.7508e+00 1.7267e+01 5.7002e+00 -2.6060e+00 1.8317e+01 -2.1625e+00 -6.8424e+00 1.9077e+01 2.2896e+00 -9.7506e+00 1.4649e+01 -1.2192e+00 -8.9549e+00 1.9366e+01 6.0927e+00 -4.9957e+00 1.5374e+01 3.2480e-01 -8.3057e+00 1.7370e+01 3.4320e-01 -8.5575e+00 1.6237e+01 8.3393e-01 -8.6639e+00 1.8296e+01 2.1941e-02 -7.4909e+00 1.4887e+01 -3.5542e+00 -8.7888e+00 1.8341e+01 6.0820e-01 -1.0900e+01 -1.6660e+01 -2.0909e+01 -5.9646e+00 1.2141e+01 -2.2267e+01 -2.1036e+01 -1.8208e+01 -3.5911e+00 4.1218e+00 -2.0315e+01 -2.1918e+01 -1.9499e+01 -8.6535e+00 1.1261e+01 -2.1634e+01 -1.6839e+01 -1.4622e+01 -7.7989e+00 1.1866e+01 -1.3853e+01 -8.3732e+00 -1.7995e+01 -7.1079e+00 1.2125e+01 -8.5735e+00 -7.7463e+00 1.5332e+01 -1.9498e+01 5.9720e+00 -6.9265e+00 -8.7251e+00 -2.2079e+01 3.1803e+00 8.0836e+00 -2.2644e+01 -2.1374e+01 -1.9884e+01 -5.0150e+00 1.2510e+01 2.7676e+00 -5.3753e-01 -1.4353e+01 3.2353e+00 2.6706e+00 -2.4325e+01 -1.7908e+01 -2.0088e+01 -2.8390e+00 9.2600e+00 -2.5441e+01 -1.9680e+01 -2.1219e+01 -5.8337e+00 9.5259e+00 -1.8274e+01 -1.7683e+01 -2.2661e+01 -5.9069e+00 1.5194e+01 -1.7665e+01 -2.4819e+01 -2.1372e+01 -6.5017e+00 9.4155e+00
26 -5.2587e+00 1.8707e+01 -4.7705e-01 -8.7204e+00 1.2614e+01 -4.8024e+00 -8.4091e+00 1.9241e+01 -1.7053e+00 -9.6822e+00 1.6019e+01 7.4303e+00 -5.8337e+00 1.8400e+01 1.2541e+00 -9.7264e+00 1.7794e+01 9.9208e+00 -9.7179e+00 1.4034e+01 -2.9075e+00 -2.3656e+00 1.5902e+01 -1.0127e+00 -8.9054e+00 1.4065e+01 6.4209e+00 -9.3013e+00 1.5976e+01 -7.5737e-01 -8.1578e+00 1.9226e+01 -6.3440e+00 -8.3574e+00 1.5759e+01 2.4272e+00 -7.5916e+00 1.5495e+01 2.3183e+00 -5.9415e+00 1.6162e+01 -1.1457e+00 -2.1487e+01 -1.9406e+01 -2.5670e+01 3.0181e+00 1.1549e+01 -2.4092e+01 -2.0357e+01 -1.6926e+01 -6.6239e+00 1.4534e+01 -2.3651e+01 -2.4430e+01 -2.1800e+01 -1.1795e+00 1.0594e+01 -2.3946e+01 -1.7360e+01 -1.2232e+01 -7.9676e+00 4.6204e+00 -1.2713e+01 -7.8500e+00 -1.9610e+01 4.3573e+00 4.7855e+00 -2.3783e+01 -1.8705e+01 1.4390e+01 -2.0275e+01 -2.5383e+00 -1.7822e+01 -8.4834e+00 -2.0676e+01 -2.0560e+00 7.9890e+00 -2.3737e+01 -2.1046e+01 -2.3432e+01 6.2018e+00 5.4833e+00 -2.0736e+00 -2.8142e-01 -1.2365e+01 6.3728e+00 1.3947e+00 -2.2461e+01 -2.0606e+01 -1.4325e+01 -3.6930e+00 6.9023e+00 -1.4850e+01 -1.6125e+01 -1.9129e+01 -6.9885e+00 1.6057e+01 -2.3809e+01 -2.1033e+01 -1.5944e+01 -1.5760e+01 7.1679e+00 -2.6449e+01 -2.0122e+01 -1.8221e+01 1.4228e+00 3.3358e+00
27 -7.9566e+00 1.9502e+01 -8.4383e-01 -8.7983e+00 1.7554e+01 -3.5823e+00 -9.7171e+00 1.9121e+01 2.8514e+00 -8.3412e+00 1.8527e+01 3.3919e+00 -7.5847e+00 1.5886e+01 -6.6247e-01 -8.2235e+00 1.5729e+01 8.0481e+00 -5.2834e+00 1.3401e+01 9.4324e-02 -5.5316e+00 1.1444e+01 9.0301e-01 -8.9915e+00 1.7506e+01 4.3473e+00 -8.1691e+00 1.8220e+01 1.8761e+00 -6.0883e+00 1.8578e+01 1.4071e+00 -4.9213e+00 1.5435e+01 -2.7223e-01 -9.7443e+00 1.9093e+01 -2.3152e+00 -7.2942e+00 1.5601e+01 1.4157e-01 -2.1882e+01 -2.1781e+01 -2.1961e+01 3.2193e-01 1.8375e+00 -1.9650e+01 -2.2612e+01 -2.3800e+01 4.3149e+00 6.7882e+00 -1.7442e+01 -1.5522e+01 -1.6176e+01 -1.0108e+01 1.0852e+01 -2.1276e+01 -1.7273e+01 -2.4311e+01 -6.4574e+00 1.2217e+01 -8.9952e+00 -9.0106e+00 -2.3314e+01 -1.0297e+01 1.5208e+01 -1.7181e+01 -1.4022e+01 1.4142e+01 -2.5525e+01 1.4602e+00 -9.9397e+00 -1.6674e+01 -2.2239e+01 7.4720e+00 3.8861e+00 -2.4183e+01 -2.2483e+01 -2.0058e+01 3.8008e+00 8.2354e+00 3.8252e+00 -3.1844e+00 -1.3228e+01 2.1138e-01 1.1714e+01 -1.7192e+01 -1.7915e+01 -2.3677e+01 -8.2184e+00 1.0220e+01 -2.3035e+01 -1.9866e+01 -1.7544e+01 3.4764e-02 1.0895e+01 -2.5990e+01 -2.2901e+01 -1.8404e+01 6.1279e+00 -2.5772e+00 -1.8561e+01 -1.7343e+01 -2.4383e+01 -8.9357e+00 1.7248e+01
28 -7.9199e+00 1.9107e+01 2.8284e+00 -8.7052e+00 1.6301e+01 2.0171e+00 2.2907e+00 1.6567e+01 -2.1600e+00 -9.7100e+00 1.8540e+01 6.2538e+00 -5.6517e+00 1.5898e+01 4.1920e+00 -6.5244e+00 1.0038e+01 7.4935e+00 -8.3570e+00 1.9446e+01 -1.3242e+00 -9.7543e+00 1.7938e+01 4.1691e+00 -9.6495e+00 1.5005e+01 -5.7146e+00 -9.4990e+00 1.3145e+01 2.6007e+00 -9.2767e-01 1.9066e+01 -6.0960e+00 -9.0250e+00 1.9311e+01 3.1387e+00 -5.4424e+00 1.3074e+01 -1.2577e+00 -8.0871e+00 1.7025e+01 5.1768e-01 -6.2776e+00 -1.1418e+01 -2.0140e+01 -4.2874e+00 1.0684e+01 -2.3225e+01 -1.3739e+01 -1.0531e+01 1.4509e+00 7.3673e+00 -2.2473e+01 -1.9441e+01 -2.0796e+01 -2.8091e+00 7.7729e+00 -2.0966e+01 -1.6406e+01 -2.0730e+01 -5.8063e+00 1.2154e+01 -5.6469e+00 -6.2813e+00 -2.3386e+01 7.6506e+00 1.7705e+00 -2.3299e+01 -1.7201e+01 1.6997e+01 -2.2685e+01 7.1283e+00 -9.1479e+00 -1.0733e+01 -2.1942e+01 -1.7600e+00 1.1986e+01 -2.2370e+01 -1.6526e+01 -1.7773e+01 -1.4469e+01 -1.6508e+01 3.7679e+00 7.6748e+00 -2.1269e+01 -1.3541e+01 1.4637e+01 -8.4687e+00 -1.2417e+01 -8.4619e+00 -5.5096e+00 9.7163e+00 -1.0808e+01 -1.5398e+01 -2.4008e+01 1.2130e+00 1.3221e+01 -2.1077e+01 -1.8607e+01 -2.4412e+01 -5.9178e+00 1.3500e+01 -2.5309e+01 -1.6137e+01 -1.7883e+01 1.6102e+00 5.2642e+00
29 -5.8519e+00 1.6671e+01 -6.9601e+00 -9.7541e+00 1.8043e+01 1.3976e+00 -7.4374e+00 1.3661e+01 3.6589e-01 -7.9928e+00 1.7317e+01 2.2019e+00 -9.4444e+00 1.5215e+01 -4.2823e-01 -3.8100e+00 1.2811e+01 -2.8445e+00 1.4591e+01 -9.0114e+00 -3.7045e+00 -7.4656e+00 1.5404e+01 -6.2219e-03 -9.0966e+00 1.7812e+01 4.7223e+00 -8.6684e+00 1.8657e+01 -3.3160e+00 -9.7541e+00 1.8309e+01 -6.1538e+00 -9.7045e+00 1.7979e+01 3.8137e+00 -8.1746e+00 1.5296e+01 5.2851e-01 -2.2344e+00 1.6102e+01 8.2445e-01 -2.0157e+01 -1.8895e+01 -2.1678e+01 -5.2799e+00 1.2607e+01 -1.8222e+01 -1.9887e+01 -1.9059e+01 3.4976e+00 7.2137e+00 -2.1082e+01 -1.8029e+01 -2.2786e+01 -2.6395e-01 8.8357e+00 -1.8529e+01 -2.1050e+01 -2.3890e+01 -6.0755e+00 5.4837e+00 -2.0070e+01 -1.8736e+01 -1.6856e+01 9.4649e-01 5.0862e+00 -1.4198e+01 -1.1397e+01 -8.8594e+00 4.1317e+00 -3.8415e-01 1.4415e+00 -1.2620e+01 -2.0262e+01 5.0806e+00 7.0980e+00 -2.4453e+01 -1.8698e+01 -2.2297e+01 1.3326e-01 9.2255e+00 1.2357e+01 1.0960e+01 -1.7731e+01 4.2249e+00 5.5077e+00 -2.0445e+01 -1.9554e+01 -1.4811e+01 -2.3541e+00 2.7671e+00 -2.3422e+01 -1.8316e+01 -1.6987e+01 1.2804e-01 3.7783e+00 -2.2068e+01 -2.0164e+01 -2.2069e+01 -4.5370e+00 1.4533e+01 -1.4204e+01 -1.6251e+01 -2.3701e+01 6.7775e+00 9.0316e+00
30 -5.8268e+00 1.5734e+01 -6.3122e+00 -7.7940e+00 1.8331e+01 -3.3196e+00 -7.6758e+00 1.7164e+01 -7.9434e+00 -9.7315e+00 1.4701e+01 2.6158e+00 -9.7438e+00 1.5097e+01 9.6046e-01 -8.7231e+00 1.7781e+01 8.0442e+00 -9.0602e+00 1.5160e+01 -4.9189e+00 -9.2811e+00 1.6597e+01 2.5885e+00 -8.5883e+00 1.5913e+01 2.5285e+00 -7.9566e+00 1.9359e+01 5.6477e+00 -7.7597e+00 1.6011e+01 -1.1925e+00 -9.6596e+00 1.8852e+01 8.9817e+00 -9.4220e+00 1.7323e+01 -4.1407e+00 -6.8782e+00 1.4456e+01 -2.3124e+00 -2.4741e+01 -2.1021e+01 -1.8449e+01 -1.3060e+00 7.7572e+00 -1.6555e+01 -1.2658e+01 -1.5337e+01 -4.2340e+00 1.2021e+01 -2.3785e+01 -2.0009e+01 -2.0130e+01 -4.8223e+00 6.1392e+00 -2.3989e+01 -1.8277e+01 -2.0103e+01 -7.0079e+00 1.1742e+01 -1.4313e+01 -4.8783e+00 -2.4165e+01 2.2434e+00 9.9493e+00 -1.5187e+01 -1.7732e+01 1.0272e+01 -2.5520e+01 6.3115e+00 -1.1176e+01 -1.0788e+01 -1.8924e+01 1.7354e+01 -3.2439e+00 -2.3731e+01 -2.0495e+01 -2.1702e+01 3.6175e+00 2.0294e+00 3.8351e+00 2.6924e+00 -1.8202e+01 8.1517e+00 1.1595e+01 -2.0416e+01 -2.0103e+01 -2.3926e+01 3.2524e+00 1.1251e+01 -2.3643e+01 -1.8232e+01 -1.5000e+01 -1.0146e+01 1.5426e+01 -1.7918e+01 -2.0230e+01 -2.1713e+01 -6.5626e+00 1.2851e+01 -1.6333e+01 -1.8317e+01 -2.3798e+01 -1.5724e+00 9.6048e+00
31 -9.2670e+00 1.6821e+01 -4.2806e+00 -7.5825e+00 1.7670e+01 1.8737e+00 7.4883e-01 1.9378e+01 -4.8759e+00 -7.7488e+00 1.9060e+01 1.6162e+00 -8.6222e+00 1.4425e+01 -1.3797e+00 -8.9969e+00 1.4219e+01 1.9562e+00 -6.0090e+00 -3.6818e+00 -5.1375e+00 -8.6970e+00 1.6292e+01 2.5261e+00 -9.7141e+00 1.8395e+01 1.3040e+00 -8.1519e+00 1.7439e+01 4.2785e+00 -9.2193e+00 1.8566e+01 -1.6791e+00 -7.4603e+00 1.8218e+01 5.0071e+00 -7.7223e+00 1.6087e+01 -3.5317e+00 -8.8977e+00 1.8847e+01 -1.6109e+00 -1.7809e+01 -1.9278e+01 -1.2246e+01 -3.2427e+00 5.8188e+00 -2.3017e+01 -2.4502e+01 -2.1558e+01 2.7131e+00 5.4270e-01 -2.1215e+01 -1.9536e+01 -1.5800e+01 2.1556e+00 4.0884e+00 -2.0398e+01 -1.8359e+01 -2.3300e+01 -2.3350e-01 4.2465e+00 -1.8228e+01 -1.8534e+01 -2.3579e+01 6.7526e+00 9.4180e+00 -2.1395e+01 -1.3424e+01 -9.0566e+00 -2.0873e+01 1.4497e+00 -1.1181e+01 -2.0140e+01 -2.3190e+01 1.9028e+01 -7.4433e+00 -1.5648e+01 -1.4263e+01 -2.1136e+01 -5.9669e+00 1.3909e+01 9.4465e+00 9.4489e+00 -1.5233e+01 -1.1026e+00 6.7300e+00 -2.2068e+01 -2.0070e+01 -1.8210e+01 6.3481e-01 9.9741e+00 -1.8555e+01 -1.3437e+01 -2.3814e+01 5.0862e+00 1.0320e+01 -2.3234e+01 -1.9783e+01 -1.8855e+01 -3.4606e+00 7.8880e+00 -1.9712e+01 -2.1881e+01 -1.9245e+01 -2.9378e-01 4.3775e+00
32 -8.7765e+00 1.9085e+01 -8.4271e+00 -9.4417e+00 1.7480e+01 2.9390e+00 -8.5036e+00 1.7852e+01 -4.7006e+00 -7.5397e+00 1.7066e+01 -7.6019e-01 -5.5391e+00 1.5357e+01 -4.7395e+00 -5.6142e+00 1.7366e+01 -1.7877e+00 -9.7525e+00 1.5984e+01 -5.7191e+00 -7.0147e+00 1.3178e+01 -2.1719e+00 -9.7549e+00 1.8960e+01 4.5987e+00 -9.6145e+00 1.7373e+01 -7.3871e-01 -9.3341e+00 1.7280e+01 1.4021e+00 -6.8935e+00 1.4070e+01 4.2169e+00 -5.1467e+00 1.2725e+01 -2.1230e+00 -8.5311e+00 1.9484e+01 -1.9311e-01 -2.1592e+01 -2.1697e+01 -1.8713e+01 -1.2875e+01 1.5197e+01 -1.8178e+01 -1.5956e+01 -1.8987e+01 -3.8131e+00 6.0525e+00 -2.0918e+01 -1.7011e+01 -1.9103e+01 -2.0627e+00 1.1251e+01 -2.3112e+01 -2.0233e+01 -1.5725e+01 -4.3569e+00 7.9534e+00 -1.0595e+01 -9.9832e+00 -2.3290e+01 1.0064e+01 -2.8973e+00 -1.8814e+01 -1.5236e+01 1.3243e+01 -2.3635e+01 -1.5438e+00 -1.6060e+01 -9.7722e+00 -2.0262e+01 1.1108e+01 3.9379e+00 -2.1743e+01 -1.9043e+01 -1.8648e+01 2.6826e+00 5.3349e-01 6.0873e+00 2.8485e+00 -1.6956e+01 8.0122e+00 1.8024e+00 -2.2300e+01 -1.5862e+01 -2.3041e+01 6.2039e-02 1.2502e+01 -2.2766e+01 -2.0156e+01 -1.7621e+01 -1.4101e+00 6.6320e+00 -2.5727e+01 -1.7138e+01 -1.7587e+01 3.6357e+00 2.1890e+00 -1.3934e+01 -1.2641e+01 -1.8096e+01 8.6543e-01 7.2950e+00
