frame G1:C1-C2 G1:C3-C4 G1:C1-CC G2:C1-C2 G2:C3-C4 G2:C1-CC C3:C1-C2 C3:C3-C4 C3:C1-CC A4:C1-C2 A4:C3-C4 A4:C1-CC C5:C1-C2 C5:C3-C4 C5:C1-CC G6:C1-C2 G6:C3-C4 G6:C1-CC A7:C1-C2 A7:C3-C4 A7:C1-CC A8:C1-C2 A8:C3-C4 A8:C1-CC G9:C1-C2 G9:C3-C4 G9:C1-CC G10:C1-C2 G10:C3-C4 G10:C1-CC U11:C1-C2 U11:C3-C4 U11:C1-CC G12:C1-C2 G12:C3-C4 G12:C1-CC C13:C1-C2 C13:C3-C4 C13:C1-CC C14:C1-C2 C14:C3-C4 C14:C1-CC G1:C4p-P-plus G1:C3p-P-plus G2:C4p-P G2:C5p-P G2:C5s-P G2:C4p-P-plus G2:C3p-P-plus C3:C4p-P C3:C5p-P C3:C5s-P C3:C4p-P-plus C3:C3p-P-plus A4:C4p-P A4:C5p-P A4:C5s-P A4:C4p-P-plus A4:C3p-P-plus C5:C4p-P C5:C5p-P C5:C5s-P C5:C4p-P-plus C5:C3p-P-plus G6:C4p-P G6:C5p-P G6:C5s-P G6:C4p-P-plus G6:C3p-P-plus A7:C4p-P A7:C5p-P A7:C5s-P A7:C4p-P-plus A7:C3p-P-plus A8:C4p-P A8:C5p-P A8:C5s-P A8:C4p-P-plus A8:C3p-P-plus G9:C4p-P G9:C5p-P G9:C5s-P G9:C4p-P-plus G9:C3p-P-plus G10:C4p-P G10:C5p-P G10:C5s-P G10:C4p-P-plus G10:C3p-P-plus U11:C4p-P U11:C5p-P U11:C5s-P U11:C4p-P-plus U11:C3p-P-plus G12:C4p-P G12:C5p-P G12:C5s-P G12:C4p-P-plus G12:C3p-P-plus C13:C4p-P C13:C5p-P C13:C5s-P C13:C4p-P-plus C13:C3p-P-plus C14:C4p-P C14:C5p-P C14:C5s-P
0 -9.7180e+00 1.3168e+01 4.6391e-01 -9.6950e+00 1.8715e+01 -2.7341e+00 -9.6667e+00 1.9373e+01 1.1366e+00 -9.3814e+00 1.3386e+01 2.7098e+00 -9.5866e+00 1.7937e+01 2.3466e+00 -9.6995e+00 1.3761e+01 1.7648e+00 1.7533e+01 -4.8332e+00 1.7447e+01 -9.6583e+00 9.0587e+00 2.3508e+00 1.6213e+01 -5.6512e+00 1.0970e+01 -8.6679e+00 1.7797e+01 -5.7342e+00 -7.9869e+00 1.7854e+01 -1.5651e+00 -9.6720e+00 1.8241e+01 8.1310e+00 -6.6298e+00 1.8847e+01 1.1170e+00 -6.6416e+00 1.9254e+01 2.1510e-01 -2.5684e+01 -1.9273e+01 -1.6849e+01 4.4294e+00 -5.5848e+00 -1.5500e+01 -1.5964e+01 -1.9555e+01 -1.7266e+01 1.7610e+01 -1.2696e+01 -1.5037e+01 -2.3214e+01 -6.6671e+00 1.4647e+01 -2.1404e+01 -1.9127e+01 -2.0386e+01 -2.2995e+00 2.8089e+00 -8.0807e+00 -8.8733e+00 -2.1341e+01 1.0095e+01 -1.9096e+00 -1.6939e+01 -8.1595e+00 2.0411e+01 -2.0820e+01 -1.5444e+00 7.5788e+00 -2.5723e+01 -1.3734e+01 1.3411e+01 -8.8050e+00 -6.1524e+00 -1.0944e+01 -1.3064e+01 1.1687e+01 -1.6739e+01 -1.9095e+01 -7.6917e+00 -1.4694e+01 1.2812e+01 -1.4173e+01 -2.2868e+01 -2.4497e+01 -1.4814e+01 -2.6449e+00 -6.0639e-01 -1.7699e+01 -1.6145e+01 -1.5429e+01 -2.6725e+00 1.3689e+01 -2.0827e+01 -1.9510e+01 -2.0102e+01 -9.7692e+00 1.0696e+01 -2.3785e+01 -2.3153e+01 -1.1253e+01 -1.8187e+00 1.5921e+00
1 -9.7308e+00 1.8848e+01 -9.0662e+00 -8.4012e+00 1.7274e+01 2.3157e+00 -7.7332e+00 1.9488e+01 -7.2345e+00 -8.8584e+00 1.8956e+01 -5.3616e-01 -8.7263e+00 1.4203e+01 -4.4109e+00 -9.7543e+00 1.7651e+01 1.5145e+00 -1.4222e+00 -5.6819e+00 -8.7729e+00 -9.7526e+00 7.2688e+00 1.1456e+01 1.8647e+01 -4.4874e+00 -3.6253e+00 -8.2669e+00 1.2568e+01 4.7289e+00 -6.3440e+00 1.8895e+01 -4.3586e+00 -8.4759e+00 1.8924e+01 -2.3340e+00 -8.7009e+00 1.5633e+01 2.8307e+00 -8.2648e+00 1.8323e+01 -1.2619e+00 -2.5402e+01 -2.3538e+01 -1.9127e+01 -6.1774e+00 6.5453e+00 -2.0588e+01 -1.8165e+01 -1.8045e+01 3.5539e-01 7.9124e+00 -2.3715e+01 -2.3755e+01 -2.0351e+01 -1.0824e+01 1.0365e+01 -1.6695e+01 -1.9104e+01 -1.5750e+01 -8.2556e+00 1.4522e+01 5.0519e-01 -8.5480e+00 -2.0056e+01 -5.5913e+00 1.5812e+01 -3.9851e+00 1.9155e+00 1.9193e+01 -1.7812e+01 -9.8812e+00 2.3577e+00 -2.4854e+01 -1.5825e+01 1.1077e+01 -7.4248e+00 -2.5715e+00 -1.6238e+01 -1.0072e+01 7.1736e+00 -1.0967e+01 -1.5275e+01 -7.3512e+00 -1.5581e+01 9.5586e+00 -1.0942e+01 -1.3504e+01 -1.5646e+01 -1.4814e+01 4.3342e+00 3.3522e+00 -2.3151e+01 -1.9264e+01 -2.1118e+01 9.1843e-01 5.5596e+00 -2.6456e+01 -2.5383e+01 -1.7981e+01 -3.7589e+00 6.6821e+00 -1.5145e+01 -9.8100e+00 -2.6067e+01 4.4013e+00 8.8073e+00
2 -6.5166e+00 1.8596e+01 -6.9746e+00 -7.8235e+00 1.4753e+01 -1.0717e+00 -8.4187e+00 1.8501e+01 -3.5662e+00 -9.4917e+00 1.7056e+01 2.1979e+00 -8.5512e+00 1.8970e+01 5.5507e+00 -9.7017e+00 1.6062e+01 -9.7213e-01 -1.1463e+00 -1.9149e-01 -8.9983e+00 -7.9403e+00 6.7644e+00 9.1788e+00 1.4779e+01 -7.5014e+00 4.3178e+00 -9.7539e+00 1.7686e+01 -5.1260e+00 -7.7868e+00 1.8553e+01 -1.6948e+00 -9.7478e+00 1.6577e+01 1.7067e+00 -8.5946e+00 1.8246e+01 -2.8753e+00 -6.6277e+00 1.8450e+01 2.8683e+00 -2.3943e+01 -2.0648e+01 -1.4095e+01 -3.1617e+00 1.1330e+01 -2.4448e+01 -1.7967e+01 -1.9315e+01 6.8218e+00 2.4804e+00 -1.8389e+01 -1.7410e+01 -1.8165e+01 -6.7607e+00 1.1963e+01 -2.2838e+01 -2.2873e+01 -2.1514e+01 -1.2025e+00 9.8566e+00 -2.7852e+00 -8.9072e+00 -2.2657e+01 -9.1770e+00 1.5919e+01 -1.0789e+01 -3.0322e+00 1.9420e+01 -2.4009e+01 8.0727e-01 -1.2693e+01 -2.0377e+01 -2.0466e+01 1.0090e+01 5.4986e+00 -6.7341e+00 -1.6469e+01 -5.7230e+00 9.3764e+00 -1.9074e+01 -2.2139e+01 5.3641e+00 -4.5282e+00 8.8569e+00 -1.8457e+01 -2.4423e+01 -2.2948e+01 -1.7846e+01 9.6340e-01 2.7090e+00 -2.4675e+01 -2.0696e+01 -1.9665e+01 -3.7697e+00 1.6202e+01 -2.1880e+01 -1.6659e+01 -1.7924e+01 1.3860e+00 9.8567e+00 -2.5948e+01 -2.3752e+01 -1.8677e+01 1.0504e+01 -4.8551e+00
3 -9.4596e+00 1.9367e+01 -2.6238e-01 -8.8267e+00 1.8951e+01 1.2004e+00 -9.6102e+00 1.6903e+01 -4.4969e+00 -5.8346e+00 1.6144e+01 -1.8766e+00 -9.0309e+00 1.8172e+01 7.6661e-03 -9.4066e+00 1.8239e+01 3.3651e+00 7.1973e+00 -9.2577e+00 5.0436e+00 -9.4522e+00 1.3090e+01 8.0342e+00 1.6627e+01 -9.5591e+00 6.3062e+00 -2.4458e+00 1.5470e+01 6.6661e-01 -8.8145e+00 1.8393e+01 -3.2559e+00 -6.7261e+00 1.8130e+01 1.2857e+00 -4.2843e+00 1.7322e+01 2.2235e-01 -7.3330e+00 1.8170e+01 -2.4245e+00 -2.1198e+01 -2.0542e+01 -2.0451e+01 -4.4461e+00 3.3962e+00 -2.3944e+01 -2.0704e+01 -1.8359e+01 -5.9842e+00 1.1755e+01 -1.9809e+01 -1.7749e+01 -2.4115e+01 -1.3126e-01 1.1148e+01 -1.6059e+01 -2.2659e+01 -2.0050e+01 3.4458e+00 8.4736e+00 -5.5198e+00 -6.9149e+00 -2.4456e+01 6.4584e+00 8.5627e+00 -1.7581e+01 -1.0030e+01 1.0127e+01 -2.4487e+01 3.5968e+00 1.4077e+01 -2.6213e+01 -1.5510e+01 1.0842e+01 1.8523e+00 -1.0829e+01 -1.9164e+01 9.0268e+00 -7.3686e+00 3.4104e+00 1.9777e+01 -1.4277e+01 1.8798e+01 3.3930e-01 -2.0544e+01 -2.5770e+01 -1.9743e+01 -1.8413e+01 4.0123e+00 -3.3084e+00 -2.1848e+01 -1.9922e+01 -1.7009e+01 -8.3327e+00 7.6595e+00 -2.4282e+01 -2.2785e+01 -2.2206e+01 -8.5387e-01 5.6185e+00 -1.8946e+01 -1.9986e+01 -2.2819e+01 -2.5579e-01 7.9118e+00
4 -9.6841e+00 1.9215e+01 4.5825e+00 -5.7119e+00 1.9222e+01 7.7657e-01 -9.1798e+00 1.8967e+01 -2.7650e+00 -9.1107e+00 1.6886e+01 4.2489e-01 -6.5928e+00 1.5857e+01 -4.5131e+00 -9.2316e+00 1.6357e+01 2.8098e+00 7.0106e+00 -7.6997e+00 -7.9294e+00 -9.5217e+00 6.7497e+00 3.8609e+00 -9.2420e+00 1.3554e+01 1.1267e+01 -8.9705e+00 1.4357e+01 5.3017e-01 -9.4899e+00 1.6752e+01 -3.8477e+00 -6.9344e+00 1.4471e+01 -1.8589e-01 -6.8457e+00 1.9101e+01 5.7102e-01 5.4551e-02 1.7170e+01 2.7303e+00 -1.6165e+01 -1.3386e+01 -2.1276e+01 -9.6242e-01 6.0295e+00 -2.4997e+01 -2.4906e+01 -1.9402e+01 -1.2737e+00 4.1319e+00 -2.3152e+01 -2.0402e+01 -1.9205e+01 -5.4190e-01 1.1281e+01 -2.0724e+01 -1.5791e+01 -1.9607e+01 -1.0689e+01 1.2378e+01 -1.5858e+01 -1.3767e+01 -1.8866e+01 -3.9356e+00 1.1626e+01 -2.2223e+01 -1.3697e+01 1.9400e+01 -1.1158e+01 4.1664e+00 3.4106e+00 -2.2356e+01 -1.4454e+01 1.3448e+01 -5.9080e+00 -3.2361e+00 -8.1174e+00 -9.8987e+00 1.1477e+01 -1.0539e+01 -1.5541e+01 -2.3956e+01 -1.5830e+01 8.8620e+00 1.6410e+00 -1.4944e+01 -1.7535e+01 -2.5341e+01 1.0780e+01 1.5628e+00 -2.2640e+01 -1.8981e+01 -1.8419e+01 -2.0121e+00 1.0514e+01 -1.9632e+01 -1.5712e+01 -1.8799e+01 -9.3372e+00 1.6442e+01 -2.0616e+01 -1.7888e+01 -1.1640e+01 -1.0649e+01 1.4311e+01
5 -8.8670e+00 1.9142e+01 -5.5746e+00 -9.5382e+00 1.6733e+01 2.6820e+00 -9.5517e+00 1.7286e+01 -3.1195e+00 -7.7394e+00 1.8005e+01 -2.5314e-01 -8.4021e+00 1.9279e+01 2.4069e-01 -9.6777e+00 1.3745e+01 5.0642e-01 1.7563e+01 -7.2677e+00 3.8171e+00 -9.5451e+00 5.7891e+00 3.6552e+00 1.6025e+01 -6.6553e+00 5.1380e+00 -8.8573e+00 1.7808e+01 4.0604e+00 -7.1586e+00 1.8185e+01 -2.4507e-01 -8.7716e+00 1.8006e+01 3.7105e+00 -8.1499e+00 1.5542e+01 1.2700e+00 1.3031e+01 -7.4083e+00 1.7451e+00 -2.0550e+01 -1.7008e+01 -2.1451e+01 -1.3200e+01 1.4136e+01 -1.6054e+01 -1.4808e+01 -1.3096e+01 -7.9370e+00 1.6787e+01 -2.0753e+01 -2.3015e+01 -2.4962e+01 -5.5312e+00 9.6595e+00 -2.3924e+01 -2.1371e+01 -1.6174e+01 -2.2376e+00 6.6968e+00 -1.6289e+01 -1.5721e+01 -2.1893e+01 -2.7550e+00 3.9268e+00 -2.0875e+01 -9.5947e+00 1.2296e+01 -2.6226e+01 7.6588e+00 4.1817e+00 -2.1926e+01 -1.2313e+01 6.8897e+00 -1.0274e+00 -1.3872e+01 -1.3678e+01 -1.1731e+01 7.4512e+00 1.9393e+00 -1.6942e+01 -2.8985e+00 -4.0831e+00 7.3886e+00 -1.8283e+01 -1.0950e+01 -1.4557e+01 -2.4743e+01 -8.3111e-01 5.4695e+00 -2.2586e+01 -2.1763e+01 -2.0920e+01 -1.1253e+01 1.7016e+01 -2.2703e+01 -2.2883e+01 -2.5033e+01 3.0128e+00 9.7282e+00 -2.4367e+01 -2.2807e+01 -2.2730e+01 1.5822e+00 4.5974e+00
6 -9.4413e+00 1.7818e+01 -2.0405e-01 -7.1540e+00 1.6396e+01 -4.9360e+00 -8.5870e+00 1.8860e+01 -2.9553e+00 -8.2189e+00 1.9025e+01 -5.2290e-01 -6.4771e+00 1.8288e+01 -3.2402e+00 -9.7539e+00 1.5383e+01 3.8144e+00 -1.7292e+00 -6.5387e+00 -7.2829e+00 -9.7170e+00 8.2440e+00 7.7684e-01 1.7907e+01 -8.5338e+00 -5.6408e-01 -9.4722e+00 1.6130e+01 -2.7568e+00 -8.4689e+00 1.6696e+01 -2.3498e+00 -9.5395e+00 1.9147e+01 2.7814e+00 -9.7287e+00 1.7075e+01 -2.9411e+00 1.7621e+01 -5.3443e+00 3.2543e+00 -2.3348e+01 -2.0415e+01 -1.4721e+01 -8.7297e+00 1.4486e+01 -1.0361e+01 -1.6881e+01 -1.9254e+01 -9.4295e+00 1.4875e+01 -1.7385e+01 -1.5253e+01 -2.0576e+01 -1.0906e+01 1.6982e+01 -2.5316e+01 -2.3479e+01 -2.0011e+01 -9.4425e+00 1.2956e+01 -7.9879e+00 -5.9917e+00 -2.3341e+01 9.8915e+00 3.8691e+00 -1.6737e+01 -4.9701e+00 1.8695e+01 -2.1091e+01 -3.2459e+00 2.2461e-01 -2.4579e+01 -1.1499e+01 3.2017e+00 1.0910e+00 -6.4451e+00 -8.1545e+00 9.7624e+00 -1.8904e+01 1.3562e+01 1.6220e+01 -9.2297e+00 1.1624e+01 -1.1003e+01 -1.8357e+01 -1.9963e+01 -2.0924e+01 -1.9739e+01 2.3731e+00 1.0742e+01 -2.1863e+01 -1.9314e+01 -2.2019e+01 -5.2139e+00 9.8666e+00 -2.4946e+01 -2.5578e+01 -2.0393e+01 6.4559e+00 -1.6219e+00 -2.3697e+01 -1.9359e+01 -1.7864e+01 -1.0493e+01 1.1443e+01
7 -9.2827e+00 1.5862e+01 -5.2440e+00 -8.8295e+00 1.5177e+01 -6.1587e+00 -8.8540e+00 1.9155e+01 2.4682e+00 -8.4487e+00 1.9172e+01 4.7234e+00 -6.1634e+00 1.8911e+01 5.7372e-01 -8.2421e+00 1.7298e+01 -7.8784e-01 3.1377e+00 -6.3639e+00 -1.7730e+00 -9.6420e+00 3.6037e+00 2.8835e+00 1.9280e+01 -3.5052e+00 4.7662e+00 -7.7372e+00 1.2624e+01 -2.0002e+00 -4.7733e+00 1.8933e+01 2.7066e+00 -9.5338e+00 1.7235e+01 6.8454e+00 -8.9079e+00 1.7876e+01 -5.1493e+00 -6.6606e+00 1.8903e+01 -1.0865e+00 -2.4169e+01 -1.6766e+01 -2.0004e+01 -1.2274e+01 1.4722e+01 -1.7031e+01 -2.3442e+01 -1.8513e+01 3.5143e+00 3.4249e+00 -2.3763e+01 -2.4023e+01 -1.8588e+01 -3.5201e+00 1.1365e+01 -2.0730e+01 -2.0590e+01 -2.0818e+01 -6.3104e+00 1.4613e+01 -2.1659e+01 -2.1866e+01 -1.3681e+01 -7.9941e+00 5.4436e+00 -8.6303e+00 -1.4320e+00 1.8093e+01 -2.0174e+01 -3.6564e+00 7.6292e+00 -2.3017e+01 -1.4500e+01 1.2861e+01 -6.1664e+00 -5.4742e+00 -1.2982e+01 -1.4870e+01 1.2663e+01 -2.0667e+01 -1.7269e+01 -9.1386e+00 -1.5615e+01 9.1713e-01 -1.3095e+00 -1.1258e+01 -1.4943e+01 -2.4012e+01 5.0218e-01 7.4389e+00 -2.3742e+01 -2.2008e+01 -2.4092e+01 -4.5151e+00 1.2334e+01 -2.3066e+01 -1.8483e+01 -1.5133e+01 -3.3147e+00 1.1650e+01 -2.1689e+01 -2.2491e+01 -1.7755e+01 -5.7531e-01 5.2457e+00
8 -9.1507e+00 1.9118e+01 -5.6174e+00 -9.7430e+00 1.6232e+01 7.3787e-01 -5.0047e+00 1.6088e+01 -6.6820e+00 -8.7669e+00 1.8318e+01 3.4291e+00 -7.1498e+00 1.6744e+01 -5.9702e+00 -9.5899e+00 1.7942e+01 -2.3020e+00 1.8732e+01 -9.6896e+00 8.2002e+00 -9.6982e+00 1.1668e+01 -1.2032e+00 1.8552e+01 -9.2415e+00 4.7452e+00 -9.3771e+00 1.9422e+01 -5.4342e+00 -9.6902e+00 1.8112e+01 2.5274e+00 -8.6039e+00 1.0700e+01 3.5316e+00 6.0910e+00 1.7051e+01 1.2876e+00 -8.1614e+00 1.4296e+01 -4.0416e+00 -2.1564e+01 -2.0299e+01 -2.3740e+01 3.2170e+00 9.9174e+00 -1.9182e+01 -1.8232e+01 -1.9057e+01 -1.0478e+01 1.4313e+01 -2.4217e+01 -2.0574e+01 -2.0734e+01 5.0119e+00 3.8493e+00 -2.3723e+01 -1.8819e+01 -2.0110e+01 -3.9153e-01 8.9816e+00 -1.5356e+01 -9.1875e+00 -1.4546e+01 -2.0241e-01 5.1096e+00 -2.2901e+01 -1.7168e+01 5.5745e+00 -1.6626e+01 7.3248e+00 1.0196e+01 -2.4854e+01 -4.9969e+00 8.9574e+00 -1.5291e+01 -1.7755e+01 -1.3609e+01 -1.2866e+01 5.7355e+00 2.7782e+00 -1.2488e+01 9.8021e-01 1.5649e+00 9.2241e+00 -1.9870e+01 -2.3925e+01 -2.2764e+01 -1.9868e+01 1.4417e+00 4.5936e+00 -2.5044e+01 -2.1009e+01 -2.1619e+01 3.0367e+00 1.2247e+01 -2.1464e+01 -1.9649e+01 -1.6723e+01 -2.5925e+00 5.9949e+00 -2.2384e+01 -1.6014e+01 -2.2639e+01 3.0458e+00 -6.9468e-01
9 -7.8175e+00 1.6285e+01 -2.9350e+00 -8.5549e+00 1.8526e+01 3.9294e+00 -9.4817e+00 1.8079e+01 -1.0674e+00 -8.8193e+00 1.8298e+01 3.0280e+00 -9.3476e+00 1.7733e+01 5.9180e-01 -7.7317e+00 1.8184e+01 2.9925e+00 -5.5697e+00 -8.4832e+00 -8.5365e+00 -9.6180e+00 9.9701e+00 4.2263e+00 1.8398e+01 -8.6208e+00 1.6701e+01 -6.7460e+00 1.8930e+01 -2.1734e+00 -4.3615e+00 1.5758e+01 2.6180e+00 -6.7701e+00 1.9347e+01 -1.0388e+00 -7.5736e+00 1.6748e+01 -4.9363e+00 -9.3720e+00 1.7381e+01 3.3668e+00 -1.8942e+01 -1.9880e+01 -2.0122e+01 3.6421e+00 2.5525e+00 -1.9915e+01 -2.2752e+01 -1.5019e+01 2.5364e-01 8.7466e+00 -2.1489e+01 -1.6620e+01 -2.1156e+01 -1.4595e+01 1.7844e+01 -2.1003e+01 -2.0254e+01 -2.1736e+01 7.8062e+00 -1.5313e+00 -7.8630e+00 -6.8694e+00 -1.8357e+01 -2.5326e+00 8.0450e+00 -9.0615e+00 -2.4293e+00 1.5417e+01 -1.4893e+01 -1.0091e+01 5.2393e+00 -2.2169e+01 -1.1184e+01 1.1678e+01 -1.4110e+01 -1.0755e+01 -1.9000e+01 4.5153e-01 2.2059e+00 4.0297e+00 1.8525e+01 -2.0777e+00 -1.8660e+00 5.7994e+00 -2.0111e+01 -2.0695e+01 -1.9904e+01 -1.9292e+01 3.3473e+00 1.9275e+00 -2.4197e+01 -1.8881e+01 -2.0791e+01 -1.7560e+00 1.1611e+01 -2.2514e+01 -2.2122e+01 -2.0620e+01 -6.6710e+00 6.7563e+00 -1.7560e+01 -1.5076e+01 -2.1272e+01 -2.2896e-01 4.4056e+00
