frame G1:C1-C2 G1:C3-C4 G1:C1-CC G2:C1-C2 G2:C3-C4 G2:C1-CC C3:C1-C2 C3:C3-C4 C3:C1-CC A4:C1-C2 A4:C3-C4 A4:C1-CC C5:C1-C2 C5:C3-C4 C5:C1-CC G6:C1-C2 G6:C3-C4 G6:C1-CC A7:C1-C2 A7:C3-C4 A7:C1-CC A8:C1-C2 A8:C3-C4 A8:C1-CC G9:C1-C2 G9:C3-C4 G9:C1-CC G10:C1-C2 G10:C3-C4 G10:C1-CC U11:C1-C2 U11:C3-C4 U11:C1-CC G12:C1-C2 G12:C3-C4 G12:C1-CC C13:C1-C2 C13:C3-C4 C13:C1-CC C14:C1-C2 C14:C3-C4 C14:C1-CC G1:C4p-P-plus G1:C3p-P-plus G2:C4p-P G2:C5p-P G2:C5s-P G2:C4p-P-plus G2:C3p-P-plus C3:C4p-P C3:C5p-P C3:C5s-P C3:C4p-P-plus C3:C3p-P-plus A4:C4p-P A4:C5p-P A4:C5s-P A4:C4p-P-plus A4:C3p-P-plus C5:C4p-P C5:C5p-P C5:C5s-P C5:C4p-P-plus C5:C3p-P-plus G6:C4p-P G6:C5p-P G6:C5s-P G6:C4p-P-plus G6:C3p-P-plus A7:C4p-P A7:C5p-P A7:C5s-P A7:C4p-P-plus A7:C3p-P-plus A8:C4p-P A8:C5p-P A8:C5s-P A8:C4p-P-plus A8:C3p-P-plus G9:C4p-P G9:C5p-P G9:C5s-P G9:C4p-P-plus G9:C3p-P-plus G10:C4p-P G10:C5p-P G10:C5s-P G10:C4p-P-plus G10:C3p-P-plus U11:C4p-P U11:C5p-P U11:C5s-P U11:C4p-P-plus U11:C3p-P-plus G12:C4p-P G12:C5p-P G12:C5s-P G12:C4p-P-plus G12:C3p-P-plus C13:C4p-P C13:C5p-P C13:C5s-P C13:C4p-P-plus C13:C3p-P-plus C14:C4p-P C14:C5p-P C14:C5s-P
0 -9.3350e+00 1.7135e+01 -3.4980e+00 -9.7443e+00 1.4645e+01 1.6709e+00 -8.9190e+00 1.9030e+01 -2.7870e+00 -4.1651e+00 1.4282e+01 -3.7477e+00 -8.2667e+00 1.7816e+01 -4.7332e+00 1.4316e+01 -8.1751e+00 8.6458e+00 2.8583e+00 -7.4437e+00 1.5374e+00 -9.4626e+00 1.2525e+01 8.5180e+00 -9.1538e+00 1.4852e+01 3.9676e+00 -9.1389e+00 1.1350e+01 -3.7848e+00 -4.0560e+00 1.9242e+01 -4.4161e+00 -8.0866e+00 1.5758e+01 1.4099e+00 -5.6825e+00 1.8795e+01 -5.7746e-01 -6.7901e+00 1.8258e+01 -3.7905e+00 -2.9234e+01 -2.8915e+01 -2.6060e+01 -1.3659e+01 1.1140e+01 -2.7697e+01 -2.1843e+01 -3.2093e+01 -1.4428e+01 1.8522e+01 -3.4988e+01 -3.2174e+01 -2.4340e+01 -1.3683e+01 1.2009e+01 -2.9621e+01 -1.1684e+01 -2.9922e+01 -2.8848e+01 -1.5394e+01 -7.3061e+00 -8.2643e+00 -1.6449e+01 -1.2740e+01 1.5614e+01 7.7346e+00 -1.6880e+01 -1.2275e-02 2.1642e+01 -3.0434e+01 2.5846e+00 -1.2622e+01 -2.8145e+01 5.8012e+00 3.7390e+00 -2.3856e+01 -2.5448e+01 -3.0113e+01 1.7447e+01 -7.3235e+00 -2.5256e+01 -8.6589e+00 -1.2113e+00 -8.9358e+00 -9.3032e+00 -8.4724e+00 -2.3402e+01 -2.9570e+01 -2.1011e+00 1.7038e+01 -2.5021e+01 -2.2097e+01 -2.6093e+01 2.5503e+00 1.3818e+01 -3.3663e+01 -2.8907e+01 -2.6256e+01 3.1314e+00 1.0730e+01 -2.2527e+01 -2.3689e+01 -2.9781e+01 -5.9740e+00 1.3136e+01
1 -8.5067e+00 1.9295e+01 -6.5048e+00 -8.9677e+00 1.4423e+01 -1.7881e+00 -9.7536e+00 1.9266e+01 -2.3566e+00 -7.8491e+00 1.4378e+01 6.4956e+00 -5.7078e+00 1.7270e+01 -2.3764e+00 -9.0875e+00 1.5715e+01 4.3463e+00 -6.0232e+00 -8.1351e+00 -9.2196e+00 -4.5632e+00 1.6028e+01 8.5847e+00 -9.7462e+00 1.5319e+01 1.0283e+01 -7.4012e+00 1.7227e+01 -5.0682e+00 -9.2152e+00 1.7825e+01 -2.9833e+00 -9.1754e+00 1.4868e+01 2.3456e+00 -7.7397e+00 1.8896e+01 3.3456e+00 -1.8185e+00 1.7647e+01 -4.2587e-01 -3.1098e+01 -3.3438e+01 -3.1490e+01 -7.1637e+00 1.4345e+01 -1.7674e+01 -2.0167e+01 -2.6927e+01 -3.6415e+00 1.2546e+01 -2.9061e+01 -3.0683e+01 -2.5348e+01 -1.0781e+01 1.5779e+01 -2.8124e+01 -2.7213e+01 -2.8024e+01 -1.8446e+01 1.9516e+01 -2.4080e+01 -1.8330e+01 -3.1651e+01 -7.3699e+00 9.5118e+00 -1.7338e+01 -2.8271e+01 -2.6574e+01 -8.4495e+00 4.8718e+00 -6.2707e-01 -1.5702e+01 -2.8660e+01 1.9139e+01 -2.5632e+00 -3.4608e+01 -2.4484e+01 -1.7955e+01 1.2774e+01 -1.1946e+01 -4.7945e+00 -1.2788e+00 -1.9107e+01 -9.6182e+00 2.2121e+01 -3.1686e+01 -3.0741e+01 -3.0568e+01 -1.4700e+01 1.8783e+01 -2.5711e+01 -2.8171e+01 -2.8935e+01 -1.4293e+01 1.7792e+01 -2.7066e+01 -3.0451e+01 -2.9304e+01 -7.6080e+00 1.3231e+01 -2.4613e+01 -2.2923e+01 -2.7709e+01 -7.2740e+00 1.7676e+01
2 -9.2787e+00 1.7234e+01 3.0345e+00 1.4194e+01 -8.3274e+00 5.1016e+00 4.2511e-01 1.8359e+01 -2.8528e+00 1.0369e+00 1.8489e+01 6.0488e+00 -8.5027e+00 1.9239e+01 -4.6534e-01 -6.2266e+00 1.8796e+01 3.5683e+00 -4.8675e+00 1.7566e+01 5.0903e+00 -8.2290e+00 1.4335e+01 5.4950e+00 -8.3148e+00 1.3652e+01 6.9606e+00 -9.7432e+00 1.4628e+01 5.4899e+00 -7.6910e+00 1.7766e+01 3.9418e+00 -8.5161e+00 1.8325e+01 4.7090e+00 -9.7512e+00 1.6336e+01 3.2128e+00 1.8744e+01 -5.8446e+00 2.5660e+00 -2.2715e+01 -1.0581e+01 -1.9033e+01 -2.0631e+01 1.9364e+01 -2.6376e+01 -5.9451e+00 -3.0797e+01 3.0181e+00 1.5633e+01 -2.6809e+01 -2.8552e+01 -2.5045e+01 1.0077e+01 -5.8443e-01 -2.5743e+01 -2.2951e+01 -2.2775e+01 9.8768e+00 -8.2774e+00 -9.8433e+00 -8.2736e+00 -2.7400e+01 -1.1938e+01 1.9829e+01 -2.5887e+01 -2.0246e+01 2.4079e+01 -3.4287e+01 -1.0420e+00 -1.8144e+01 -1.1016e+01 -3.3084e+01 1.4287e+01 1.0517e+00 -3.0792e+01 -2.5941e+01 -2.9586e+01 -2.3111e+00 1.0486e+01 7.0358e+00 1.1013e+01 -2.2012e+01 -5.7500e+00 1.6217e+01 -2.8312e+01 -2.5802e+01 -2.1261e+01 -6.2470e+00 1.2969e+01 -3.2988e+01 -2.8403e+01 -2.6035e+01 1.2000e-01 6.3559e+00 -2.9324e+01 -2.1610e+01 -2.9867e+01 -2.5182e+00 7.0508e+00 1.7510e+01 2.3046e+01 2.5426e+01 -1.3886e+01 -2.8471e+01
3 -8.6830e+00 1.4900e+01 -6.8137e+00 -9.5567e+00 1.8149e+01 -2.5656e-01 -9.6687e+00 1.6683e+01 -4.8475e-01 -5.9764e+00 1.8246e+01 -9.0731e-01 -5.2435e+00 1.5404e+01 -3.4769e+00 -7.3510e+00 1.9013e+01 6.8383e+00 -5.7343e+00 1.2778e+01 -7.9854e+00 -6.7611e+00 1.6974e+01 2.2171e+00 -9.7545e+00 1.7954e+01 7.3782e+00 -8.1420e+00 1.4953e+01 -3.5945e+00 -7.5410e+00 1.8095e+01 1.6236e+00 -9.5907e+00 1.8831e+01 6.9994e+00 -9.3513e+00 1.6228e+01 5.6041e+00 -3.1212e+00 1.8960e+01 -2.5877e-01 -1.6082e+01 -1.5101e+01 -2.1356e+01 -8.5429e+00 9.9003e+00 -3.2728e+01 -2.7621e+01 -2.9159e+01 -1.2589e+01 1.9525e+01 -3.0737e+01 -3.2589e+01 -2.8711e+01 1.6967e-01 1.1064e+01 -3.0473e+01 -2.7502e+01 -2.5474e+01 -4.4183e+00 1.4222e+01 -1.9953e+01 -7.1360e+00 -3.0020e+01 -1.6128e+00 7.4615e+00 -2.5755e+01 -2.7515e+01 1.8152e+01 -3.2747e+01 -4.5852e-01 -2.8928e+01 -2.5526e+01 -2.3707e+01 9.7410e+00 1.0856e+01 -3.3255e+01 -2.3641e+01 -2.0617e+01 1.3808e+01 -1.2803e+01 1.8836e-01 8.4361e+00 -2.0115e+01 -2.2029e+00 2.6238e+00 -2.7119e+01 -2.8757e+01 -2.5705e+01 -4.9738e+00 8.1502e+00 -3.4154e+01 -2.8501e+01 -2.2386e+01 -4.7316e+00 1.6960e+01 -3.4801e+01 -3.1267e+01 -2.5963e+01 2.8569e+00 6.7031e+00 -2.5961e+01 -3.4723e+01 -1.5514e+01 3.7942e+00 -8.2355e+00
4 -8.4648e+00 1.4154e+01 -5.6189e+00 -8.8900e+00 1.7743e+01 -1.4423e+00 -9.4204e+00 1.9200e+01 -4.7830e+00 -8.2376e+00 1.6427e+01 3.9066e+00 -9.2176e+00 1.8268e+01 2.8565e+00 -6.7779e+00 1.8363e+01 4.1912e+00 -9.1664e+00 1.8265e+01 -2.3561e+00 -6.2693e+00 1.1871e+01 7.3625e+00 -9.3331e+00 1.7727e+01 7.1171e+00 -9.7548e+00 1.5281e+01 1.7642e-01 -9.7382e+00 1.7025e+01 3.5146e-01 -8.0546e+00 1.5823e+01 -2.1912e+00 -8.8293e+00 1.6831e+01 2.1909e+00 -9.3023e+00 1.8430e+01 2.5927e+00 -2.2151e+01 -1.7534e+01 -2.4630e+01 -9.2271e+00 1.9599e+01 -3.3511e+01 -2.8564e+01 -3.0568e+01 3.2738e+00 6.2504e+00 -3.1688e+01 -3.2928e+01 -2.8181e+01 1.9833e+00 3.5685e+00 -3.3290e+01 -2.6863e+01 -2.4272e+01 -3.7901e+00 -4.2921e-01 -1.7312e+01 -1.1445e+01 -2.8882e+01 -5.0674e+00 1.5743e+01 -2.3267e+01 -2.4518e+01 2.1305e+01 -3.2433e+01 2.0301e-02 -2.3157e+01 -1.9540e+01 -2.5593e+01 3.2109e-01 1.8481e+01 -3.4145e+01 -2.4607e+01 -2.8563e+01 7.1757e+00 1.4670e+01 3.4609e+00 4.4551e+00 -2.5397e+01 -1.0657e+01 1.1942e+01 -2.2362e+01 -2.7254e+01 -3.2112e+01 3.0184e+00 1.0784e+01 -3.0516e+01 -2.7899e+01 -2.4874e+01 2.1822e+00 9.1394e+00 -2.6111e+01 -3.1500e+01 -3.1998e+01 4.9815e+00 -5.5762e+00 -3.0807e+01 -2.4739e+01 -2.7247e+01 -9.0222e-01 1.6570e+01
5 -7.9791e+00 1.8990e+01 -7.0064e+00 -9.3196e+00 1.6101e+01 1.8138e+00 -3.7676e+00 1.5225e+01 -1.9194e-01 -9.7441e+00 1.8526e+01 5.6302e+00 -5.9374e+00 1.7400e+01 -1.4538e+00 -7.9256e+00 1.4323e+01 3.3184e+00 -1.4738e-01 2.4706e+00 4.7388e+00 -3.9899e+00 1.5768e+01 8.5389e+00 -5.2842e+00 1.2670e+01 4.4716e+00 -9.7159e+00 1.6693e+01 2.6072e+00 -2.3731e+00 1.7821e+01 -3.8631e+00 -8.1661e+00 1.8278e+01 3.2241e+00 -7.8021e+00 1.8860e+01 2.3105e-01 -7.9337e+00 1.9217e+01 -2.0148e+00 -2.4496e+01 -2.3651e+01 -2.0965e+01 -1.3074e+01 1.9572e+01 -3.4111e+01 -2.2398e+01 -2.6761e+01 2.3928e+00 1.1811e+01 -3.2620e+01 -3.1548e+01 -2.9311e+01 -8.2116e+00 1.3792e+01 -2.9821e+01 -2.7523e+01 -2.7602e+01 -1.0274e+01 1.8528e+01 -1.9830e+01 -2.4002e+01 -2.8082e+01 8.3901e+00 1.0179e+01 -2.2560e+01 -2.1380e+01 -1.8608e+01 1.3231e+01 -8.2308e+00 -2.2210e+01 -2.7300e+01 -2.8413e+01 1.8091e+01 -9.7514e+00 -3.0000e+01 -2.8260e+01 -2.9464e+01 6.6182e+00 2.5787e+00 6.0451e+00 1.6565e+01 -2.0789e+01 -2.8412e+00 1.5779e+01 -2.7523e+01 -3.1249e+01 -2.7099e+01 -1.1283e+00 1.7355e+01 -2.6904e+01 -2.3634e+01 -2.4716e+01 -2.3755e+00 1.6830e+01 -3.1995e+01 -3.0271e+01 -2.5946e+01 -7.7055e-01 4.9990e+00 -2.7115e+01 -2.4459e+01 -3.0812e+01 -1.6488e+01 1.6020e+01
6 -8.4041e+00 1.7858e+01 -1.4763e+00 -7.3030e+00 1.6490e+01 -6.5389e-01 -7.7101e+00 1.8095e+01 -3.1221e+00 -7.6950e+00 1.8802e+01 1.4615e+00 -5.6055e+00 1.7640e+01 1.7673e+00 -8.8287e+00 1.7252e+01 3.3484e+00 2.3129e+00 -7.5360e-01 -5.6806e+00 -7.0090e+00 1.5108e+01 7.9305e+00 -9.4993e+00 1.3969e+01 1.0503e+01 -7.7326e+00 1.8597e+01 -1.4027e+00 -8.6306e+00 1.7577e+01 -2.3696e+00 -8.4367e+00 1.7232e+01 -2.3061e+00 -8.9444e+00 1.7992e+01 -3.9499e+00 -7.1461e+00 1.6827e+01 -9.4305e-02 -2.6880e+01 -1.9316e+01 -2.6856e+01 1.2382e+01 4.4555e+00 -2.4164e+01 -2.5206e+01 -3.0132e+01 1.4765e+01 -1.1748e+00 -2.5494e+01 -2.0441e+01 -2.6719e+01 -7.5335e+00 1.9203e+01 -3.3801e+01 -3.1055e+01 -1.4925e+01 -1.3290e+01 1.6474e+01 -1.9680e+01 -1.1751e+01 -2.8981e+01 4.8053e+00 3.9867e+00 -3.1625e+01 -2.3157e+01 -1.6001e+01 -2.0182e+01 1.3453e+01 -1.1103e+01 -2.8963e+01 -2.8672e+01 1.6515e+01 -7.7532e+00 -3.3901e+01 -2.7176e+01 -3.3913e+01 1.0911e+01 -2.8025e+00 1.1915e+01 1.0179e+01 -1.6483e+01 3.1869e+00 1.1752e+01 -3.5988e+01 -3.3988e+01 -2.6263e+01 2.0639e+00 -5.5629e+00 -2.7365e+01 -1.9041e+01 -2.1696e+01 -1.6434e+01 1.4414e+01 -2.2243e+01 -2.4171e+01 -3.3488e+01 -4.8887e+00 1.2707e+01 -3.3182e+01 -2.8787e+01 -3.2720e+01 -7.2241e+00 1.5848e+01
7 -9.2970e+00 1.7454e+01 -5.4966e+00 -7.7366e+00 1.5860e+01 -1.2144e+00 -3.0158e+00 1.4796e+01 3.0768e+00 -6.4373e+00 1.8882e+01 2.0023e-01 -7.2868e+00 1.9213e+01 -1.2898e+00 -6.5990e+00 1.6953e+01 2.0794e+00 -7.3782e+00 1.7068e+01 1.0231e+00 -9.2405e+00 1.7763e+01 -9.9190e-02 -9.1829e+00 1.3608e+01 4.2357e+00 -8.3841e+00 1.6365e+01 -1.9337e-02 -4.1263e+00 1.6687e+01 -9.8066e-01 -3.9293e+00 1.6966e+01 1.4204e+00 -9.7526e+00 1.7989e+01 -3.5066e+00 -6.5916e+00 1.8502e+01 -6.5595e+00 -2.6935e+01 -2.0108e+01 -1.8579e+01 -9.4912e+00 1.6618e+01 -2.5250e+01 -2.5936e+01 -2.6445e+01 -7.4050e+00 1.7048e+01 -2.1757e+01 -2.2364e+01 -2.7388e+01 8.8694e-02 3.9395e+00 -1.9033e+01 -2.0636e+01 -2.0923e+01 1.5526e+00 7.3686e-01 -9.6490e+00 -1.5159e+01 -3.1287e+01 -1.0882e+01 1.3202e+01 -2.0780e+01 -2.7478e+01 2.3858e+01 -3.3075e+01 -2.2551e+00 -2.4357e+01 -2.4075e+01 -2.8870e+01 1.4050e+01 -5.4180e-01 -3.4884e+01 -3.4299e+01 -3.3208e+01 6.2709e-01 8.7250e+00 6.0535e+00 -1.0567e+01 -2.6661e+01 -3.1111e-01 1.8085e-01 -3.2524e+01 -2.9219e+01 -2.5695e+01 -6.7414e+00 1.4070e+01 -3.3983e+01 -3.4961e+01 -1.5257e+01 1.1125e+01 -1.9170e+01 -2.8441e+01 -2.7595e+01 -2.9492e+01 -3.6883e+00 1.9322e+01 -2.9867e+01 -2.8772e+01 -2.6375e+01 -6.3514e-01 7.6385e+00
8 -9.7133e+00 1.5451e+01 -3.6131e+00 -9.3450e+00 1.3509e+01 4.5704e-01 -8.5238e+00 1.7739e+01 5.3849e+00 -5.6407e+00 1.8854e+01 3.6457e+00 -9.6089e+00 1.8505e+01 4.0872e+00 -9.3338e+00 1.9251e+01 9.2634e+00 -6.4859e+00 1.1210e+01 1.1308e+00 -8.3581e+00 1.2344e+01 1.5117e+00 -6.8401e+00 1.4738e+01 6.0962e+00 -9.0114e+00 1.6670e+01 -2.0321e+00 -6.5726e+00 1.7566e+01 -2.7524e+00 -7.8109e+00 1.5359e+01 1.0066e+00 -8.7904e+00 1.8603e+01 -3.9466e+00 -5.5021e+00 1.5599e+01 -3.9438e+00 -3.3160e+01 -2.2572e+01 -2.1695e+01 -1.1831e+01 1.7018e+01 -3.1077e+01 -2.4826e+01 -2.5233e+01 2.9055e+00 7.5077e+00 -3.5302e+01 -3.1910e+01 -2.5526e+01 -4.3370e+00 1.6057e+01 -2.7239e+01 -2.6579e+01 -1.8333e+01 -1.2364e+01 1.5117e+01 -1.0990e+01 -1.0995e+01 -2.8727e+01 -4.1989e-01 1.1433e+01 -2.2826e+01 -2.1672e+01 1.8730e+01 -3.3321e+01 9.7215e-01 -2.4841e+01 -1.3976e+01 -3.0984e+01 6.2985e+00 6.3433e+00 -3.3045e+01 -2.8137e+01 -2.4730e+01 -5.9011e+00 8.0149e+00 8.8926e+00 9.8826e+00 -3.0886e+01 8.9502e-01 1.7730e+01 -3.0492e+01 -2.7126e+01 -2.3937e+01 -1.7361e+01 1.9567e+01 -2.8468e+01 -2.7366e+01 -2.6240e+01 7.5756e+00 2.4475e+00 -3.3134e+01 -2.2427e+01 -3.1127e+01 -4.9768e+00 1.4147e+01 -3.0114e+01 -2.6637e+01 -2.0807e+01 -5.0713e-01 1.5521e+01
9 -9.4891e+00 1.5729e+01 -6.5950e+00 -7.8105e+00 1.7722e+01 -1.5344e+00 -1.0224e+00 1.6555e+01 -6.0012e+00 -8.5229e+00 1.7716e+01 9.5193e+00 -8.7901e+00 1.6880e+01 5.0722e+00 -6.5594e+00 1.8683e+01 1.6339e+00 1.6396e+01 -7.6100e+00 9.6195e+00 6.4058e+00 1.8911e+01 4.3896e+00 -9.4447e+00 1.5302e+01 7.0999e+00 -9.6889e+00 1.6311e+01 5.0625e-01 -7.4597e+00 1.6710e+01 2.3896e+00 -7.6326e+00 1.7408e+01 3.6907e+00 -5.2419e+00 1.7848e+01 1.8333e+00 -9.5243e+00 1.8797e+01 -1.8774e+00 -1.4421e+01 -1.4814e+01 -2.5085e+01 -1.0866e+01 1.1432e+01 -2.9213e+01 -2.0986e+01 -2.7427e+01 -7.5227e+00 1.5891e+01 -3.1387e+01 -2.8331e+01 -3.2164e+01 9.2915e-01 -4.3545e+00 -3.3407e+01 -2.9954e+01 -2.8254e+01 -6.3307e-01 1.4541e+01 -6.8658e+00 -1.1410e+01 -2.8710e+01 5.8262e+00 9.2947e+00 -3.2649e+01 -3.0635e+01 1.6586e+01 -2.9966e+01 -9.4434e-01 -1.2004e+01 -2.2660e+01 -3.0757e+01 3.7429e+00 1.6526e+01 -2.5866e+01 -2.1503e+01 -2.6071e+01 1.1213e+00 3.0501e+00 1.0672e+01 1.4196e+01 -1.2238e+01 -1.4469e+01 1.9678e+01 -2.9428e+01 -2.8605e+01 -2.5205e+01 -9.0326e+00 1.2855e+01 -3.4696e+01 -2.9494e+01 -1.7240e+01 -1.8603e+00 4.0255e+00 -2.9572e+01 -1.9580e+01 -2.2245e+01 1.2138e+01 6.2924e+00 -3.3529e+01 -2.8283e+01 -2.3035e+01 -1.2065e-01 5.2752e+00
10 -9.4916e+00 1.8449e+01 -4.0963e+00 -8.8757e+00 1.8928e+01 -1.1318e+00 -5.1483e+00 1.8759e+01 3.9120e+00 -9.6456e+00 1.7657e+01 6.3247e+00 -9.5982e+00 1.5994e+01 3.4078e+00 -4.2692e+00 1.8743e+01 1.6608e-01 -1.4696e+00 -7.7987e+00 -7.4223e+00 -9.5143e+00 1.0485e+01 4.0311e+00 -8.6586e+00 1.6482e+01 1.7529e+00 -8.0577e+00 1.8681e+01 -3.5493e+00 -7.5407e+00 1.6892e+01 -2.4703e+00 -9.3890e+00 1.7400e+01 4.3605e+00 -3.4067e+00 1.9153e+01 1.3794e+00 -9.3067e+00 1.9220e+01 5.5993e+00 -2.2635e+01 -2.3274e+01 -1.7705e+01 -8.7385e+00 2.0692e+01 -2.7150e+01 -2.6777e+01 -2.9903e+01 -7.3819e+00 1.7271e+01 -2.9208e+01 -2.5657e+01 -2.3205e+01 -1.1003e+01 2.0610e+01 -3.2783e+01 -2.4594e+01 -2.8707e+01 -1.1197e+01 1.7812e+01 -7.0053e+00 -1.7931e+01 -2.8725e+01 -2.3760e+00 1.8790e+01 -1.4279e+01 -1.4545e+01 -2.4571e+01 3.8033e+00 -7.1977e+00 1.3110e+00 -1.1021e+01 -3.0207e+01 9.9033e+00 4.1430e+00 -3.0901e+01 -2.1466e+01 -3.0983e+01 1.6448e+00 1.6014e+01 1.2215e+01 7.3880e+00 -2.0142e+01 -8.0487e+00 1.8204e+01 -2.1337e+01 -2.0328e+01 -2.4337e+01 -2.5378e+01 2.0730e+01 -3.4473e+01 -2.8169e+01 -2.7521e+01 6.1372e+00 7.3258e+00 -2.2230e+01 -2.5894e+01 -1.9392e+01 -1.9148e+01 2.0109e+01 -2.8536e+01 -3.1259e+01 -1.6221e+01 3.1400e+00 -3.5652e+00
11 -9.3505e+00 1.4755e+01 5.0453e-02 -8.8923e+00 1.8774e+01 3.6956e-01 -9.1577e+00 1.8314e+01 -6.8093e+00 -7.7308e+00 1.6505e+01 -1.7551e+00 -4.9867e+00 1.6027e+01 -3.8836e+00 -5.2273e+00 1.4757e+01 3.8907e+00 2.9102e+00 -8.8011e+00 -1.0203e+00 -7.3605e+00 1.0022e+01 7.2192e+00 -9.7495e+00 1.1937e+01 8.4808e+00 -8.6662e+00 1.1625e+01 -5.0680e+00 -9.2558e+00 1.6719e+01 -3.8176e-01 -9.1913e+00 1.8032e+01 8.8394e+00 -8.4166e+00 1.7400e+01 -6.3925e-01 -6.7555e+00 1.9412e+01 1.0191e-02 -2.1788e+01 -2.4257e+01 -3.2493e+01 4.6165e+00 8.7706e+00 -3.0253e+01 -2.4830e+01 -2.7398e+01 -1.9293e+01 1.8975e+01 -2.8019e+01 -2.7947e+01 -2.4437e+01 -1.9972e+00 1.5226e+01 -2.7749e+01 -2.5883e+01 -2.7058e+01 -2.3726e+00 1.6552e+01 -3.1888e+01 -2.6729e+01 -2.8162e+01 -6.9143e+00 1.1617e+01 -1.9498e+01 -2.1042e+01 -2.6649e+01 1.0463e+01 -2.4304e+01 1.0099e+01 -1.9152e+01 -3.0377e+01 1.0120e+01 -1.7400e+00 -3.5039e+01 -1.9553e+01 -2.3104e+01 7.3491e+00 1.4433e+00 6.7060e+00 2.9114e+00 -3.1667e+01 1.2093e+01 -3.2047e+00 -2.2128e+01 -2.4850e+01 -2.8162e+01 6.9386e+00 -1.2929e+00 -3.3107e+01 -2.3876e+01 -2.4442e+01 4.4239e+00 2.1593e+00 -2.3791e+01 -2.7122e+01 -2.6801e+01 -4.6496e+00 1.3779e+01 -2.8665e+01 -3.2323e+01 -2.5965e+01 1.0871e+00 1.6350e+01
12 -8.4319e+00 1.8604e+01 -7.3871e+00 -5.9614e+00 1.7168e+01 -2.9855e+00 5.9467e+00 1.1989e+01 -6.5206e+00 -4.5647e+00 1.5691e+01 7.1572e+00 -5.7755e+00 1.7122e+01 4.5323e+00 -4.7271e+00 1.7353e+01 8.4853e+00 -9.2954e+00 1.5719e+01 -7.7566e+00 -9.7546e+00 6.3803e+00 -2.4875e+00 -6.9191e+00 1.7635e+01 2.5984e+00 -9.6804e+00 1.8862e+01 -1.8762e+00 -6.3040e+00 1.8152e+01 -3.6402e+00 -9.7505e+00 1.7002e+01 5.8747e+00 -9.7543e+00 1.9103e+01 -5.1571e+00 -9.3478e+00 1.4577e+01 -5.2684e+00 -2.0058e+01 -2.5799e+01 -1.7975e+01 3.3310e+00 5.2376e+00 -2.0510e+01 -1.6602e+01 -2.5823e+01 -2.3491e+01 2.3847e+01 -3.6087e+01 -2.4728e+01 -2.7449e+01 1.0539e+01 -1.8992e+01 -2.4024e+01 -3.0204e+01 -2.3538e+01 4.2639e+00 6.7931e+00 -1.0288e+01 -3.8629e+00 -3.2492e+01 -1.8140e+00 1.8662e+01 -3.2723e+01 -2.8871e+01 2.4312e+01 -2.7065e+01 7.4671e-02 7.2373e+00 1.4729e+01 4.0645e+00 1.4486e+01 8.4385e+00 -4.9304e+00 -1.6853e+01 -2.6676e+01 -1.5722e+00 1.7189e+01 -2.3781e+01 -1.9751e+01 -6.3538e+00 -4.9492e+00 6.2810e+00 -2.4550e+01 -1.9515e+01 -2.9807e+01 6.0723e+00 9.5118e+00 -3.1014e+01 -2.7823e+01 -2.4866e+01 -5.7943e+00 2.0411e+01 -2.5355e+01 -2.4238e+01 -3.2231e+01 6.7363e+00 6.6810e+00 -3.0314e+01 -2.7336e+01 -2.5681e+01 -2.3179e+01 2.0311e+01
13 -8.9739e+00 1.6303e+01 4.0880e-01 -8.1860e+00 1.8917e+01 -1.5071e+00 -3.6009e+00 1.5779e+01 -3.9769e-01 -8.5196e+00 1.7838e+01 3.4003e+00 -9.7240e+00 1.6316e+01 -3.8804e+00 -8.5444e+00 1.8021e+01 -3.1534e-01 1.3850e+00 -6.2950e+00 -2.9023e+00 -4.1774e+00 1.4416e+01 7.4014e+00 -9.7243e+00 1.4278e+01 1.1912e+01 -7.3635e+00 1.7620e+01 -1.1052e+00 -7.4408e+00 1.5878e+01 6.5400e-01 -8.0752e+00 1.5533e+01 1.7305e+00 -7.3799e+00 1.7052e+01 1.8494e+00 -6.7778e+00 1.8709e+01 9.4753e-01 -3.4946e+01 -2.7100e+01 -2.4954e+01 -1.7266e+00 9.8261e+00 -1.9398e+01 -2.0414e+01 -2.5616e+01 -8.1856e+00 1.8450e+01 -3.4539e+01 -2.8078e+01 -3.0775e+01 5.4255e+00 -1.1885e+00 -3.2190e+01 -2.5640e+01 -2.7884e+01 -2.2856e+01 -1.7049e+01 4.3630e+00 6.2218e+00 -3.3164e+01 -3.8587e+00 1.4397e+01 -1.1025e+01 -5.2033e+00 -2.7265e+01 -9.6944e+00 1.1345e+01 5.3203e+00 -2.0013e+01 -2.7410e+01 1.7232e+01 -1.4519e+01 -3.5418e+01 -2.5837e+01 -2.2269e+01 9.9689e+00 -5.4989e+00 1.7002e+01 3.5293e+00 -2.3354e+01 -1.7781e+01 2.1821e+01 -1.8586e+01 -1.7242e+01 -3.5418e+01 -2.0834e+00 1.3522e+01 -2.8658e+01 -1.8956e+01 -2.3340e+01 -4.7011e+00 4.2533e+00 -3.5968e+01 -2.8203e+01 -2.3390e+01 7.0532e-01 8.7725e+00 -1.7974e+01 -1.7218e+01 -2.3772e+01 -1.3242e+01 1.9854e+01
14 -8.9523e+00 1.8952e+01 -1.9682e+00 -3.8994e+00 1.4265e+01 -4.0543e+00 -8.4159e+00 1.7364e+01 -4.3306e-01 -4.0291e+00 1.8787e+01 -4.9096e+00 -7.7047e+00 1.9488e+01 1.4486e-01 -6.3122e+00 1.8916e+01 8.0831e+00 -8.8099e+00 1.3523e+01 5.7416e-02 -5.7676e+00 1.6839e+01 9.3277e-01 -9.2173e+00 1.8090e+01 -1.1511e-01 -7.5068e+00 1.9006e+01 3.6902e-01 -7.6875e+00 1.8473e+01 -4.4581e+00 -9.6982e+00 1.6574e+01 -9.1348e-01 -8.0486e+00 1.5365e+01 -4.9526e+00 -5.6016e+00 1.7471e+01 -2.4909e-01 -2.7073e+01 -2.6707e+01 -2.9106e+01 2.5438e+00 6.9180e+00 -3.3847e+01 -2.8212e+01 -3.1532e+01 7.1802e+00 2.7455e+00 -3.4320e+01 -3.1362e+01 -2.4227e+01 -1.9358e+00 1.0253e+01 -2.1563e+01 -1.9457e+01 -2.3399e+01 -7.4517e+00 5.1449e+00 -9.7424e+00 -8.8354e+00 -2.8712e+01 4.4264e+00 9.9033e+00 -1.9536e+01 -2.4807e+01 2.4322e+01 -3.1066e+01 7.0373e+00 -2.0930e+01 -1.8391e+01 -2.7424e+01 2.4437e+00 1.5851e+01 -3.2025e+01 -3.0517e+01 -3.2349e+01 4.0194e+00 7.6093e+00 1.2026e+01 9.2213e+00 -2.3446e+01 -1.9003e+00 1.2108e+01 -2.4049e+01 -2.8356e+01 -2.4914e+01 -6.2835e+00 1.4578e+01 -3.2522e+01 -2.9280e+01 -2.7100e+01 -1.9574e+00 7.4414e+00 -2.6007e+01 -2.2205e+01 -3.0750e+01 4.7206e-01 1.0998e+01 -2.6832e+01 -2.6068e+01 -2.9976e+01 -8.9201e+00 1.6367e+01
15 -4.3531e+00 1.9074e+01 -6.4861e+00 -7.9113e+00 1.7812e+01 2.8251e+00 -7.9208e+00 1.8526e+01 -4.0349e+00 -9.7412e+00 1.6530e+01 2.3208e-01 -7.3718e+00 1.4052e+01 1.2958e+00 -9.8573e-01 1.8269e+01 1.4564e+00 1.2204e+01 -9.6930e+00 6.3318e+00 -4.6997e+00 1.7204e+01 3.6165e+00 -5.6689e+00 1.5427e+01 -1.5544e+00 -8.5873e+00 1.7570e+01 -3.4160e+00 -4.9076e+00 1.9021e+01 -7.8767e+00 -9.1237e+00 1.9305e+01 2.3261e+00 -9.4470e+00 1.8610e+01 -3.9875e+00 -6.1632e+00 1.8647e+01 -1.5310e-01 -2.9493e+01 -2.8836e+01 -2.7158e+01 -3.7187e+00 7.9798e+00 -2.7313e+01 -2.9799e+01 -2.5166e+01 3.5323e+00 6.5489e+00 -2.9842e+01 -2.3459e+01 -2.8600e+01 -1.2167e+01 2.2411e+01 -3.0077e+01 -2.3205e+01 -3.0829e+01 -1.1901e+01 1.6595e+01 -1.9099e+01 -2.0684e+01 -2.2428e+01 -4.9376e+00 1.5218e+01 -7.0263e+00 3.8526e-01 -2.5009e+01 -1.0256e+01 1.1364e+01 1.3136e+01 -2.4370e+01 -2.7306e+01 2.4567e+01 -1.1720e+01 -3.2947e+01 -2.9580e+01 -2.3111e+01 3.0089e+00 1.1159e-01 7.9150e+00 6.8280e+00 -2.6595e+01 9.4470e-01 1.0143e+01 -2.9518e+01 -2.9611e+01 -1.6931e+01 -3.2685e+00 1.1383e+01 -3.1692e+01 -3.2726e+01 -2.7152e+01 5.0652e+00 6.2847e+00 -3.0897e+01 -2.9001e+01 -2.6059e+01 -2.0059e+00 1.3232e+01 -2.3449e+01 -2.7900e+01 -2.5212e+01 -9.9943e+00 1.2527e+01
16 -6.4466e+00 1.8874e+01 -7.2361e+00 -9.3161e+00 1.6504e+01 2.3534e+00 -5.2189e+00 1.9410e+01 -2.4463e+00 -7.9809e+00 8.1961e+00 9.6364e+00 -5.6277e-01 1.7691e+01 3.7421e+00 -6.6961e+00 1.6804e+01 1.1470e+01 -7.8813e+00 1.0620e+01 1.0423e+00 -6.4104e+00 1.1954e+01 -5.7095e+00 -9.0419e+00 1.7735e+01 4.7277e+00 -3.7159e+00 1.7079e+01 -1.6606e+00 -7.5085e+00 1.7966e+01 7.1760e+00 -9.6584e+00 1.6727e+01 1.2074e+01 -8.6004e+00 1.8720e+01 1.2822e+00 1.1362e+01 1.7960e+00 4.4307e+00 -2.8999e+01 -2.4719e+01 -2.8534e+01 -1.7598e+01 2.2865e+01 -2.9406e+01 -3.0370e+01 -2.6796e+01 -1.2152e+01 1.3507e+01 -2.6992e+01 -2.8029e+01 -2.9882e+01 2.0521e+00 1.7250e+01 -3.4829e+01 -2.3571e+01 -1.8870e+01 -1.4418e+00 3.9658e+00 -2.3596e+01 -1.9732e+01 -2.8644e+01 -2.7505e+00 1.6975e+01 -2.5610e+01 -2.6138e+01 1.9670e+01 -3.5551e+01 6.9398e+00 9.1593e+00 1.0470e+01 -1.0699e+00 1.6300e+01 9.9153e+00 -2.4904e+01 -2.9836e+01 -2.6319e+01 3.5822e+00 9.1348e+00 9.5416e+00 4.0631e+00 -3.0136e+01 1.7181e+01 -1.3111e+01 -2.1401e+01 -1.9461e+01 -2.7576e+01 1.7117e+00 1.8723e+01 -3.4915e+01 -3.0522e+01 -3.2360e+01 1.2038e+01 -5.1105e+00 -2.4150e+01 -2.9930e+01 -2.8732e+01 -6.2048e+00 1.4914e+01 -3.0405e+01 -2.7209e+01 -1.5316e+01 -2.1644e+01 2.4101e+01
17 -6.1396e+00 1.9224e+01 -7.0384e+00 -9.5374e+00 1.6293e+01 2.9781e+00 -8.6652e+00 1.8457e+01 -3.3247e+00 -9.3843e+00 1.8968e+01 -1.8492e+00 -9.1450e+00 1.7404e+01 -1.2688e+00 -8.9944e+00 1.8279e+01 2.8185e+00 -8.3644e+00 8.6248e+00 -3.0603e+00 -7.5075e+00 1.2056e+01 4.0158e+00 -9.0826e+00 1.6341e+01 3.3204e+00 -9.1468e+00 1.3186e+01 4.3426e+00 -9.3975e+00 1.8879e+01 4.8922e+00 -6.6936e+00 1.4455e+01 1.7681e+00 -9.4756e+00 1.9398e+01 -9.7304e-01 -2.5956e+00 1.5421e+01 2.3955e+00 -3.2360e+01 -2.9924e+01 -2.0892e+01 -1.1574e+01 1.5357e+01 -2.3379e+01 -2.1052e+01 -3.2182e+01 7.2622e+00 9.1438e+00 -3.1827e+01 -2.5554e+01 -2.8894e+01 4.6097e+00 5.2271e+00 -2.7450e+01 -2.3110e+01 -2.2429e+01 1.1182e+00 1.3755e+01 -2.2000e+01 -6.0255e+00 -2.3192e+01 -1.3113e+01 2.3344e+01 -3.3021e+01 -2.7009e+01 1.6746e+01 -3.1920e+01 -4.0321e+00 -2.3747e+01 -1.9933e+01 -2.6908e+01 1.4068e+01 1.4152e+00 -3.2363e+01 -2.3251e+01 -2.9865e+01 -6.2005e+00 1.4025e+01 -7.0140e+00 6.2740e-01 -1.9768e+01 -1.5247e+01 1.8522e+01 -3.0762e+01 -2.8427e+01 -2.7456e+01 -2.1404e+00 1.2386e+01 -3.2329e+01 -3.2135e+01 -3.1265e+01 -1.0652e+01 1.9553e+01 -2.9130e+01 -1.8207e+01 -2.5415e+01 2.0907e+00 1.2919e+01 -2.6877e+01 -2.8512e+01 -2.4638e+01 -1.6481e+01 1.2067e+01
18 -4.7784e+00 1.5561e+01 -6.6665e+00 -9.7547e+00 1.8988e+01 8.2016e-01 -6.6958e+00 1.7401e+01 -4.9446e+00 -7.6237e+00 1.5149e+01 9.3367e+00 -3.5662e+00 1.4466e+01 1.2600e+00 -4.3528e+00 1.8552e+01 5.6333e+00 -7.4915e+00 1.2439e+01 -5.8361e-01 -7.9741e+00 1.7746e+01 -1.1954e+00 -6.3686e+00 1.5193e+01 5.3945e+00 -7.0906e+00 1.7804e+01 4.4942e-01 -5.0790e+00 1.8740e+01 -2.0727e+00 -5.0898e+00 1.6557e+01 4.4381e+00 -8.8775e+00 1.5939e+01 2.7364e+00 -4.2584e+00 1.7019e+01 -4.6407e+00 -2.3891e+01 -2.1810e+01 -2.6191e+01 -2.1544e+01 1.9420e+01 -2.2563e+01 -2.1486e+01 -3.0092e+01 -2.3198e+00 1.7038e+01 -2.3669e+01 -2.4785e+01 -2.2631e+01 -1.6212e+01 2.3277e+01 -3.2420e+01 -1.8179e+01 -1.8137e+01 -1.2608e+01 1.4660e+01 -1.5943e+01 -1.3603e+01 -2.4031e+01 -1.3629e+00 1.8448e+01 -2.7644e+01 -2.0479e+01 2.2200e+01 -2.7713e+01 -8.0959e+00 1.1822e+01 2.1966e+01 2.1005e+01 1.8092e+01 -7.9427e+00 -2.3585e+01 -1.6221e+01 -2.9693e+01 1.5701e+01 5.1918e+00 2.3284e+00 1.4955e+01 9.3198e+00 6.7453e+00 1.2270e+01 -1.4181e+01 -1.4553e+01 -2.6632e+01 2.1238e+00 1.0834e+01 -2.7860e+01 -2.1425e+01 -2.3117e+01 -4.1289e+00 2.1493e+01 -2.9552e+01 -3.0630e+01 -2.1823e+01 1.4223e+00 6.2677e+00 -3.2931e+01 -3.0759e+01 -2.3587e+01 1.0581e+01 -1.0722e+01
19 -8.4908e+00 1.7528e+01 -4.7287e+00 -4.7510e+00 1.6840e+01 -4.7428e+00 -6.6086e+00 1.9370e+01 -4.8438e-01 -8.9563e+00 1.4829e+01 2.7028e+00 -6.6645e+00 1.8212e+01 -2.5775e+00 -5.9139e+00 1.9071e+01 2.5068e+00 -9.6070e+00 1.1050e+01 -3.8616e+00 -9.6355e+00 1.8171e+01 5.9713e+00 -8.3830e+00 1.5695e+01 5.9538e+00 -9.1645e+00 1.5143e+01 4.4199e+00 -4.3337e+00 1.6858e+01 -3.3147e+00 -8.1688e+00 1.8551e+01 -1.3903e+00 -1.5338e+00 1.6650e+01 -3.2849e+00 -3.6650e+00 1.7136e+01 -3.0122e+00 -3.3338e+01 -2.4083e+01 -2.2522e+01 -4.5139e+00 1.6204e+01 -1.6525e+01 -2.0055e+01 -2.8181e+01 2.9759e+00 8.8535e-01 -3.0755e+01 -3.0723e+01 -2.8122e+01 2.0550e+00 1.4157e+01 -2.7569e+01 -2.3799e+01 -2.5711e+01 3.1804e-01 9.7231e+00 -1.0975e+00 6.0267e+00 -2.8723e+01 3.4342e+00 7.0537e+00 -2.9379e+01 -3.2829e+01 1.1477e+01 -3.3410e+01 4.7416e+00 -1.3301e+01 -1.8782e+01 -2.6243e+01 7.8496e-01 4.3978e+00 -3.4194e+01 -3.2330e+01 -2.9070e+01 3.6393e+00 1.0178e+00 2.3097e-01 -1.4422e+00 -2.4353e+01 -7.8000e+00 2.1580e+01 -2.5737e+01 -2.1409e+01 -2.6439e+01 -5.8180e+00 1.1606e+01 -3.3535e+01 -2.5937e+01 -2.0677e+01 -7.4773e+00 1.2702e+01 -3.0558e+01 -3.1124e+01 -2.5178e+01 -2.0904e+00 9.1525e+00 -3.1204e+01 -2.7112e+01 -2.6622e+01 3.9424e+00 -1.6892e+00
20 -9.4838e+00 1.5052e+01 -1.3380e+00 -3.0941e+00 1.9055e+01 5.0419e+00 -7.6214e+00 1.8756e+01 -2.4317e+00 -8.8861e+00 1.8095e+01 3.1932e+00 -2.6505e+00 1.6018e+01 2.7187e+00 -8.7085e+00 1.7609e+01 2.5132e+00 -9.1491e+00 1.2687e+01 -6.9620e+00 -9.4820e+00 1.5576e+01 -4.2801e+00 -9.5438e+00 1.8348e+01 -4.4692e+00 -9.5335e+00 1.7744e+01 -2.9351e+00 -9.7507e+00 1.7996e+01 4.0830e+00 -9.6729e+00 1.7540e+01 3.4058e+00 -8.9803e+00 1.9105e+01 -4.0556e+00 -8.6936e+00 1.8863e+01 -2.7595e+00 -3.5480e+01 -3.2322e+01 -1.5002e+01 -8.8667e-01 2.4700e+00 -3.2184e+01 -2.8323e+01 -2.7520e+01 1.8751e+00 9.4678e+00 -3.3583e+01 -2.9425e+01 -1.3928e+01 9.4911e-01 -1.0410e+01 -2.3481e+01 -2.4091e+01 -1.8090e+01 -1.7417e+01 1.9750e+01 -2.8106e+01 -1.0331e+01 -2.8928e+01 5.3591e+00 8.9633e+00 -3.0322e+01 -2.1653e+01 2.1874e+01 -3.0439e+01 2.1784e+00 -3.0775e+01 -3.3923e+01 -3.1611e+01 -2.9159e+01 2.7686e+01 -2.5089e+01 -1.7819e+01 -2.6320e+01 -1.0025e+01 1.3663e+01 5.8951e+00 1.1354e+01 -2.3583e+01 1.3538e+00 1.2981e+01 -2.7124e+01 -1.9388e+01 -2.4347e+01 -1.4273e+01 1.2292e+01 -3.3983e+01 -2.9234e+01 -2.6575e+01 3.2427e+00 9.4413e+00 -2.6529e+01 -2.3523e+01 -2.5766e+01 3.4288e+00 1.3733e+00 -2.1104e+01 -2.4527e+01 -3.1938e+01 -2.0270e+00 1.7345e+01
21 -9.2241e+00 1.8456e+01 -6.7894e+00 -9.4531e+00 1.5502e+01 5.7512e+00 -8.9157e+00 1.9329e+01 -1.9427e+00 -7.1943e+00 1.8260e+01 2.2246e+00 -9.2204e+00 1.7569e+01 -9.3726e-02 -7.4882e+00 1.8274e+01 6.9520e+00 1.3080e+01 -5.6309e+00 7.9284e+00 -5.4712e+00 3.3164e+00 1.7459e+00 -8.3028e+00 1.0822e+01 1.1426e+01 -8.5751e+00 1.7857e+01 -3.2207e+00 -6.3941e+00 1.9292e+01 3.6204e+00 -8.2903e+00 1.8743e+01 -8.1286e-01 -8.2373e+00 1.4804e+01 -3.1820e+00 -9.2141e+00 1.8214e+01 -8.7749e-01 -2.9897e+01 -2.7292e+01 -2.7965e+01 -1.4147e+01 1.7364e+01 -2.9128e+01 -2.3620e+01 -2.3182e+01 -7.1343e+00 1.5860e+01 -3.1999e+01 -3.0518e+01 -2.3130e+01 3.2370e+00 1.1083e+01 -3.1551e+01 -2.4251e+01 -2.4488e+01 1.5205e+00 7.8352e+00 -1.7843e+01 -2.0113e+01 -3.0596e+01 -1.4699e+01 1.7835e+01 -1.9046e+01 -1.3475e+01 -1.8034e+01 -2.1808e+00 -3.4186e-01 9.4306e+00 -2.4534e+01 -2.0659e+01 1.7604e+01 -1.3777e+01 -3.5596e+01 -1.3437e+01 -3.4624e+01 1.6453e+01 -5.8251e+00 1.8384e+01 6.3749e+00 -2.1152e+01 -1.9098e+00 1.9215e+01 -3.2789e+01 -3.1466e+01 -2.4238e+01 4.4609e+00 4.6474e+00 -2.2054e+01 -1.8827e+01 -3.0130e+01 5.4103e+00 1.1443e+01 -2.8489e+01 -2.7760e+01 -2.6943e+01 -4.5028e+00 1.5953e+01 -2.1506e+01 -1.9908e+01 -2.7572e+01 -3.7109e+00 9.4526e+00
22 -9.5329e+00 1.8183e+01 -2.6185e+00 -9.0982e+00 1.7374e+01 -4.1672e+00 1.0081e+00 1.6370e+01 -3.3048e+00 -9.5637e+00 1.6131e+01 5.3733e+00 -5.2627e+00 1.4520e+01 3.7470e+00 -7.5713e+00 1.4315e+01 1.1234e+01 -8.3465e+00 1.3276e+01 -7.0303e+00 -9.7324e+00 1.8940e+01 -3.6768e+00 -9.3861e+00 1.6453e+01 5.0221e+00 -9.1321e+00 1.5163e+01 -5.7095e-01 -9.2421e+00 1.6516e+01 5.6750e+00 -9.0485e+00 1.6109e+01 2.7101e+00 -2.3173e+00 1.7930e+01 -4.7275e+00 -7.2011e+00 1.8493e+01 -3.1482e+00 -3.0491e+01 -2.7927e+01 -2.3530e+01 4.1774e+00 1.3862e+01 -3.0335e+01 -2.8751e+01 -2.8406e+01 -5.4941e+00 1.9016e+01 -3.0165e+01 -2.8356e+01 -2.5739e+01 -1.2646e+01 7.0886e+00 -3.2372e+01 -2.8257e+01 -2.6039e+01 3.0402e+00 7.8020e+00 -2.0966e+01 -1.4749e+01 -1.8768e+01 5.3417e+00 4.0076e+00 -3.5459e+01 -2.3381e+01 3.3136e+00 -3.3399e+01 8.3535e+00 1.2017e+01 2.0068e+01 1.3837e+01 1.8008e+01 -5.7618e+00 -2.3458e+01 -2.3113e+01 -2.1069e+01 6.6761e+00 4.4129e+00 1.0266e+01 7.8128e+00 -1.5169e+01 -3.2818e+00 1.1734e+01 -2.5879e+01 -2.8971e+01 -3.1683e+01 3.6985e+00 1.5056e+01 -3.1763e+01 -2.6970e+01 -3.0417e+01 5.8124e+00 1.8602e+00 -2.7708e+01 -3.0040e+01 -1.7634e+01 6.4367e+00 7.5525e+00 -3.3072e+01 -2.6185e+01 -1.2134e+01 1.0180e+01 -2.3923e+01
23 -8.7902e+00 1.4873e+01 -3.2657e+00 -9.6001e+00 1.6579e+01 -2.4905e+00 -8.7025e+00 1.7546e+01 -4.8714e+00 -9.3219e+00 1.9505e+01 2.1317e-01 -2.0366e+00 1.7705e+01 -1.6307e+00 -9.2564e+00 1.9208e+01 9.1598e+00 1.6720e+01 -9.3234e+00 4.9885e+00 9.7453e+00 1.8242e+01 9.5998e+00 -6.7624e+00 9.9166e+00 1.0390e+01 -6.8608e+00 1.5756e+01 5.1316e+00 -7.1603e+00 1.8187e+01 1.2725e+00 -9.4500e+00 1.3077e+01 4.8551e+00 -4.0924e+00 1.7180e+01 1.9819e+00 -7.5794e+00 1.6730e+01 4.7037e+00 -2.6337e+01 -2.1876e+01 -3.1148e+01 -5.2639e+00 1.4237e+01 -2.4889e+01 -2.7599e+01 -2.3733e+01 -5.2184e+00 1.7073e+01 -3.3459e+01 -2.5530e+01 -2.6056e+01 4.2649e+00 8.9713e+00 -1.4562e+01 -1.5331e+01 -2.0871e+01 -1.9772e+01 2.6487e+01 -2.7940e+01 -2.1956e+01 -2.0837e+01 3.3247e+00 8.9440e+00 -1.7835e+01 -2.0857e+01 9.4402e+00 -3.3753e+01 5.0857e+00 -7.1022e-01 -2.8246e+01 -2.6036e+01 1.4125e+01 -1.8446e+01 -3.0333e+01 -2.2700e+01 -2.2078e+01 5.8163e+00 -4.7361e+00 8.9551e+00 -1.7359e+01 -2.4482e+01 1.3600e+01 -1.4075e+01 -2.3791e+01 -2.4964e+01 -3.2653e+01 1.4013e+00 1.6617e+01 -2.7037e+01 -2.3168e+01 -2.5987e+01 -4.8352e+00 2.0150e+01 -2.9805e+01 -1.8848e+01 -2.0712e+01 -7.0802e+00 1.5008e+01 -1.7403e+01 -9.8304e+00 -1.8636e+01 -2.2743e+01 1.6085e+01
24 -7.3140e+00 1.8386e+01 -8.7482e+00 -8.5632e+00 1.7334e+01 -2.5577e+00 -8.9292e+00 1.8995e+01 -2.7462e+00 -9.7474e+00 1.7596e+01 7.1347e+00 -2.4307e+00 1.7364e+01 -1.0521e+00 -7.9226e+00 1.6581e+01 6.0364e+00 1.8933e+01 -8.4974e+00 9.9554e+00 -2.5392e-01 1.8659e+01 4.8550e+00 -8.5215e+00 1.5775e+01 9.4906e+00 -8.2859e+00 1.7347e+01 -4.7401e+00 -8.6691e+00 1.8277e+01 2.3641e+00 -9.7260e+00 1.6398e+01 2.1786e+00 -9.1299e+00 1.6460e+01 -1.0790e+00 5.6265e+00 1.4875e+01 -2.8909e+00 -3.2963e+01 -2.9152e+01 -2.5578e+01 -1.1922e+00 6.9662e+00 -2.8895e+01 -2.7770e+01 -3.0146e+01 3.4563e+00 1.0393e+01 -2.7470e+01 -3.1876e+01 -2.7954e+01 -8.6251e+00 1.7914e+01 -3.5138e+01 -3.3450e+01 -2.8161e+01 -8.7754e-02 1.4768e+01 -2.8301e+01 -2.3553e+01 -2.8854e+01 1.3689e+00 8.1313e+00 -6.1595e+00 -1.3177e+00 1.8417e+01 -3.5487e+01 6.5332e-02 -1.6124e+01 -1.9524e+01 -2.4702e+01 1.1037e+01 8.2122e+00 -2.0096e+01 -1.5022e+01 -2.3004e+01 5.4136e+00 1.9242e+00 1.5155e+01 1.3284e+01 -2.1835e+01 1.9357e+01 -2.1072e+01 -3.4850e+01 -2.8375e+01 -3.5256e+01 2.3384e+01 -4.9958e+00 -2.8533e+01 -2.4482e+01 -3.3091e+01 -5.8942e+00 2.0326e+01 -2.8559e+01 -2.5809e+01 -1.7905e+01 -1.3519e+01 1.6527e+01 -3.1217e+01 -2.2836e+01 -2.6903e+01 -1.3620e+01 1.7660e+01
25 -8.8226e+00 1.4738e+01 -6.3763e+00 -8.6334e+00 1.6669e+01 -3.7423e+00 -9.3131e+00 1.9419e+01 8.7960e-01 -9.7508e+00 1.7267e+01 5.7002e+00 -2.6060e+00 1.8317e+01 -2.1625e+00 -6.8424e+00 1.9077e+01 2.2896e+00 -9.7506e+00 1.4649e+01 -1.2192e+00 -8.9549e+00 1.9366e+01 6.0927e+00 -4.9957e+00 1.5374e+01 3.2480e-01 -8.3057e+00 1.7370e+01 3.4320e-01 -8.5575e+00 1.6237e+01 8.3393e-01 -8.6639e+00 1.8296e+01 2.1941e-02 -7.4909e+00 1.4887e+01 -3.5542e+00 -8.7888e+00 1.8341e+01 6.0820e-01 -1.4786e+01 -2.2598e+01 -2.8362e+01 -8.0907e+00 1.6468e+01 -3.0204e+01 -2.8535e+01 -2.4698e+01 -4.8711e+00 5.5910e+00 -2.7556e+01 -2.9731e+01 -2.6450e+01 -1.1738e+01 1.5274e+01 -2.9346e+01 -2.2841e+01 -1.9834e+01 -1.0579e+01 1.6096e+01 -1.8790e+01 -1.1358e+01 -2.4410e+01 -9.6415e+00 1.6448e+01 -1.1630e+01 -1.0507e+01 2.0797e+01 -2.6448e+01 8.1007e+00 -9.3954e+00 -1.1835e+01 -2.9949e+01 4.3139e+00 1.0965e+01 -3.0715e+01 -2.8993e+01 -2.6971e+01 -6.8026e+00 1.6970e+01 3.7541e+00 -7.2913e-01 -1.9469e+01 4.3886e+00 3.6225e+00 -3.2995e+01 -2.4291e+01 -2.7248e+01 -3.8510e+00 1.2561e+01 -3.4509e+01 -2.6695e+01 -2.8783e+01 -7.9131e+00 1.2921e+01 -2.4788e+01 -2.3986e+01 -3.0738e+01 -8.0124e+00 2.0610e+01 -2.3962e+01 -3.3665e+01 -2.8990e+01 -8.8192e+00 1.2772e+01
26 -5.2587e+00 1.8707e+01 -4.7705e-01 -8.7204e+00 1.2614e+01 -4.8024e+00 -8.4091e+00 1.9241e+01 -1.7053e+00 -9.6822e+00 1.6019e+01 7.4303e+00 -5.8337e+00 1.8400e+01 1.2541e+00 -9.7264e+00 1.7794e+01 9.9208e+00 -9.7179e+00 1.4034e+01 -2.9075e+00 -2.3656e+00 1.5902e+01 -1.0127e+00 -8.9054e+00 1.4065e+01 6.4209e+00 -9.3013e+00 1.5976e+01 -7.5737e-01 -8.1578e+00 1.9226e+01 -6.3440e+00 -8.3574e+00 1.5759e+01 2.4272e+00 -7.5916e+00 1.5495e+01 2.3183e+00 -5.9415e+00 1.6162e+01 -1.1457e+00 -2.9146e+01 -2.6323e+01 -3.4820e+01 4.0940e+00 1.5665e+01 -3.2680e+01 -2.7613e+01 -2.2959e+01 -8.9849e+00 1.9714e+01 -3.2081e+01 -3.3137e+01 -2.9571e+01 -1.6000e+00 1.4370e+01 -3.2482e+01 -2.3548e+01 -1.6592e+01 -1.0808e+01 6.2673e+00 -1.7244e+01 -1.0648e+01 -2.6600e+01 5.9104e+00 6.4912e+00 -3.2261e+01 -2.5373e+01 1.9519e+01 -2.7502e+01 -3.4431e+00 -2.4175e+01 -1.1507e+01 -2.8046e+01 -2.7888e+00 1.0837e+01 -3.2198e+01 -2.8548e+01 -3.1784e+01 8.4124e+00 7.4378e+00 -2.8127e+00 -3.8173e-01 -1.6773e+01 8.6444e+00 1.8919e+00 -3.0468e+01 -2.7951e+01 -1.9431e+01 -5.0093e+00 9.3627e+00 -2.0144e+01 -2.1873e+01 -2.5947e+01 -9.4795e+00 2.1781e+01 -3.2295e+01 -2.8530e+01 -2.1627e+01 -2.1378e+01 9.7229e+00 -3.5877e+01 -2.7294e+01 -2.4716e+01 1.9299e+00 4.5248e+00
27 -7.9566e+00 1.9502e+01 -8.4383e-01 -8.7983e+00 1.7554e+01 -3.5823e+00 -9.7171e+00 1.9121e+01 2.8514e+00 -8.3412e+00 1.8527e+01 3.3919e+00 -7.5847e+00 1.5886e+01 -6.6247e-01 -8.2235e+00 1.5729e+01 8.0481e+00 -5.2834e+00 1.3401e+01 9.4324e-02 -5.5316e+00 1.1444e+01 9.0301e-01 -8.9915e+00 1.7506e+01 4.3473e+00 -8.1691e+00 1.8220e+01 1.8761e+00 -6.0883e+00 1.8578e+01 1.4071e+00 -4.9213e+00 1.5435e+01 -2.7223e-01 -9.7443e+00 1.9093e+01 -2.3152e+00 -7.2942e+00 1.5601e+01 1.4157e-01 -2.9682e+01 -2.9545e+01 -2.9790e+01 4.3669e-01 2.4925e+00 -2.6654e+01 -3.0672e+01 -3.2283e+01 5.8529e+00 9.2078e+00 -2.3659e+01 -2.1055e+01 -2.1942e+01 -1.3711e+01 1.4720e+01 -2.8860e+01 -2.3429e+01 -3.2976e+01 -8.7591e+00 1.6572e+01 -1.2202e+01 -1.2222e+01 -3.1625e+01 -1.3967e+01 2.0629e+01 -2.3305e+01 -1.9020e+01 1.9183e+01 -3.4623e+01 1.9807e+00 -1.3483e+01 -2.2617e+01 -3.0166e+01 1.0135e+01 5.2713e+00 -3.2803e+01 -3.0497e+01 -2.7207e+01 5.1557e+00 1.1171e+01 5.1887e+00 -4.3195e+00 -1.7944e+01 2.8672e-01 1.5890e+01 -2.3320e+01 -2.4301e+01 -3.2116e+01 -1.1148e+01 1.3862e+01 -3.1246e+01 -2.6947e+01 -2.3798e+01 4.7156e-02 1.4778e+01 -3.5255e+01 -3.1064e+01 -2.4964e+01 8.3122e+00 -3.4959e+00 -2.5176e+01 -2.3525e+01 -3.3074e+01 -1.2121e+01 2.3397e+01
28 -7.9199e+00 1.9107e+01 2.8284e+00 -8.7052e+00 1.6301e+01 2.0171e+00 2.2907e+00 1.6567e+01 -2.1600e+00 -9.7100e+00 1.8540e+01 6.2538e+00 -5.6517e+00 1.5898e+01 4.1920e+00 -6.5244e+00 1.0038e+01 7.4935e+00 -8.3570e+00 1.9446e+01 -1.3242e+00 -9.7543e+00 1.7938e+01 4.1691e+00 -9.6495e+00 1.5005e+01 -5.7146e+00 -9.4990e+00 1.3145e+01 2.6007e+00 -9.2767e-01 1.9066e+01 -6.0960e+00 -9.0250e+00 1.9311e+01 3.1387e+00 -5.4424e+00 1.3074e+01 -1.2577e+00 -8.0871e+00 1.7025e+01 5.1768e-01 -8.5153e+00 -1.5488e+01 -2.7319e+01 -5.8157e+00 1.4492e+01 -3.1504e+01 -1.8637e+01 -1.4284e+01 1.9681e+00 9.9933e+00 -3.0484e+01 -2.6371e+01 -2.8209e+01 -3.8103e+00 1.0543e+01 -2.8440e+01 -2.2254e+01 -2.8119e+01 -7.8759e+00 1.6487e+01 -7.6597e+00 -8.5203e+00 -3.1722e+01 1.0378e+01 2.4016e+00 -3.1603e+01 -2.3333e+01 2.3056e+01 -3.0771e+01 9.6691e+00 -1.2409e+01 -1.4559e+01 -2.9764e+01 -2.3873e+00 1.6258e+01 -3.0343e+01 -2.2417e+01 -2.4108e+01 -1.9627e+01 -2.2392e+01 5.1110e+00 1.0410e+01 -2.8851e+01 -1.8368e+01 1.9855e+01 -1.1487e+01 -1.6843e+01 -1.1478e+01 -7.4735e+00 1.3180e+01 -1.4660e+01 -2.0886e+01 -3.2566e+01 1.6454e+00 1.7933e+01 -2.8589e+01 -2.5239e+01 -3.3113e+01 -8.0272e+00 1.8312e+01 -3.4330e+01 -2.1890e+01 -2.4257e+01 2.1842e+00 7.1406e+00
29 -5.8519e+00 1.6671e+01 -6.9601e+00 -9.7541e+00 1.8043e+01 1.3976e+00 -7.4374e+00 1.3661e+01 3.6589e-01 -7.9928e+00 1.7317e+01 2.2019e+00 -9.4444e+00 1.5215e+01 -4.2823e-01 -3.8100e+00 1.2811e+01 -2.8445e+00 1.4591e+01 -9.0114e+00 -3.7045e+00 -7.4656e+00 1.5404e+01 -6.2219e-03 -9.0966e+00 1.7812e+01 4.7223e+00 -8.6684e+00 1.8657e+01 -3.3160e+00 -9.7541e+00 1.8309e+01 -6.1538e+00 -9.7045e+00 1.7979e+01 3.8137e+00 -8.1746e+00 1.5296e+01 5.2851e-01 -2.2344e+00 1.6102e+01 8.2445e-01 -2.7343e+01 -2.5630e+01 -2.9405e+01 -7.1619e+00 1.7100e+01 -2.4718e+01 -2.6975e+01 -2.5853e+01 4.7444e+00 9.7850e+00 -2.8597e+01 -2.4455e+01 -3.0907e+01 -3.5803e-01 1.1985e+01 -2.5134e+01 -2.8553e+01 -3.2406e+01 -8.2411e+00 7.4383e+00 -2.7224e+01 -2.5414e+01 -2.2864e+01 1.2839e+00 6.8992e+00 -1.9258e+01 -1.5460e+01 -1.2017e+01 5.6045e+00 -5.2108e-01 1.9554e+00 -1.7118e+01 -2.7485e+01 6.8915e+00 9.6281e+00 -3.3169e+01 -2.5363e+01 -3.0245e+01 1.8075e-01 1.2514e+01 1.6762e+01 1.4867e+01 -2.4052e+01 5.7309e+00 7.4708e+00 -2.7733e+01 -2.6524e+01 -2.0091e+01 -3.1932e+00 3.7534e+00 -3.1771e+01 -2.4844e+01 -2.3042e+01 1.7368e-01 5.1251e+00 -2.9935e+01 -2.7351e+01 -2.9935e+01 -6.1543e+00 1.9713e+01 -1.9267e+01 -2.2044e+01 -3.2149e+01 9.1933e+00 1.2251e+01
30 -5.8268e+00 1.5734e+01 -6.3122e+00 -7.7940e+00 1.8331e+01 -3.3196e+00 -7.6758e+00 1.7164e+01 -7.9434e+00 -9.7315e+00 1.4701e+01 2.6158e+00 -9.7438e+00 1.5097e+01 9.6046e-01 -8.7231e+00 1.7781e+01 8.0442e+00 -9.0602e+00 1.5160e+01 -4.9189e+00 -9.2811e+00 1.6597e+01 2.5885e+00 -8.5883e+00 1.5913e+01 2.5285e+00 -7.9566e+00 1.9359e+01 5.6477e+00 -7.7597e+00 1.6011e+01 -1.1925e+00 -9.6596e+00 1.8852e+01 8.9817e+00 -9.4220e+00 1.7323e+01 -4.1407e+00 -6.8782e+00 1.4456e+01 -2.3124e+00 -3.3559e+01 -2.8514e+01 -2.5026e+01 -1.7716e+00 1.0522e+01 -2.2455e+01 -1.7170e+01 -2.0804e+01 -5.7432e+00 1.6306e+01 -3.2263e+01 -2.7141e+01 -2.7305e+01 -6.5412e+00 8.3275e+00 -3.2540e+01 -2.4792e+01 -2.7268e+01 -9.5058e+00 1.5927e+01 -1.9415e+01 -6.6172e+00 -3.2779e+01 3.0430e+00 1.3496e+01 -2.0600e+01 -2.4052e+01 1.3933e+01 -3.4617e+01 8.5613e+00 -1.5160e+01 -1.4634e+01 -2.5669e+01 2.3540e+01 -4.4002e+00 -3.2189e+01 -2.7800e+01 -2.9438e+01 4.9070e+00 2.7528e+00 5.2021e+00 3.6521e+00 -2.4691e+01 1.1057e+01 1.5728e+01 -2.7694e+01 -2.7269e+01 -3.2455e+01 4.4117e+00 1.5261e+01 -3.2070e+01 -2.4731e+01 -2.0347e+01 -1.3762e+01 2.0924e+01 -2.4305e+01 -2.7442e+01 -2.9453e+01 -8.9018e+00 1.7431e+01 -2.2155e+01 -2.4845e+01 -3.2281e+01 -2.1329e+00 1.3028e+01
31 -9.2670e+00 1.6821e+01 -4.2806e+00 -7.5825e+00 1.7670e+01 1.8737e+00 7.4883e-01 1.9378e+01 -4.8759e+00 -7.7488e+00 1.9060e+01 1.6162e+00 -8.6222e+00 1.4425e+01 -1.3797e+00 -8.9969e+00 1.4219e+01 1.9562e+00 -6.0090e+00 -3.6818e+00 -5.1375e+00 -8.6970e+00 1.6292e+01 2.5261e+00 -9.7141e+00 1.8395e+01 1.3040e+00 -8.1519e+00 1.7439e+01 4.2785e+00 -9.2193e+00 1.8566e+01 -1.6791e+00 -7.4603e+00 1.8218e+01 5.0071e+00 -7.7223e+00 1.6087e+01 -3.5317e+00 -8.8977e+00 1.8847e+01 -1.6109e+00 -2.4158e+01 -2.6149e+01 -1.6611e+01 -4.3986e+00 7.8929e+00 -3.1221e+01 -3.3235e+01 -2.9242e+01 3.6802e+00 7.3614e-01 -2.8777e+01 -2.6499e+01 -2.1432e+01 2.9240e+00 5.5457e+00 -2.7668e+01 -2.4903e+01 -3.1606e+01 -3.1673e-01 5.7602e+00 -2.4725e+01 -2.5141e+01 -3.1984e+01 9.1595e+00 1.2775e+01 -2.9022e+01 -1.8209e+01 -1.2285e+01 -2.8313e+01 1.9664e+00 -1.5166e+01 -2.7319e+01 -3.1457e+01 2.5811e+01 -1.0096e+01 -2.1226e+01 -1.9347e+01 -2.8669e+01 -8.0938e+00 1.8866e+01 1.2814e+01 1.2817e+01 -2.0663e+01 -1.4956e+00 9.1289e+00 -2.9934e+01 -2.7224e+01 -2.4701e+01 8.6108e-01 1.3529e+01 -2.5170e+01 -1.8226e+01 -3.2302e+01 6.8992e+00 1.3999e+01 -3.1516e+01 -2.6835e+01 -2.5576e+01 -4.6941e+00 1.0700e+01 -2.6738e+01 -2.9681e+01 -2.6105e+01 -3.9850e-01 5.9379e+00
32 -8.7765e+00 1.9085e+01 -8.4271e+00 -9.4417e+00 1.7480e+01 2.9390e+00 -8.5036e+00 1.7852e+01 -4.7006e+00 -7.5397e+00 1.7066e+01 -7.6019e-01 -5.5391e+00 1.5357e+01 -4.7395e+00 -5.6142e+00 1.7366e+01 -1.7877e+00 -9.7525e+00 1.5984e+01 -5.7191e+00 -7.0147e+00 1.3178e+01 -2.1719e+00 -9.7549e+00 1.8960e+01 4.5987e+00 -9.6145e+00 1.7373e+01 -7.3871e-01 -9.3341e+00 1.7280e+01 1.4021e+00 -6.8935e+00 1.4070e+01 4.2169e+00 -5.1467e+00 1.2725e+01 -2.1230e+00 -8.5311e+00 1.9484e+01 -1.9311e-01 -2.9288e+01 -2.9431e+01 -2.5383e+01 -1.7464e+01 2.0614e+01 -2.4657e+01 -2.1644e+01 -2.5755e+01 -5.1722e+00 8.2099e+00 -2.8374e+01 -2.3075e+01 -2.5912e+01 -2.7979e+00 1.5262e+01 -3.1350e+01 -2.7445e+01 -2.1331e+01 -5.9099e+00 1.0788e+01 -1.4371e+01 -1.3542e+01 -3.1592e+01 1.3651e+01 -3.9300e+00 -2.5520e+01 -2.0667e+01 1.7964e+01 -3.2059e+01 -2.0940e+00 -2.1785e+01 -1.3255e+01 -2.7484e+01 1.5067e+01 5.3416e+00 -2.9493e+01 -2.5831e+01 -2.5295e+01 3.6388e+00 7.2365e-01 8.2571e+00 3.8638e+00 -2.3000e+01 1.0868e+01 2.4449e+00 -3.0248e+01 -2.1515e+01 -3.1254e+01 8.4152e-02 1.6958e+01 -3.0881e+01 -2.7340e+01 -2.3901e+01 -1.9128e+00 8.9959e+00 -3.4897e+01 -2.3247e+01 -2.3856e+01 4.9316e+00 2.9692e+00 -1.8901e+01 -1.7147e+01 -2.4547e+01 1.1739e+00 9.8953e+00
