frame G1:C1-C2 G1:C3-C4 G1:C1-CC G2:C1-C2 G2:C3-C4 G2:C1-CC C3:C1-C2 C3:C3-C4 C3:C1-CC A4:C1-C2 A4:C3-C4 A4:C1-CC C5:C1-C2 C5:C3-C4 C5:C1-CC G6:C1-C2 G6:C3-C4 G6:C1-CC A7:C1-C2 A7:C3-C4 A7:C1-CC A8:C1-C2 A8:C3-C4 A8:C1-CC G9:C1-C2 G9:C3-C4 G9:C1-CC G10:C1-C2 G10:C3-C4 G10:C1-CC U11:C1-C2 U11:C3-C4 U11:C1-CC G12:C1-C2 G12:C3-C4 G12:C1-CC C13:C1-C2 C13:C3-C4 C13:C1-CC C14:C1-C2 C14:C3-C4 C14:C1-CC G1:C4p-P-plus G1:C3p-P-plus G2:C4p-P G2:C5p-P G2:C5s-P G2:C4p-P-plus G2:C3p-P-plus C3:C4p-P C3:C5p-P C3:C5s-P C3:C4p-P-plus C3:C3p-P-plus A4:C4p-P A4:C5p-P A4:C5s-P A4:C4p-P-plus A4:C3p-P-plus C5:C4p-P C5:C5p-P C5:C5s-P C5:C4p-P-plus C5:C3p-P-plus G6:C4p-P G6:C5p-P G6:C5s-P G6:C4p-P-plus G6:C3p-P-plus A7:C4p-P A7:C5p-P A7:C5s-P A7:C4p-P-plus A7:C3p-P-plus A8:C4p-P A8:C5p-P A8:C5s-P A8:C4p-P-plus A8:C3p-P-plus G9:C4p-P G9:C5p-P G9:C5s-P G9:C4p-P-plus G9:C3p-P-plus G10:C4p-P G10:C5p-P G10:C5s-P G10:C4p-P-plus G10:C3p-P-plus U11:C4p-P U11:C5p-P U11:C5s-P U11:C4p-P-plus U11:C3p-P-plus G12:C4p-P G12:C5p-P G12:C5s-P G12:C4p-P-plus G12:C3p-P-plus C13:C4p-P C13:C5p-P C13:C5s-P C13:C4p-P-plus C13:C3p-P-plus C14:C4p-P C14:C5p-P C14:C5s-P
0 -9.7180e+00 1.3168e+01 4.6391e-01 -9.6950e+00 1.8715e+01 -2.7341e+00 -9.6667e+00 1.9373e+01 1.1366e+00 -9.3814e+00 1.3386e+01 2.7098e+00 -9.5866e+00 1.7937e+01 2.3466e+00 -9.6995e+00 1.3761e+01 1.7648e+00 1.7533e+01 -4.8332e+00 1.7447e+01 -9.6583e+00 9.0587e+00 2.3508e+00 1.6213e+01 -5.6512e+00 1.0970e+01 -8.6679e+00 1.7797e+01 -5.7342e+00 -7.9869e+00 1.7854e+01 -1.5651e+00 -9.6720e+00 1.8241e+01 8.1310e+00 -6.6298e+00 1.8847e+01 1.1170e+00 -6.6416e+00 1.9254e+01 2.1510e-01 -3.4840e+01 -2.6143e+01 -2.2855e+01 6.0083e+00 -7.5755e+00 -2.1024e+01 -2.1654e+01 -2.6525e+01 -2.3420e+01 2.3888e+01 -1.7221e+01 -2.0397e+01 -3.1488e+01 -9.0435e+00 1.9868e+01 -2.9033e+01 -2.5944e+01 -2.7653e+01 -3.1191e+00 3.8101e+00 -1.0961e+01 -1.2036e+01 -2.8948e+01 1.3693e+01 -2.5903e+00 -2.2976e+01 -1.1068e+01 2.7686e+01 -2.8242e+01 -2.0950e+00 1.0280e+01 -3.4892e+01 -1.8630e+01 1.8191e+01 -1.1944e+01 -8.3455e+00 -1.4845e+01 -1.7721e+01 1.5853e+01 -2.2706e+01 -2.5902e+01 -1.0433e+01 -1.9932e+01 1.7379e+01 -1.9225e+01 -3.1019e+01 -3.3229e+01 -2.0095e+01 -3.5877e+00 -8.2254e-01 -2.4008e+01 -2.1900e+01 -2.0928e+01 -3.6251e+00 1.8569e+01 -2.8251e+01 -2.6465e+01 -2.7267e+01 -1.3251e+01 1.4509e+01 -3.2264e+01 -3.1406e+01 -1.5264e+01 -2.4670e+00 2.1596e+00
1 -9.7308e+00 1.8848e+01 -9.0662e+00 -8.4012e+00 1.7274e+01 2.3157e+00 -7.7332e+00 1.9488e+01 -7.2345e+00 -8.8584e+00 1.8956e+01 -5.3616e-01 -8.7263e+00 1.4203e+01 -4.4109e+00 -9.7543e+00 1.7651e+01 1.5145e+00 -1.4222e+00 -5.6819e+00 -8.7729e+00 -9.7526e+00 7.2688e+00 1.1456e+01 1.8647e+01 -4.4874e+00 -3.6253e+00 -8.2669e+00 1.2568e+01 4.7289e+00 -6.3440e+00 1.8895e+01 -4.3586e+00 -8.4759e+00 1.8924e+01 -2.3340e+00 -8.7009e+00 1.5633e+01 2.8307e+00 -8.2648e+00 1.8323e+01 -1.2619e+00 -3.4457e+01 -3.1928e+01 -2.5945e+01 -8.3794e+00 8.8784e+00 -2.7926e+01 -2.4640e+01 -2.4478e+01 4.8207e-01 1.0733e+01 -3.2168e+01 -3.2223e+01 -2.7605e+01 -1.4682e+01 1.4059e+01 -2.2645e+01 -2.5913e+01 -2.1364e+01 -1.1198e+01 1.9698e+01 6.8526e-01 -1.1595e+01 -2.7205e+01 -7.5843e+00 2.1449e+01 -5.4055e+00 2.5983e+00 2.6034e+01 -2.4161e+01 -1.3403e+01 3.1981e+00 -3.3713e+01 -2.1466e+01 1.5026e+01 -1.0071e+01 -3.4881e+00 -2.2027e+01 -1.3663e+01 9.7306e+00 -1.4876e+01 -2.0720e+01 -9.9715e+00 -2.1135e+01 1.2966e+01 -1.4842e+01 -1.8318e+01 -2.1223e+01 -2.0094e+01 5.8791e+00 4.5470e+00 -3.1403e+01 -2.6131e+01 -2.8645e+01 1.2458e+00 7.5413e+00 -3.5886e+01 -3.4431e+01 -2.4391e+01 -5.0988e+00 9.0639e+00 -2.0543e+01 -1.3307e+01 -3.5359e+01 5.9701e+00 1.1947e+01
2 -6.5166e+00 1.8596e+01 -6.9746e+00 -7.8235e+00 1.4753e+01 -1.0717e+00 -8.4187e+00 1.8501e+01 -3.5662e+00 -9.4917e+00 1.7056e+01 2.1979e+00 -8.5512e+00 1.8970e+01 5.5507e+00 -9.7017e+00 1.6062e+01 -9.7213e-01 -1.1463e+00 -1.9149e-01 -8.9983e+00 -7.9403e+00 6.7644e+00 9.1788e+00 1.4779e+01 -7.5014e+00 4.3178e+00 -9.7539e+00 1.7686e+01 -5.1260e+00 -7.7868e+00 1.8553e+01 -1.6948e+00 -9.7478e+00 1.6577e+01 1.7067e+00 -8.5946e+00 1.8246e+01 -2.8753e+00 -6.6277e+00 1.8450e+01 2.8683e+00 -3.2478e+01 -2.8008e+01 -1.9119e+01 -4.2887e+00 1.5369e+01 -3.3163e+01 -2.4371e+01 -2.6200e+01 9.2534e+00 3.3646e+00 -2.4944e+01 -2.3616e+01 -2.4640e+01 -9.1706e+00 1.6228e+01 -3.0979e+01 -3.1026e+01 -2.9182e+01 -1.6311e+00 1.3370e+01 -3.7779e+00 -1.2082e+01 -3.0733e+01 -1.2448e+01 2.1594e+01 -1.4634e+01 -4.1131e+00 2.6342e+01 -3.2567e+01 1.0950e+00 -1.7217e+01 -2.7641e+01 -2.7761e+01 1.3687e+01 7.4586e+00 -9.1345e+00 -2.2339e+01 -7.7630e+00 1.2719e+01 -2.5873e+01 -3.0031e+01 7.2761e+00 -6.1422e+00 1.2014e+01 -2.5036e+01 -3.3128e+01 -3.1127e+01 -2.4207e+01 1.3068e+00 3.6746e+00 -3.3470e+01 -2.8074e+01 -2.6675e+01 -5.1135e+00 2.1977e+01 -2.9679e+01 -2.2597e+01 -2.4313e+01 1.8800e+00 1.3370e+01 -3.5197e+01 -3.2219e+01 -2.5335e+01 1.4248e+01 -6.5857e+00
3 -9.4596e+00 1.9367e+01 -2.6238e-01 -8.8267e+00 1.8951e+01 1.2004e+00 -9.6102e+00 1.6903e+01 -4.4969e+00 -5.8346e+00 1.6144e+01 -1.8766e+00 -9.0309e+00 1.8172e+01 7.6661e-03 -9.4066e+00 1.8239e+01 3.3651e+00 7.1973e+00 -9.2577e+00 5.0436e+00 -9.4522e+00 1.3090e+01 8.0342e+00 1.6627e+01 -9.5591e+00 6.3062e+00 -2.4458e+00 1.5470e+01 6.6661e-01 -8.8145e+00 1.8393e+01 -3.2559e+00 -6.7261e+00 1.8130e+01 1.2857e+00 -4.2843e+00 1.7322e+01 2.2235e-01 -7.3330e+00 1.8170e+01 -2.4245e+00 -2.8754e+01 -2.7864e+01 -2.7741e+01 -6.0310e+00 4.6068e+00 -3.2479e+01 -2.8084e+01 -2.4903e+01 -8.1172e+00 1.5946e+01 -2.6870e+01 -2.4076e+01 -3.2710e+01 -1.7805e-01 1.5122e+01 -2.1784e+01 -3.0736e+01 -2.7196e+01 4.6740e+00 1.1494e+01 -7.4873e+00 -9.3798e+00 -3.3174e+01 8.7604e+00 1.1615e+01 -2.3848e+01 -1.3605e+01 1.3737e+01 -3.3215e+01 4.8789e+00 1.9095e+01 -3.5556e+01 -2.1038e+01 1.4706e+01 2.5126e+00 -1.4689e+01 -2.5994e+01 1.2244e+01 -9.9951e+00 4.6260e+00 2.6826e+01 -1.9366e+01 2.5499e+01 4.6024e-01 -2.7867e+01 -3.4956e+01 -2.6781e+01 -2.4976e+01 5.4425e+00 -4.4877e+00 -2.9636e+01 -2.7023e+01 -2.3072e+01 -1.1303e+01 1.0390e+01 -3.2938e+01 -3.0907e+01 -3.0121e+01 -1.1582e+00 7.6212e+00 -2.5700e+01 -2.7110e+01 -3.0953e+01 -3.4697e-01 1.0732e+01
4 -9.6841e+00 1.9215e+01 4.5825e+00 -5.7119e+00 1.9222e+01 7.7657e-01 -9.1798e+00 1.8967e+01 -2.7650e+00 -9.1107e+00 1.6886e+01 4.2489e-01 -6.5928e+00 1.5857e+01 -4.5131e+00 -9.2316e+00 1.6357e+01 2.8098e+00 7.0106e+00 -7.6997e+00 -7.9294e+00 -9.5217e+00 6.7497e+00 3.8609e+00 -9.2420e+00 1.3554e+01 1.1267e+01 -8.9705e+00 1.4357e+01 5.3017e-01 -9.4899e+00 1.6752e+01 -3.8477e+00 -6.9344e+00 1.4471e+01 -1.8589e-01 -6.8457e+00 1.9101e+01 5.7102e-01 5.4551e-02 1.7170e+01 2.7303e+00 -2.1927e+01 -1.8157e+01 -2.8860e+01 -1.3055e+00 8.1787e+00 -3.3908e+01 -3.3784e+01 -2.6318e+01 -1.7278e+00 5.6048e+00 -3.1404e+01 -2.7674e+01 -2.6051e+01 -7.3506e-01 1.5303e+01 -2.8112e+01 -2.1420e+01 -2.6596e+01 -1.4500e+01 1.6790e+01 -2.1511e+01 -1.8674e+01 -2.5590e+01 -5.3385e+00 1.5770e+01 -3.0144e+01 -1.8579e+01 2.6315e+01 -1.5135e+01 5.6515e+00 4.6263e+00 -3.0325e+01 -1.9606e+01 1.8241e+01 -8.0139e+00 -4.3897e+00 -1.1011e+01 -1.3427e+01 1.5569e+01 -1.4296e+01 -2.1081e+01 -3.2495e+01 -2.1473e+01 1.2021e+01 2.2260e+00 -2.0270e+01 -2.3785e+01 -3.4374e+01 1.4622e+01 2.1199e+00 -3.0710e+01 -2.5747e+01 -2.4985e+01 -2.7293e+00 1.4262e+01 -2.6629e+01 -2.1313e+01 -2.5500e+01 -1.2665e+01 2.2302e+01 -2.7965e+01 -2.4264e+01 -1.5789e+01 -1.4445e+01 1.9413e+01
5 -8.8670e+00 1.9142e+01 -5.5746e+00 -9.5382e+00 1.6733e+01 2.6820e+00 -9.5517e+00 1.7286e+01 -3.1195e+00 -7.7394e+00 1.8005e+01 -2.5314e-01 -8.4021e+00 1.9279e+01 2.4069e-01 -9.6777e+00 1.3745e+01 5.0642e-01 1.7563e+01 -7.2677e+00 3.8171e+00 -9.5451e+00 5.7891e+00 3.6552e+00 1.6025e+01 -6.6553e+00 5.1380e+00 -8.8573e+00 1.7808e+01 4.0604e+00 -7.1586e+00 1.8185e+01 -2.4507e-01 -8.7716e+00 1.8006e+01 3.7105e+00 -8.1499e+00 1.5542e+01 1.2700e+00 1.3031e+01 -7.4083e+00 1.7451e+00 -2.7875e+01 -2.3071e+01 -2.9097e+01 -1.7904e+01 1.9174e+01 -2.1777e+01 -2.0086e+01 -1.7764e+01 -1.0766e+01 2.2771e+01 -2.8150e+01 -3.1219e+01 -3.3860e+01 -7.5028e+00 1.3103e+01 -3.2452e+01 -2.8989e+01 -2.1939e+01 -3.0352e+00 9.0839e+00 -2.2095e+01 -2.1325e+01 -2.9697e+01 -3.7370e+00 5.3265e+00 -2.8316e+01 -1.3015e+01 1.6678e+01 -3.5574e+01 1.0389e+01 5.6723e+00 -2.9742e+01 -1.6701e+01 9.3455e+00 -1.3937e+00 -1.8816e+01 -1.8554e+01 -1.5912e+01 1.0107e+01 2.6306e+00 -2.2981e+01 -3.9317e+00 -5.5385e+00 1.0022e+01 -2.4800e+01 -1.4853e+01 -1.9746e+01 -3.3562e+01 -1.1274e+00 7.4190e+00 -3.0637e+01 -2.9521e+01 -2.8376e+01 -1.5264e+01 2.3082e+01 -3.0795e+01 -3.1040e+01 -3.3956e+01 4.0868e+00 1.3196e+01 -3.3052e+01 -3.0937e+01 -3.0832e+01 2.1462e+00 6.2362e+00
6 -9.4413e+00 1.7818e+01 -2.0405e-01 -7.1540e+00 1.6396e+01 -4.9360e+00 -8.5870e+00 1.8860e+01 -2.9553e+00 -8.2189e+00 1.9025e+01 -5.2290e-01 -6.4771e+00 1.8288e+01 -3.2402e+00 -9.7539e+00 1.5383e+01 3.8144e+00 -1.7292e+00 -6.5387e+00 -7.2829e+00 -9.7170e+00 8.2440e+00 7.7684e-01 1.7907e+01 -8.5338e+00 -5.6408e-01 -9.4722e+00 1.6130e+01 -2.7568e+00 -8.4689e+00 1.6696e+01 -2.3498e+00 -9.5395e+00 1.9147e+01 2.7814e+00 -9.7287e+00 1.7075e+01 -2.9411e+00 1.7621e+01 -5.3443e+00 3.2543e+00 -3.1671e+01 -2.7692e+01 -1.9969e+01 -1.1841e+01 1.9650e+01 -1.4054e+01 -2.2898e+01 -2.6117e+01 -1.2791e+01 2.0177e+01 -2.3582e+01 -2.0690e+01 -2.7911e+01 -1.4793e+01 2.3035e+01 -3.4340e+01 -3.1849e+01 -2.7144e+01 -1.2808e+01 1.7575e+01 -1.0835e+01 -8.1274e+00 -3.1660e+01 1.3417e+01 5.2483e+00 -2.2703e+01 -6.7416e+00 2.5359e+01 -2.8609e+01 -4.4029e+00 3.0467e-01 -3.3340e+01 -1.5598e+01 4.3429e+00 1.4798e+00 -8.7424e+00 -1.1061e+01 1.3242e+01 -2.5642e+01 1.8396e+01 2.2002e+01 -1.2520e+01 1.5768e+01 -1.4925e+01 -2.4901e+01 -2.7078e+01 -2.8383e+01 -2.6775e+01 3.2190e+00 1.4571e+01 -2.9656e+01 -2.6198e+01 -2.9868e+01 -7.0723e+00 1.3383e+01 -3.3838e+01 -3.4695e+01 -2.7662e+01 8.7570e+00 -2.2000e+00 -3.2144e+01 -2.6259e+01 -2.4231e+01 -1.4234e+01 1.5523e+01
7 -9.2827e+00 1.5862e+01 -5.2440e+00 -8.8295e+00 1.5177e+01 -6.1587e+00 -8.8540e+00 1.9155e+01 2.4682e+00 -8.4487e+00 1.9172e+01 4.7234e+00 -6.1634e+00 1.8911e+01 5.7372e-01 -8.2421e+00 1.7298e+01 -7.8784e-01 3.1377e+00 -6.3639e+00 -1.7730e+00 -9.6420e+00 3.6037e+00 2.8835e+00 1.9280e+01 -3.5052e+00 4.7662e+00 -7.7372e+00 1.2624e+01 -2.0002e+00 -4.7733e+00 1.8933e+01 2.7066e+00 -9.5338e+00 1.7235e+01 6.8454e+00 -8.9079e+00 1.7876e+01 -5.1493e+00 -6.6606e+00 1.8903e+01 -1.0865e+00 -3.2784e+01 -2.2743e+01 -2.7134e+01 -1.6649e+01 1.9970e+01 -2.3101e+01 -3.1798e+01 -2.5112e+01 4.7669e+00 4.6458e+00 -3.2234e+01 -3.2585e+01 -2.5213e+01 -4.7749e+00 1.5417e+01 -2.8119e+01 -2.7929e+01 -2.8239e+01 -8.5597e+00 1.9821e+01 -2.9379e+01 -2.9660e+01 -1.8558e+01 -1.0844e+01 7.3839e+00 -1.1707e+01 -1.9425e+00 2.4542e+01 -2.7365e+01 -4.9597e+00 1.0349e+01 -3.1221e+01 -1.9669e+01 1.7446e+01 -8.3644e+00 -7.4254e+00 -1.7610e+01 -2.0170e+01 1.7176e+01 -2.8034e+01 -2.3425e+01 -1.2396e+01 -2.1182e+01 1.2440e+00 -1.7762e+00 -1.5270e+01 -2.0270e+01 -3.2571e+01 6.8119e-01 1.0090e+01 -3.2204e+01 -2.9852e+01 -3.2680e+01 -6.1246e+00 1.6731e+01 -3.1288e+01 -2.5071e+01 -2.0527e+01 -4.4962e+00 1.5803e+01 -2.9420e+01 -3.0507e+01 -2.4084e+01 -7.8037e-01 7.1156e+00
8 -9.1507e+00 1.9118e+01 -5.6174e+00 -9.7430e+00 1.6232e+01 7.3787e-01 -5.0047e+00 1.6088e+01 -6.6820e+00 -8.7669e+00 1.8318e+01 3.4291e+00 -7.1498e+00 1.6744e+01 -5.9702e+00 -9.5899e+00 1.7942e+01 -2.3020e+00 1.8732e+01 -9.6896e+00 8.2002e+00 -9.6982e+00 1.1668e+01 -1.2032e+00 1.8552e+01 -9.2415e+00 4.7452e+00 -9.3771e+00 1.9422e+01 -5.4342e+00 -9.6902e+00 1.8112e+01 2.5274e+00 -8.6039e+00 1.0700e+01 3.5316e+00 6.0910e+00 1.7051e+01 1.2876e+00 -8.1614e+00 1.4296e+01 -4.0416e+00 -2.9251e+01 -2.7535e+01 -3.2202e+01 4.3636e+00 1.3452e+01 -2.6019e+01 -2.4731e+01 -2.5850e+01 -1.4212e+01 1.9415e+01 -3.2849e+01 -2.7908e+01 -2.8125e+01 6.7984e+00 5.2214e+00 -3.2179e+01 -2.5527e+01 -2.7279e+01 -5.3109e-01 1.2183e+01 -2.0830e+01 -1.2462e+01 -1.9732e+01 -2.7455e-01 6.9310e+00 -3.1063e+01 -2.3287e+01 7.5615e+00 -2.2553e+01 9.9357e+00 1.3831e+01 -3.3713e+01 -6.7780e+00 1.2150e+01 -2.0742e+01 -2.4084e+01 -1.8460e+01 -1.7453e+01 7.7799e+00 3.7685e+00 -1.6940e+01 1.3296e+00 2.1227e+00 1.2512e+01 -2.6952e+01 -3.2453e+01 -3.0879e+01 -2.6949e+01 1.9556e+00 6.2310e+00 -3.3971e+01 -2.8498e+01 -2.9325e+01 4.1191e+00 1.6613e+01 -2.9115e+01 -2.6652e+01 -2.2683e+01 -3.5165e+00 8.1318e+00 -3.0363e+01 -2.1723e+01 -3.0708e+01 4.1314e+00 -9.4230e-01
9 -7.8175e+00 1.6285e+01 -2.9350e+00 -8.5549e+00 1.8526e+01 3.9294e+00 -9.4817e+00 1.8079e+01 -1.0674e+00 -8.8193e+00 1.8298e+01 3.0280e+00 -9.3476e+00 1.7733e+01 5.9180e-01 -7.7317e+00 1.8184e+01 2.9925e+00 -5.5697e+00 -8.4832e+00 -8.5365e+00 -9.6180e+00 9.9701e+00 4.2263e+00 1.8398e+01 -8.6208e+00 1.6701e+01 -6.7460e+00 1.8930e+01 -2.1734e+00 -4.3615e+00 1.5758e+01 2.6180e+00 -6.7701e+00 1.9347e+01 -1.0388e+00 -7.5736e+00 1.6748e+01 -4.9363e+00 -9.3720e+00 1.7381e+01 3.3668e+00 -2.5693e+01 -2.6966e+01 -2.7295e+01 4.9403e+00 3.4623e+00 -2.7013e+01 -3.0861e+01 -2.0372e+01 3.4405e-01 1.1864e+01 -2.9149e+01 -2.2544e+01 -2.8697e+01 -1.9798e+01 2.4204e+01 -2.8489e+01 -2.7474e+01 -2.9483e+01 1.0589e+01 -2.0771e+00 -1.0666e+01 -9.3180e+00 -2.4900e+01 -3.4353e+00 1.0913e+01 -1.2291e+01 -3.2952e+00 2.0912e+01 -2.0201e+01 -1.3688e+01 7.1069e+00 -3.0071e+01 -1.5170e+01 1.5841e+01 -1.9139e+01 -1.4589e+01 -2.5773e+01 6.1248e-01 2.9922e+00 5.4661e+00 2.5128e+01 -2.8183e+00 -2.5312e+00 7.8666e+00 -2.7279e+01 -2.8072e+01 -2.6998e+01 -2.6169e+01 4.5405e+00 2.6146e+00 -3.2822e+01 -2.5611e+01 -2.8201e+01 -2.3819e+00 1.5749e+01 -3.0539e+01 -3.0007e+01 -2.7970e+01 -9.0489e+00 9.1645e+00 -2.3820e+01 -2.0450e+01 -2.8854e+01 -3.1058e-01 5.9759e+00
