0 0.3551786541938782 9.53250503540039 4.8263444900512695 0.03455757722258568 0.14000184834003448 -0.007158038672059774 3.563263177871704 4.559939861297607 4.414569854736328 5.457298278808594 10.974727630615234 0.06831999868154526 0.8671687841415405 8.968681335449219 10.989727020263672 6.426058769226074 2.143512725830078 4.50574254989624 8.193836212158203 8.603635787963867 7.94950008392334 10.064437866210938 10.070903778076172 8.552502632141113 8.070211410522461 8.814104080200195 2.5965662002563477 1.6359444856643677 1.7245982885360718 4.839846134185791 7.233496189117432 2.166797161102295 3.3240880966186523 3.1809096336364746 1.0627166032791138 1.3175597190856934
1 1.4104984998703003 0.1601002812385559 1.19704270362854 2.099970579147339 -0.10361833870410919 0.5101134181022644 4.928412437438965 4.149031162261963 6.493025302886963 3.1976242065429688 10.962262153625488 10.241698265075684 0.3568273186683655 10.240495681762695 10.137774467468262 7.312768459320068 8.848861694335938 0.48457518219947815 10.943519592285156 4.297236442565918 8.849249839782715 9.41314697265625 7.7530364990234375 3.077299118041992 10.795482635498047 7.7525153160095215 4.37100887298584 3.534168243408203 1.6705421209335327 10.024248123168945 1.901114821434021 1.1753143072128296 1.5180312395095825 3.2668638229370117 13.428253173828125 2.925218105316162
2 0.21116845309734344 1.0555330514907837 2.0538828372955322 0.29844892024993896 0.5185944437980652 -0.10291456431150436 4.094192981719971 5.092216491699219 4.727823257446289 6.595954418182373 11.591312408447266 11.447071075439453 10.99946403503418 9.692123413085938 9.466979026794434 5.5671000480651855 10.361506462097168 4.830516815185547 10.010296821594238 3.6615874767303467 9.870741844177246 10.502806663513184 5.0867767333984375 5.860530853271484 10.765836715698242 6.1327643394470215 3.445737361907959 3.031827449798584 4.963043212890625 7.760994911193848 4.114323139190674 1.5659605264663696 1.8245517015457153 1.0419683456420898 1.581486701965332 1.2602795362472534
3 1.4967982769012451 0.670576810836792 1.5188469886779785 0.9330872893333435 -0.09892813861370087 0.21791692078113556 6.300896167755127 4.123862266540527 5.661757946014404 2.935551166534424 10.68216323852539 11.573132514953613 9.105253219604492 10.684581756591797 11.598166465759277 8.621212005615234 10.479682922363281 3.152500867843628 10.997218132019043 8.040313720703125 9.646567344665527 8.048224449157715 4.786924362182617 2.5212221145629883 8.71903133392334 6.538791656494141 4.596376419067383 3.2014904022216797 6.222782611846924 8.557305335998535 3.0908570289611816 1.1144615411758423 1.7114201784133911 1.036338210105896 2.171665668487549 1.784009337425232
4 0.19299085438251495 0.6065987348556519 0.0941898301243782 1.1396995782852173 -0.04098886251449585 -0.008890092372894287 5.138423919677734 3.2031426429748535 4.719974517822266 3.3859329223632812 11.253132820129395 11.239882469177246 11.182113647460938 8.65238094329834 11.102827072143555 5.819439888000488 7.3965606689453125 5.749571800231934 10.008456230163574 5.877071380615234 9.834311485290527 10.393562316894531 9.340827941894531 5.864232063293457 10.366325378417969 6.201214790344238 3.6925010681152344 5.063905715942383 5.341091632843018 7.014913558959961 6.3740010261535645 1.4381567239761353 1.0276739597320557 1.0007784366607666 1.2331645488739014 1.061377763748169
5 1.4298794269561768 0.6585870981216431 3.9725160598754883 2.2154226303100586 1.4009429216384888 -0.10274147987365723 4.121923446655273 4.211961269378662 4.963432312011719 6.101654052734375 10.900187492370605 9.716358184814453 4.672534942626953 10.442289352416992 9.118268966674805 6.7460737228393555 6.112340450286865 0.6134687066078186 9.112923622131348 2.7162930965423584 10.236769676208496 9.852989196777344 10.246341705322266 7.384664058685303 10.456127166748047 5.378822326660156 3.3472790718078613 5.005077362060547 3.4677796363830566 10.666877746582031 5.1626296043396 1.6222325563430786 1.0357177257537842 1.5537854433059692 6.616462230682373 1.0160154104232788
6 1.4158008098602295 0.24396231770515442 4.572638511657715 0.794763445854187 -0.016105573624372482 0.5336252450942993 5.153261184692383 4.3380937576293945 4.716371536254883 5.059598445892334 11.264932632446289 10.883124351501465 3.5733590126037598 9.88094711303711 9.457345008850098 9.010062217712402 7.8679962158203125 0.28154510259628296 10.826062202453613 5.707973957061768 10.732863426208496 7.531665325164795 8.89731216430664 3.6739325523376465 10.443835258483887 4.026584625244141 3.708744525909424 2.9202122688293457 1.6883248090744019 10.798364639282227 5.097231388092041 1.4303807020187378 1.9048165082931519 3.23813533782959 8.689970970153809 1.0234805345535278
7 0.3912394940853119 0.8929089307785034 1.0168304443359375 -0.004031386226415634 0.038533084094524384 0.25180962681770325 2.0435032844543457 2.943612575531006 2.5399587154388428 3.97743558883667 11.678193092346191 10.962284088134766 10.759546279907227 11.101510047912598 9.331672668457031 7.659575462341309 8.070478439331055 8.82984733581543 10.368946075439453 8.39168643951416 9.841456413269043 9.101198196411133 8.686890602111816 5.068626880645752 8.326744079589844 6.187870025634766 2.5976052284240723 1.382461428642273 5.667224407196045 5.076712608337402 3.327023506164551 2.1658802032470703 3.8126139640808105 0.9923299551010132 1.026031494140625 1.6341990232467651
8 -0.09618552029132843 -0.04713572561740875 1.2706518173217773 0.3691546618938446 0.7879024744033813 0.0191386416554451 3.4744210243225098 2.8899879455566406 4.445589065551758 5.348302841186523 11.280074119567871 11.640552520751953 8.249828338623047 9.055038452148438 9.81067180633545 6.594676494598389 7.641654014587402 3.0075275897979736 9.80591106414795 5.625210762023926 10.007293701171875 9.956300735473633 9.118143081665039 6.253878593444824 10.479100227355957 5.866565227508545 3.9922428131103516 3.2093772888183594 3.30613374710083 10.51071834564209 6.2142767906188965 1.3067394495010376 1.706410527229309 1.646680474281311 5.7937846183776855 1.035098910331726
9 0.2956177592277527 0.6114174723625183 10.471502304077148 6.44253396987915 0.07555773854255676 -0.08417196571826935 3.520939826965332 2.687753200531006 5.027322292327881 4.697713851928711 10.594095230102539 11.376102447509766 0.6526187658309937 11.544732093811035 10.143774032592773 8.427154541015625 8.714463233947754 9.922091484069824 10.946962356567383 4.26671028137207 6.604424476623535 8.284899711608887 7.929677486419678 3.0539612770080566 10.796937942504883 9.949825286865234 3.7094788551330566 2.524559497833252 1.015805959701538 3.4327797889709473 3.686918258666992 1.4300318956375122 2.231639862060547 5.164602756500244 1.5731898546218872 1.4408477544784546
10 -0.0654437243938446 1.9965133666992188 3.3645780086517334 -0.042251694947481155 0.1495363414287567 0.353347510099411 2.5392823219299316 5.349061965942383 4.8180365562438965 3.7658581733703613 10.613859176635742 11.38694953918457 0.529123842716217 8.224507331848145 10.534530639648438 5.596283912658691 6.3735504150390625 1.8998372554779053 9.499513626098633 4.730751991271973 8.247040748596191 10.491010665893555 10.096631050109863 6.787281036376953 10.74549674987793 8.49305248260498 4.18554162979126 6.319499969482422 3.6711621284484863 6.57696533203125 6.327456951141357 1.234997034072876 1.0516951084136963 1.4484864473342896 1.1040709018707275 1.0530617237091064
11 1.8391857147216797 1.3389561176300049 4.927102565765381 0.7456901669502258 -0.10021057724952698 0.1352994740009308 4.494872093200684 4.364811897277832 5.356277942657471 5.6682844161987305 10.543269157409668 9.843337059020996 0.13088692724704742 7.810705661773682 8.931275367736816 9.513557434082031 6.571226119995117 7.867610931396484 10.975167274475098 8.38513469696045 8.438614845275879 6.764102458953857 9.97177505493164 2.8285765647888184 8.334427833557129 8.271286010742188 3.8978524208068848 3.7199301719665527 1.1530967950820923 2.987119197845459 5.933382511138916 1.345418095588684 1.4250737428665161 4.448025226593018 1.856124997138977 1.0041258335113525
12 1.6074049472808838 1.770560622215271 -0.04960723593831062 -0.10643239319324493 1.0386263132095337 -0.08400982618331909 6.78253698348999 4.893294811248779 5.684699535369873 4.295912742614746 10.83619499206543 10.840874671936035 10.331694602966309 6.19645881652832 10.918721199035645 7.689837455749512 9.970815658569336 1.6892716884613037 7.643719673156738 7.713701248168945 1.1652158498764038 9.072375297546387 5.939241886138916 9.116195678710938 9.049460411071777 8.858786582946777 4.456261157989502 5.4678425788879395 7.687549591064453 3.1280059814453125 4.087492942810059 1.1508082151412964 0.9945140480995178 1.5392954349517822 22.862844467163086 1.2701501846313477
13 -0.09780380129814148 0.5489956736564636 4.487802982330322 2.079914093017578 -0.10639338195323944 0.6967546939849854 4.37339973449707 5.837140083312988 5.86955451965332 4.57510232925415 10.414985656738281 11.059452056884766 1.192386269569397 9.483567237854004 9.82706069946289 4.153069019317627 2.3349742889404297 7.235665321350098 10.756726264953613 5.645490646362305 8.458874702453613 10.799880027770996 10.219700813293457 3.941891670227051 10.470623016357422 8.247113227844238 1.407870888710022 3.4056968688964844 2.306509494781494 3.9982004165649414 1.4195061922073364 3.756709098815918 1.5884696245193481 2.444871425628662 1.3043783903121948 3.7317423820495605
14 0.6774792671203613 1.0378082990646362 0.03644788637757301 1.0121575593948364 -0.02492605894804001 0.6554965972900391 3.626174211502075 3.68630313873291 4.30104398727417 2.772185802459717 11.693903923034668 11.60002613067627 9.525888442993164 10.68389892578125 11.127571105957031 5.883654594421387 9.633767127990723 9.062041282653809 10.582850456237793 6.961668968200684 10.3409423828125 10.3631591796875 6.560946941375732 4.50108003616333 9.695627212524414 5.136489391326904 3.1587839126586914 3.8579983711242676 6.618001937866211 4.111286640167236 5.295299053192139 1.7389265298843384 1.3624874353408813 1.1139934062957764 1.261386752128601 1.003972053527832
15 0.859288215637207 3.3958382606506348 8.811545372009277 1.4730983972549438 1.29905366897583 0.041684266179800034 4.893973350524902 6.71385383605957 4.162930011749268 5.080443382263184 9.421290397644043 11.363615036010742 -0.10023997724056244 10.72367000579834 10.130170822143555 9.152725219726562 6.244804382324219 0.28136566281318665 10.210942268371582 5.689128398895264 10.540855407714844 7.32652473449707 10.172589302062988 5.43665885925293 10.452020645141602 4.620593070983887 4.564277648925781 4.328567981719971 2.5588788986206055 10.783943176269531 3.952439308166504 1.122360348701477 1.1881972551345825 2.2004127502441406 9.153715133666992 1.3227534294128418
16 3.3126742839813232 1.1652705669403076 0.44055816531181335 1.0527279376983643 0.10251907259225845 2.078706979751587 5.691947937011719 5.496293544769287 4.3323974609375 2.872844696044922 10.9500093460083 10.706805229187012 8.285502433776855 8.747655868530273 11.027034759521484 8.19064712524414 9.793526649475098 2.443915843963623 10.288961410522461 9.649040222167969 8.992005348205566 8.556038856506348 6.2766571044921875 5.259305477142334 1.094265103340149 7.5569987297058105 2.8604907989501953 4.0238037109375 4.240634918212891 6.909688472747803 3.9787631034851074 1.9497815370559692 1.294345498085022 1.2163469791412354 19.64293098449707 1.3121123313903809
17 0.18575933575630188 0.14568467438220978 0.43156903982162476 0.6878536343574524 -0.009560724720358849 0.09001460671424866 5.127732753753662 4.510068416595459 5.230793476104736 4.17872428894043 11.44725227355957 11.298736572265625 7.273064136505127 9.005674362182617 10.613533020019531 5.328642845153809 9.905170440673828 6.904315948486328 10.21018123626709 4.7441511154174805 9.766043663024902 10.590917587280273 6.067118167877197 5.438351631164551 10.743101119995117 6.326808452606201 5.719257831573486 4.291852951049805 3.3988037109375 5.053096294403076 3.6532154083251953 0.9933081865310669 1.1997088193893433 1.5923947095870972 1.0290898084640503 1.4572793245315552
18 2.282288074493408 2.2404518127441406 1.0055569410324097 0.38995686173439026 1.4534778594970703 0.7100527286529541 5.672831058502197 5.2786173820495605 4.85201358795166 5.315769672393799 9.739740371704102 11.430335998535156 9.19318962097168 11.147963523864746 9.91557502746582 8.382080078125 9.853583335876465 0.4722723662853241 6.404160499572754 10.943248748779297 8.269987106323242 8.338006019592285 6.165130615234375 10.077949523925781 1.791976809501648 8.467127799987793 3.620543956756592 3.279974937438965 4.672937393188477 3.573209762573242 6.392538547515869 1.4735280275344849 1.6625198125839233 1.0966391563415527 22.679155349731445 1.0648410320281982
19 1.0496729612350464 1.2564045190811157 -0.024145683273673058 0.004926621913909912 0.10029741376638412 0.08131436258554459 5.742330074310303 3.203646421432495 2.9952712059020996 2.6758697032928467 11.246744155883789 11.696161270141602 8.2456693649292 11.205799102783203 10.161104202270508 3.2209088802337646 10.779838562011719 8.092577934265137 10.99660587310791 5.883204460144043 10.153899192810059 10.665164947509766 3.8565521240234375 2.5368504524230957 10.363374710083008 5.5615692138671875 2.0817437171936035 7.08671760559082 6.556334495544434 3.04502010345459 2.1456613540649414 2.6955480575561523 1.259366512298584 1.0992484092712402 1.815376877784729 2.620663642883301
20 2.8484880924224854 0.23195435106754303 0.16766633093357086 -0.04398512467741966 -0.04704519361257553 -0.05329195410013199 7.340516090393066 4.864068984985352 4.589845180511475 4.422145843505859 11.330000877380371 11.157910346984863 8.94158935546875 10.457075119018555 11.393370628356934 9.249955177307129 9.652103424072266 0.5311137437820435 7.346159934997559 1.920043706893921 9.79832935333252 7.181401252746582 6.529178619384766 9.384557723999023 9.867647171020508 6.267838478088379 2.29537296295166 2.441650867462158 5.0503668785095215 16.981224060058594 3.205441474914551 2.456498622894287 2.3096041679382324 1.0294524431228638 8.578048706054688 1.7089077234268188
21 0.20010077953338623 0.3911808133125305 9.206184387207031 1.4146785736083984 0.47474047541618347 0.21946974098682404 4.866006374359131 4.057056903839111 6.741264820098877 5.5369038581848145 10.854331970214844 11.247962951660156 1.2526037693023682 4.6293182373046875 8.159319877624512 10.055169105529785 6.4966535568237305 0.28119951486587524 10.76852035522461 5.557530879974365 9.392964363098145 5.769325256347656 10.020049095153809 3.898775577545166 10.50662612915039 6.9595513343811035 1.2942489385604858 2.397130012512207 3.3481082916259766 5.784768581390381 3.030224323272705 4.024051666259766 2.353008270263672 1.6217447519302368 0.9954549670219421 1.8256689310073853
22 1.711984634399414 0.5350735187530518 0.4395091235637665 -0.081158347427845 -0.0805966928601265 0.26428982615470886 6.439691066741943 4.146345138549805 5.132807731628418 3.2327280044555664 10.23890209197998 9.632865905761719 9.314316749572754 11.476119995117188 10.45504379272461 8.42625617980957 10.745280265808105 1.0623478889465332 9.613890647888184 4.587703704833984 9.224373817443848 8.285964012145996 3.982922077178955 6.595142364501953 10.767950057983398 7.220016002655029 6.224249362945557 1.8309389352798462 6.323353290557861 3.1078476905822754 1.6826025247573853 1.0365538597106934 3.0226917266845703 1.052354097366333 22.86957550048828 3.2473325729370117
23 3.0584142208099365 0.18287882208824158 11.29299259185791 8.00471305847168 1.1885147094726562 0.6773765087127686 6.273391246795654 2.951965808868408 6.758738994598389 6.341442108154297 11.037574768066406 11.58212947845459 -0.02141472138464451 11.166170120239258 7.913334369659424 9.864571571350098 9.122047424316406 10.984650611877441 10.993570327758789 10.842659950256348 6.977449417114258 6.144430637359619 7.371399879455566 2.1641573905944824 3.6035733222961426 9.683633804321289 6.987566947937012 1.8727844953536987 1.7575899362564087 3.4625754356384277 2.3669166564941406 1.2235691547393799 2.963954448699951 3.1303563117980957 1.5566452741622925 2.383101463317871
24 2.463670015335083 0.6239429116249084 11.483588218688965 3.607241153717041 0.38013795018196106 0.3784278631210327 4.532330513000488 6.04105281829834 4.572152137756348 5.323523998260498 10.866366386413574 10.575419425964355 0.28328001499176025 11.472244262695312 10.18899154663086 9.926247596740723 6.352535247802734 10.65506649017334 10.698304176330566 10.986855506896973 0.2853831350803375 6.026455879211426 10.109317779541016 4.143949031829834 2.0779500007629395 5.3601603507995605 5.183316230773926 5.196922302246094 2.4630746841430664 3.903904438018799 3.8356614112854004 1.013864517211914 1.0125045776367188 2.2891101837158203 1.3428645133972168 1.3722453117370605
25 2.7340903282165527 0.7783595323562622 -0.09612207114696503 0.1998666226863861 1.1301285028457642 0.3762826919555664 5.6614580154418945 3.0974836349487305 3.9957871437072754 4.250051021575928 11.343234062194824 11.544288635253906 9.866781234741211 11.65377140045166 10.032748222351074 8.812443733215332 8.397149085998535 9.449139595031738 10.07524299621582 6.688563823699951 9.685413360595703 7.80159330368042 8.320328712463379 5.7278947830200195 9.892929077148438 6.470914363861084 4.7895355224609375 3.992614269256592 8.544323921203613 3.233706474304199 5.609919548034668 1.0722336769104004 1.3065900802612305 2.1598401069641113 1.6910947561264038 0.9919954538345337
26 1.4751625061035156 -0.0449131540954113 -0.10467655956745148 1.931919813156128 0.0227021686732769 -0.06832000613212585 4.914087295532227 5.581974506378174 5.310336589813232 4.236576557159424 11.383074760437012 11.094466209411621 9.786169052124023 10.206499099731445 9.508927345275879 7.560934543609619 9.981207847595215 4.877668857574463 9.942399024963379 5.469612121582031 9.07775592803955 9.193340301513672 5.91865873336792 5.995044708251953 10.540616989135742 7.435446739196777 1.306535005569458 3.8437538146972656 3.548943042755127 7.35211181640625 3.7538437843322754 3.99275541305542 1.3686928749084473 1.5102587938308716 1.3692545890808105 1.4091960191726685
27 0.5164695978164673 0.24572649598121643 1.92838716506958 1.2392868995666504 0.27564024925231934 0.3791627287864685 3.5599985122680664 4.142220497131348 4.602433204650879 3.3153090476989746 10.212478637695312 10.187641143798828 9.329535484313965 8.703400611877441 11.03764533996582 5.300539493560791 7.266469955444336 6.7246317863464355 10.767680168151855 6.129539966583252 9.218218803405762 10.600323677062988 9.452287673950195 3.9018778800964355 10.237016677856445 7.229260444641113 3.726500988006592 5.612475872039795 4.554909706115723 7.978238582611084 4.4035420417785645 1.4219695329666138 0.9919937252998352 1.1247127056121826 1.7174524068832397 1.1657474040985107
28 1.37870454788208 0.8777608871459961 0.2861483693122864 -0.10188396275043488 -0.0673317089676857 0.041184406727552414 6.5881428718566895 6.019819736480713 3.8710286617279053 5.709595203399658 10.130122184753418 7.8184404373168945 11.681663513183594 11.068284034729004 9.933028221130371 6.463312149047852 10.095621109008789 9.225761413574219 10.689387321472168 2.7544281482696533 8.71315860748291 10.041173934936523 5.685423374176025 4.17332649230957 10.475811004638672 7.931358337402344 2.139652729034424 6.2274956703186035 4.553058624267578 3.817199230194092 1.008848786354065 2.6275768280029297 1.0370326042175293 1.125180959701538 1.3804188966751099 5.235927581787109
29 -0.05574750900268555 2.099513530731201 9.746638298034668 0.47589558362960815 0.0206752996891737 0.11974237114191055 4.606950759887695 6.233250617980957 4.577323913574219 3.9505186080932617 9.967164993286133 9.039754867553711 0.11059874296188354 9.988598823547363 10.979050636291504 8.165712356567383 6.599079132080078 0.670888364315033 9.147658348083496 3.8461482524871826 9.33566951751709 8.583564758300781 9.95337963104248 7.333965301513672 10.787799835205078 7.049677848815918 1.006939172744751 2.735008716583252 1.8192685842514038 8.433839797973633 5.574337959289551 5.257996082305908 2.0490942001342773 3.0394091606140137 2.0624704360961914 0.992178738117218
30 -0.10653825104236603 0.4060612916946411 0.22387871146202087 0.1339273750782013 0.24656566977500916 0.34351861476898193 4.944639682769775 5.337053298950195 5.756322860717773 5.007872104644775 10.678396224975586 10.995497703552246 10.108270645141602 10.764819145202637 10.298201560974121 8.02217960357666 9.235079765319824 1.7425835132598877 10.722528457641602 5.952829360961914 9.757124900817871 8.738215446472168 7.203893184661865 4.062302112579346 10.329227447509766 6.342970848083496 4.914072513580322 3.6954469680786133 4.525921821594238 10.651588439941406 1.227417230606079 1.0497822761535645 1.4367409944534302 1.1321309804916382 10.581026077270508 4.207652568817139
31 0.26315897703170776 -0.09118233621120453 1.1658039093017578 0.2693169414997101 -0.1041187196969986 0.4523821771144867 3.774951457977295 3.092055559158325 4.8952107429504395 3.838207244873047 9.75391960144043 9.567947387695312 2.392693281173706 10.449958801269531 11.23492431640625 8.988665580749512 7.810946464538574 0.469788134098053 9.2782564163208 5.0102219581604 9.426436424255371 7.561668872833252 8.95438003540039 7.138310432434082 10.685247421264648 6.906099319458008 4.970749855041504 4.374626159667969 0.9944020509719849 10.772527694702148 3.1000328063964844 1.040791392326355 1.1742372512817383 5.7564616203308105 7.611703395843506 1.7778207063674927
32 1.4133495092391968 1.1926863193511963 -0.08866390585899353 0.6615959405899048 -0.10356967151165009 0.021616259589791298 6.070481777191162 3.5821893215179443 4.465054988861084 4.3432159423828125 9.900836944580078 10.858295440673828 10.380252838134766 9.213443756103516 11.473224639892578 8.073580741882324 6.6486101150512695 6.271509170532227 9.66154670715332 7.605873107910156 9.133955001831055 8.683568954467773 9.920172691345215 6.512734413146973 9.151704788208008 7.354033470153809 3.219940185546875 3.967113494873047 2.6603455543518066 9.877227783203125 3.0112357139587402 1.69973623752594 1.3167976140975952 2.1114697456359863 3.978031635284424 1.8389984369277954
