0	21.1753	29.5112	35.2239	29.9973	9.4156	-15.9078	31.6387	35.6532	-13.0627	20.3376	33.8551	33.0675	35.1234	34.4679	29.542
1	13.726	25.7273	-0.7015	-39.7166	22.6406	-10.923	32.6381	20.9217	-29.4749	20.3857	34.0851	33.2391	12.6008	-19.6575	18.2554
2	22.4694	43.1957	16.4509	21.3785	24.2817	-3.5053	44.4909	36.0371	20.6308	11.4944	39.6889	42.5385	10.8266	24.782	21.8548
3	14.5024	41.4965	14.7142	-1.7871	11.3895	-14.55	43.3624	19.6339	15.1071	13.0044	41.0679	33.1017	19.1197	14.4054	3.2701
4	32.6644	35.5108	6.8635	-60.9001	29.3192	-34.6245	27.2229	29.9109	-53.436	-8.4643	29.5484	31.8887	-2.1596	-54.8922	23.7656
5	-8.9275	-1.608	33.3832	-43.951	5.3256	-43.2794	21.2642	30.7175	-4.9218	-10.8746	24.0684	34.9083	-10.3402	-46.0194	14.02
6	14.95	15.4805	4.4081	-45.2293	23.358	-32.8883	28.4321	27.9753	-15.3692	17.7633	24.7218	26.7724	22.2453	-29.3979	24.6631
7	21.4113	-12.4674	38.0918	-38.6549	-0.8068	-38.1546	37.9539	40.8312	37.1312	-5.1827	40.1309	41.2359	37.5556	-55.2427	21.5222
8	11.0257	-3.8246	31.6277	-47.0769	7.8494	-42.1695	30.7836	30.3621	29.0732	-6.9936	29.946	35.4856	36.457	-47.2099	16.9816
9	7.6236	29.6859	25.8167	19.4032	22.6707	3.3049	38.4072	28.5489	20.1181	12.3578	33.3381	32.1505	13.9723	37.6944	11.78
10	14.3419	3.2378	14.641	14.3277	20.7524	2.1654	15.7618	26.7002	17.81	23.9199	29.0455	27.3145	0.7637	22.8599	20.4591
11	-1.7935	-3.4526	7.4555	22.4471	9.2676	7.8918	32.97	24.4916	4.4631	21.7505	32.9493	30.2769	27.1441	28.6306	9.8431
12	11.3624	10.0553	28.9951	-44.6096	29.8203	-15.5963	10.0785	26.1959	10.278	-22.9519	25.0703	29.8372	-6.2714	-42.4995	12.233
13	-2.9949	34.5262	15.7742	5.3622	27.9598	19.8759	37.9954	34.1991	-12.1366	18.2504	34.2411	32.7466	31.318	5.0509	-2.9804
14	27.5242	-18.9474	-12.8683	5.052	18.5716	10.1195	30.0193	29.8892	-42.9637	18.6356	21.5391	26.0886	-38.1874	-16.2416	14.9816
