0	21.9899	26.1352	-33.6281	7.277	-14.4353	-22.06	27.9517	18.4824	-36.5119	-5.2693	5.4386	21.8229	-9.966	-3.7357	-11.124
1	22.3643	22.9783	-6.0625	-17.1656	-36.5964	-24.8298	22.9121	15.6467	24.0697	-25.437	-34.8417	16.7115	20.2888	-22.1429	10.7244
2	5.4379	13.1784	-2.1415	-20.9712	-31.8327	-4.3738	16.8679	17.1992	12.4908	-13.8408	-6.4846	26.1288	20.3889	10.2307	4.2586
3	16.2163	18.1509	-19.8626	-17.1133	-25.373	-10.5676	12.5145	18.9874	18.4751	7.095	-2.3005	15.2576	19.3703	10.3518	-1.1623
4	16.7342	21.7906	-15.5973	-26.8737	-35.5722	0.4558	21.7201	21.9639	0.3272	-12.5618	-8.6142	15.9005	16.8069	-0.0082	11.1344
5	24.062	26.2602	6.2754	-14.7771	-39.0951	-23.6775	29.7473	26.6057	-42.2024	-20.3903	-29.9479	26.6014	-4.4808	-4.5926	8.2191
6	21.098	26.7347	-0.8306	-25.0952	-25.8174	-21.4985	23.888	17.992	6.5147	-14.7638	-33.7127	17.5422	18.1323	-21.0408	18.5334
7	7.5801	16.8206	-7.9785	-15.3245	-21.5798	-1.8303	17.2561	16.9155	14.5534	11.0253	4.7582	14.7524	13.415	13.7849	12.75
8	18.8831	21.106	-21.4873	-25.0623	-32.9184	-12.0579	22.3303	20.9694	3.4815	2.964	-11.3173	18.3658	16.4324	19.0047	12.2477
9	18.8778	15.7715	21.8632	1.2804	-22.1754	-8.2828	20.1724	19.3265	11.5149	-13.9994	-21.3638	21.2894	23.1867	11.7202	10.9866
10	16.2887	25.0191	4.4695	-24.4407	-38.6567	-26.4069	26.5699	25.291	17.0576	-6.8273	0.297	26.1468	26.6303	-13.5949	5.6465
11	26.2093	27.4154	9.9677	-15.9987	-31.4187	-23.1761	15.1703	19.7691	15.668	-27.8119	-35.4432	16.8334	17.7475	-24.9489	7.485
12	6.5461	13.4441	-16.9139	-20.2411	-25.3007	-14.1169	19.8782	18.6097	15.8141	2.9383	3.6984	24.4936	23.616	19.6412	1.9574
13	6.7482	24.9673	3.0921	-29.085	-27.9967	-7.8352	21.7013	23.5549	-1.9051	-32.1365	-26.5935	20.7608	22.6537	-19.1061	10.1553
14	14.4789	17.1824	-10.9116	-20.6671	-26.7645	-8.9544	15.4667	17.8857	15.9502	5.0153	3.9077	16.5372	17.6189	3.5928	6.87
15	20.2856	25.4607	20.5588	-38.9966	-38.7173	-9.2995	24.0172	24.3186	-14.8163	-5.031	17.0055	16.1942	17.5703	9.6009	14.2782
16	16.9867	20.2735	-13.9994	-15.7699	-23.5163	-20.0678	23.3768	21.1808	21.7614	20.5048	0.8329	24.0949	22.9414	21.0702	11.0238
17	11.3914	11.0335	-15.0788	-22.7442	-33.7428	-4.9062	20.2864	25.5078	16.8389	-8.3278	-0.6424	25.685	18.2048	4.6484	5.0699
18	17.8995	22.6592	-28.7219	-41.375	-15.7679	-23.6119	25.6005	22.2571	16.0373	3.2025	16.11	22.7084	10.5048	6.4594	17.1963
19	13.9105	13.4835	-19.5859	-16.6908	-31.6488	-1.4967	23.2932	22.2175	20.9467	5.9964	-2.9877	22.2708	21.548	12.7143	3.3343
20	12.1527	18.2573	-9.9096	-27.3748	-30.5552	-13.9597	17.899	17.566	19.5918	5.3209	8.1321	17.2369	18.3694	10.4721	-5.1585
21	16.1882	21.2255	16.2371	-0.6408	-14.4896	-27.3993	25.9611	24.9536	-26.9056	-37.4603	-31.5033	25.8493	17.8859	-31.9326	22.1503
22	17.6883	22.007	-25.5205	-31.0007	-17.6844	-10.9796	23.3049	17.5828	21.4775	8.1088	10.8557	17.8056	16.3852	14.008	14.1915
23	17.4117	22.7575	15.4824	10.0997	-24.1965	-6.6424	21.9283	23.4108	13.8338	-14.836	-22.8736	23.5674	16.9318	14.8504	15.3397
24	23.634	26.2872	18.3745	-0.8809	-20.6121	-13.2529	21.825	20.9086	0.9501	3.8313	-31.7443	12.028	18.7561	10.5631	17.9466
25	15.9134	17.9694	-15.1421	-27.5903	-35.3292	-3.496	21.8114	22.0237	18.1818	-1.4337	-0.7086	18.6791	11.0436	-2.9575	13.7165
26	18.3281	13.0142	-14.0778	-27.9684	-36.4569	-13.4623	25.5576	24.4397	14.2608	-10.5596	-23.527	23.5725	24.4512	14.5795	-1.1095
27	15.7508	20.4432	2.795	-16.8051	-32.1022	-11.1723	15.8744	20.1941	16.6276	-4.098	-9.14	22.3806	17.5657	4.577	-1.7653
28	3.8657	21.5465	-0.5708	-2.3932	-28.4562	-14.3053	22.0304	21.6992	23.942	10.0833	-5.0223	27.136	25.8365	22.7525	-1.5935
29	23.2952	18.3524	23.3679	-40.3873	-40.5074	-16.9603	20.1804	27.0553	-9.9936	7.5164	-3.3552	23.1302	24.7504	19.307	11.1401
30	18.4124	19.3388	-4.7239	-18.9807	-26.5593	-9.0148	21.232	16.6797	20.7664	9.48	-0.3647	19.2315	17.7871	10.4113	2.354
31	17.4593	20.9141	2.9459	-11.3599	-36.803	-19.865	18.0249	27.2615	17.1136	-3.4778	-8.6512	25.4825	22.8929	17.7225	0.8727
32	18.023	16.2728	-12.2792	-24.3112	-22.9493	-6.5091	13.6275	18.039	18.0928	12.6633	1.4145	15.3044	17.392	6.7133	9.8281
