0 -8.3777 -7.5845 18.142 -9.4382 -8.8805 18.394 18.837 19.41 -7.3048 7.1843 16.816 -9.095
1 -8.415 -6.4229 19.106 13.787 -9.0093 14.577 19.441 17.67 -4.2159 -7.9129 17.076 -9.2963
2 -0.33617 -6.4651 -4.6386 6.88 0.26133 16.398 17.523 18.339 14.786 -8.5849 17.639 -8.4837
3 17.223 -1.9858 -7.1259 18.863 -9.7508 12.369 -8.7774 18.843 19.092 -9.1314 19.466 -8.6291
4 -4.6989 -9.6657 17.975 13.111 1.2499 19.322 14.645 9.268 -7.1829 -7.37 16.947 -8.1387
5 -8.3389 19.214 17.363 16.057 -8.7678 17.421 16.035 -6.0814 -8.901 -5.5458 14.942 -9.002
6 -6.5852 -7.0155 18.85 13.853 -5.2434 17.677 17.113 16.97 -7.9414 -1.2702 18.441 -4.6926
7 -5.8268 18.412 19.507 17.192 -8.5554 17.926 12.926 7.6903 -0.3089 -3.147 17.462 -5.4905
8 -8.5136 18.132 18.682 18.304 -7.7453 18.702 16.802 -8.0845 -8.4366 -4.6788 18.273 -7.3841
9 18.526 -8.1422 -7.803 -8.3721 -8.0297 13.0 -7.9891 14.668 16.397 6.9909 12.63 -9.491
10 -7.1339 -9.0271 17.816 -7.8492 -7.3105 17.535 17.791 19.348 -5.5178 7.5117 17.966 -6.8517
11 14.673 -5.6667 17.851 -7.6339 -9.7241 10.712 -9.0646 14.613 -7.104 8.7825 18.014 -7.1761
12 -6.4379 19.143 19.351 17.486 -5.4289 18.708 18.017 -8.9033 -9.6533 -8.0227 17.252 -5.6436
13 14.72 -6.9184 14.637 13.872 -3.2352 13.248 0.22074 8.9077 -9.7512 -7.798 18.227 -6.9864
14 -6.1106 18.425 17.417 6.2034 -4.7474 15.612 16.755 -5.0975 -9.0653 -9.68 15.672 -9.5781
