0 0.41335225105285645 0.7930202484130859 11.25830078125 -0.07380673289299011 0.21041223406791687 11.557439804077148 4.383149147033691 3.822240114212036 6.044524192810059 3.2149791717529297 11.412139892578125 11.660283088684082 0.9466386437416077 6.629744529724121 10.693450927734375 9.61456298828125 10.499410629272461 0.6407349109649658 0.45437610149383545 10.971414566040039 10.26087474822998 6.593990802764893 4.734212875366211 6.861118793487549 1.9474574327468872 5.324071407318115 8.289434432983398 1.6571896076202393 4.622304439544678 1.3236013650894165 2.8510208129882812 1.9436665773391724 7.885296821594238 1.10826575756073 3.9503588676452637 9.18106460571289
1 0.08489042520523071 1.2630540132522583 11.587512969970703 9.412357330322266 0.04560185596346855 10.078841209411621 2.953749895095825 5.177806854248047 5.272805690765381 3.8458807468414307 11.672436714172363 10.916603088378906 1.5825700759887695 0.6867830753326416 10.745023727416992 7.162846088409424 7.976897716522217 9.574930191040039 0.8545678853988647 10.957234382629395 10.586956024169922 9.537792205810547 8.785685539245605 8.210342407226562 1.8611749410629272 1.141843318939209 6.289488792419434 1.0640031099319458 3.8791379928588867 6.7881293296813965 1.8486255407333374 1.0466803312301636 4.832852840423584 1.3533788919448853 1.159855604171753 2.997642993927002
2 3.3271970748901367 1.155369758605957 1.9542696475982666 6.674992561340332 3.6797752380371094 10.504706382751465 5.839761734008789 3.870331287384033 7.3533477783203125 5.264103889465332 10.858034133911133 11.269807815551758 9.97388744354248 0.3993963599205017 10.962709426879883 9.719918251037598 9.55035400390625 10.976760864257812 10.941767692565918 10.844223976135254 10.933076858520508 6.409788608551025 6.702831745147705 3.0889339447021484 1.4855443239212036 3.1445412635803223 3.8096423149108887 1.3800110816955566 3.829744815826416 1.0187352895736694 2.9541568756103516 1.3837896585464478 3.818115234375 1.3748538494110107 6.087483882904053 1.8798950910568237
3 10.737232208251953 3.1216511726379395 0.8970890045166016 11.61902141571045 -0.1027621477842331 8.815672874450684 5.170446872711182 6.16352653503418 2.8857293128967285 2.837555170059204 0.3868602514266968 11.417153358459473 11.698309898376465 0.10275519639253616 11.687677383422852 9.13280200958252 9.408592224121094 9.81522274017334 10.394983291625977 10.950173377990723 10.764494895935059 7.355716705322266 6.934670448303223 5.00438117980957 1.8247114419937134 3.913590431213379 2.5254597663879395 2.659090518951416 0.9930830001831055 1.4604564905166626 3.2633094787597656 2.2308149337768555 2.1125364303588867 5.51789665222168 3.646775245666504 1.6727272272109985
4 1.407515525817871 -0.10059356689453125 11.076322555541992 9.435937881469727 3.795597553253174 11.627223014831543 4.777735233306885 4.694039821624756 3.4815502166748047 4.408973693847656 9.760276794433594 7.585029602050781 1.1928787231445312 0.9569485187530518 10.696333885192871 10.227863311767578 10.26953411102295 8.942533493041992 9.441753387451172 10.551484107971191 0.648065447807312 5.398859024047852 5.304218292236328 6.8814377784729 4.590784072875977 7.630064964294434 3.929011344909668 2.3302364349365234 2.657468795776367 2.0282788276672363 4.71083402633667 1.3323801755905151 2.420349597930908 2.1139235496520996 2.7606186866760254 1.0883463621139526
5 0.34969887137413025 11.578351020812988 10.784377098083496 10.339680671691895 0.16318783164024353 10.863519668579102 3.923388957977295 3.3235323429107666 4.790394306182861 4.389183044433594 10.300268173217773 1.137101411819458 0.10015459358692169 1.1779468059539795 10.327678680419922 7.851500988006592 0.6714804768562317 3.882272481918335 1.1116453409194946 10.689631462097168 0.9326031804084778 8.913910865783691 7.7048187255859375 8.760579109191895 4.172527313232422 1.9105192422866821 2.464608669281006 1.0430493354797363 5.359667778015137 9.273748397827148 3.45884370803833 2.287651538848877 4.956053733825684 10.399304389953613 2.9738965034484863 1.558702826499939
6 0.9563298225402832 0.8642311692237854 11.558080673217773 9.476387023925781 1.5156562328338623 11.224833488464355 4.093183994293213 5.004402160644531 5.034090042114258 4.527955055236816 10.80126953125 10.99032974243164 0.7770166397094727 3.025092601776123 11.411263465881348 7.3640289306640625 2.6904168128967285 8.806198120117188 0.47735607624053955 10.275582313537598 0.2818028926849365 9.369134902954102 10.442381858825684 6.9720258712768555 5.290293216705322 5.188278675079346 9.752997398376465 3.549468994140625 3.02589750289917 7.070011615753174 1.0448145866394043 3.7358388900756836 1.5099834203720093 1.8286927938461304 1.253141164779663 4.944787502288818
7 1.2947635650634766 11.506677627563477 11.69897747039795 10.945300102233887 0.015556994825601578 11.070951461791992 6.122264862060547 4.397226333618164 5.835434436798096 2.558483600616455 8.9518404006958 6.639822959899902 3.7734434604644775 2.5296788215637207 10.968552589416504 8.531787872314453 0.29333817958831787 0.3319537043571472 10.594828605651855 10.977978706359863 10.999183654785156 8.15893268585205 4.601182460784912 4.466095447540283 2.800783157348633 2.298201084136963 3.553795337677002 1.1022151708602905 1.0514448881149292 6.2609639167785645 4.955611228942871 1.5077193975448608 6.56907844543457 4.904089450836182 1.0421226024627686 1.0431177616119385
8 0.29439428448677063 11.452505111694336 11.388758659362793 11.212520599365234 0.6344105005264282 11.528942108154297 3.120954990386963 6.675350189208984 5.248566627502441 2.428539276123047 10.641324043273926 0.5847817659378052 0.21947228908538818 2.0775322914123535 11.227886199951172 10.040169715881348 0.9304556846618652 0.2856124937534332 0.6987854838371277 9.986083984375 0.28520894050598145 5.800022125244141 8.38844108581543 7.788599491119385 5.908967018127441 5.354287147521973 4.923595905303955 2.147188663482666 2.318650007247925 1.5256251096725464 2.3181662559509277 1.0482171773910522 8.530336380004883 8.711492538452148 3.5198535919189453 2.4327802658081055
9 11.303101539611816 0.5858367681503296 0.4239509105682373 0.4449785351753235 0.3192419707775116 9.009406089782715 3.202606678009033 3.776472568511963 5.968814373016357 5.1238484382629395 0.6301720142364502 9.755555152893066 10.716487884521484 6.878424644470215 8.9351224899292 9.42902946472168 7.470576286315918 10.900842666625977 10.136887550354004 10.995551109313965 10.771438598632812 6.901935577392578 9.27534294128418 5.598099708557129 2.5608744621276855 1.3496073484420776 4.819570541381836 4.769306659698486 3.212588310241699 0.9983366131782532 2.1308765411376953 1.066478967666626 1.07623291015625 1.7043784856796265 5.382114410400391 2.6377196311950684
10 1.1060149669647217 0.1911613941192627 10.987812042236328 0.6370412707328796 0.8816910982131958 10.966833114624023 5.647824764251709 4.073102951049805 6.7838873863220215 5.298956394195557 11.45946979522705 11.631391525268555 1.4774079322814941 6.813643932342529 11.579885482788086 7.471146583557129 5.132186412811279 0.3974940776824951 0.28791844844818115 10.999993324279785 10.985159873962402 9.274834632873535 10.652305603027344 4.722498893737793 2.3679323196411133 2.060357093811035 10.705856323242188 2.014101505279541 1.0596152544021606 1.0932669639587402 1.0162849426269531 10.14268970489502 2.778261184692383 4.856969356536865 4.688155651092529 6.065374374389648
11 10.419147491455078 1.0901663303375244 11.157360076904297 0.750450074672699 -0.08089464902877808 8.078385353088379 5.741953372955322 6.316623687744141 6.351776599884033 1.8780597448349 0.13371865451335907 9.770305633544922 0.8998450636863708 7.48365592956543 11.2168550491333 8.362286567687988 3.5288479328155518 0.7994248270988464 0.6366075873374939 10.782370567321777 10.993844985961914 8.361108779907227 10.742874145507812 7.5924296379089355 1.3672822713851929 2.1685433387756348 2.6145143508911133 6.930519104003906 1.6846460103988647 1.94564688205719 1.4261425733566284 2.151029586791992 1.204225778579712 3.2440433502197266 2.8659024238586426 3.717667579650879
12 1.3335816860198975 11.550750732421875 11.652758598327637 11.370636940002441 1.5971577167510986 11.417047500610352 5.252666473388672 4.678200721740723 5.8880295753479 3.8393568992614746 11.142923355102539 0.22771844267845154 -0.08677588403224945 0.334115207195282 11.668957710266113 9.365830421447754 0.3731449842453003 1.125971794128418 0.6839577555656433 10.130509376525879 0.8381213545799255 7.002447128295898 3.782663345336914 7.743535041809082 5.6117167472839355 8.169657707214355 5.281486988067627 1.1989529132843018 2.761157989501953 3.004727363586426 4.824935436248779 1.0050325393676758 4.294233798980713 9.109973907470703 1.8435982465744019 1.0654734373092651
13 9.828097343444824 0.8148264288902283 9.656078338623047 10.425962448120117 2.589689016342163 9.109908103942871 7.476670742034912 6.72526216506958 5.233851909637451 5.556909084320068 4.006858825683594 7.553553581237793 -0.058581918478012085 0.4336981177330017 11.198707580566406 10.309576988220215 10.26741886138916 10.837904930114746 0.5850289463996887 10.998831748962402 10.857442855834961 5.2110700607299805 5.30907678604126 2.793915271759033 2.2833914756774902 1.515867829322815 1.6698471307754517 1.155853033065796 1.9664055109024048 11.637825965881348 1.1350934505462646 3.2679953575134277 4.438181400299072 2.838888645172119 10.473405838012695 4.514566898345947
14 1.0170741081237793 11.259180068969727 10.852190971374512 6.278443336486816 1.8056862354278564 10.162558555603027 4.362425327301025 4.686634540557861 4.746797561645508 5.222436428070068 10.58797836303711 1.4325227737426758 0.10689032077789307 -0.09575719386339188 10.128235816955566 5.601160049438477 0.2951981723308563 10.034173011779785 1.1248271465301514 10.807936668395996 10.969006538391113 10.489018440246582 5.592036724090576 8.785191535949707 1.412061333656311 1.931235432624817 2.765580177307129 2.787027359008789 5.292726516723633 1.5111294984817505 1.0020054578781128 2.024275779724121 9.130735397338867 1.0041661262512207 3.54728364944458 5.904207229614258
