0 -8.2667 14.316 2.8583 -9.4626 -9.1538 -9.1389 17.816 -8.1751 -7.4437 12.525 14.852 11.35
1 -5.7078 -9.0875 -6.0232 -4.5632 -9.7462 -7.4012 17.27 15.715 -8.1351 16.028 15.319 17.227
2 -8.5027 -6.2266 -4.8675 -8.229 -8.3148 -9.7432 19.239 18.796 17.566 14.335 13.652 14.628
3 -5.2435 -7.351 -5.7343 -6.7611 -9.7545 -8.142 15.404 19.013 12.778 16.974 17.954 14.953
4 -9.2176 -6.7779 -9.1664 -6.2693 -9.3331 -9.7548 18.268 18.363 18.265 11.871 17.727 15.281
5 -5.9374 -7.9256 -0.14738 -3.9899 -5.2842 -9.7159 17.4 14.323 2.4706 15.768 12.67 16.693
6 -5.6055 -8.8287 2.3129 -7.009 -9.4993 -7.7326 17.64 17.252 -0.7536 15.108 13.969 18.597
7 -7.2868 -6.599 -7.3782 -9.2405 -9.1829 -8.3841 19.213 16.953 17.068 17.763 13.608 16.365
8 -9.6089 -9.3338 -6.4859 -8.3581 -6.8401 -9.0114 18.505 19.251 11.21 12.344 14.738 16.67
9 -8.7901 -6.5594 16.396 6.4058 -9.4447 -9.6889 16.88 18.683 -7.61 18.911 15.302 16.311
10 -9.5982 -4.2692 -1.4696 -9.5143 -8.6586 -8.0577 15.994 18.743 -7.7987 10.485 16.482 18.681
11 -4.9867 -5.2273 2.9102 -7.3605 -9.7495 -8.6662 16.027 14.757 -8.8011 10.022 11.937 11.625
12 -5.7755 -4.7271 -9.2954 -9.7546 -6.9191 -9.6804 17.122 17.353 15.719 6.3803 17.635 18.862
13 -9.724 -8.5444 1.385 -4.1774 -9.7243 -7.3635 16.316 18.021 -6.295 14.416 14.278 17.62
14 -7.7047 -6.3122 -8.8099 -5.7676 -9.2173 -7.5068 19.488 18.916 13.523 16.839 18.09 19.006
15 -7.3718 -0.98573 12.204 -4.6997 -5.6689 -8.5873 14.052 18.269 -9.693 17.204 15.427 17.57
16 -0.56277 -6.6961 -7.8813 -6.4104 -9.0419 -3.7159 17.691 16.804 10.62 11.954 17.735 17.079
17 -9.145 -8.9944 -8.3644 -7.5075 -9.0826 -9.1468 17.404 18.279 8.6248 12.056 16.341 13.186
18 -3.5662 -4.3528 -7.4915 -7.9741 -6.3686 -7.0906 14.466 18.552 12.439 17.746 15.193 17.804
19 -6.6645 -5.9139 -9.607 -9.6355 -8.383 -9.1645 18.212 19.071 11.05 18.171 15.695 15.143
20 -2.6505 -8.7085 -9.1491 -9.482 -9.5438 -9.5335 16.018 17.609 12.687 15.576 18.348 17.744
21 -9.2204 -7.4882 13.08 -5.4712 -8.3028 -8.5751 17.569 18.274 -5.6309 3.3164 10.822 17.857
22 -5.2627 -7.5713 -8.3465 -9.7324 -9.3861 -9.1321 14.52 14.315 13.276 18.94 16.453 15.163
23 -2.0366 -9.2564 16.72 9.7453 -6.7624 -6.8608 17.705 19.208 -9.3234 18.242 9.9166 15.756
24 -2.4307 -7.9226 18.933 -0.25392 -8.5215 -8.2859 17.364 16.581 -8.4974 18.659 15.775 17.347
25 -2.606 -6.8424 -9.7506 -8.9549 -4.9957 -8.3057 18.317 19.077 14.649 19.366 15.374 17.37
26 -5.8337 -9.7264 -9.7179 -2.3656 -8.9054 -9.3013 18.4 17.794 14.034 15.902 14.065 15.976
27 -7.5847 -8.2235 -5.2834 -5.5316 -8.9915 -8.1691 15.886 15.729 13.401 11.444 17.506 18.22
28 -5.6517 -6.5244 -8.357 -9.7543 -9.6495 -9.499 15.898 10.038 19.446 17.938 15.005 13.145
29 -9.4444 -3.81 14.591 -7.4656 -9.0966 -8.6684 15.215 12.811 -9.0114 15.404 17.812 18.657
30 -9.7438 -8.7231 -9.0602 -9.2811 -8.5883 -7.9566 15.097 17.781 15.16 16.597 15.913 19.359
31 -8.6222 -8.9969 -6.009 -8.697 -9.7141 -8.1519 14.425 14.219 -3.6818 16.292 18.395 17.439
32 -5.5391 -5.6142 -9.7525 -7.0147 -9.7549 -9.6145 15.357 17.366 15.984 13.178 18.96 17.373
