0	-26.0444	3.2507	15.5905	22.2778	21.9899	26.1352	-33.6281	7.277	-14.4353	-22.06	-8.3188	23.0321	35.4718	20.062	17.9227	9.3187	6.6225	-3.536	27.9517	18.4824	-36.5119	-5.2693	5.4386	21.8229	23.019	14.0223	-3.5162	13.0777	-0.5739	-9.966	-3.7357	13.9086	-11.124	14.4986	14.0528	-17.3477
1	-38.9767	-23.7207	4.5546	8.7445	22.3643	22.9783	-6.0625	-17.1656	-36.5964	-24.8298	0.2142	13.5529	18.6484	25.8669	15.217	18.8329	9.1803	26.3767	22.9121	15.6467	24.0697	-25.437	-34.8417	16.7115	15.4645	17.2907	20.384	17.2625	20.2697	20.2888	-22.1429	15.7482	10.7244	14.2828	15.0018	16.2854
2	27.222	22.2017	3.4696	14.4375	5.4379	13.1784	-2.1415	-20.9712	-31.8327	-4.3738	1.3293	14.6937	14.2293	18.4038	15.5868	22.342	8.0646	12.6014	16.8679	17.1992	12.4908	-13.8408	-6.4846	26.1288	13.8268	5.5148	15.8435	-4.8059	11.878	20.3889	10.2307	28.3223	4.2586	21.5745	12.0428	-6.6117
3	-30.3132	-12.1265	11.7996	9.1749	16.2163	18.1509	-19.8626	-17.1133	-25.373	-10.5676	8.1175	11.6763	13.6651	17.5386	7.0805	15.4368	-2.048	6.43	12.5145	18.9874	18.4751	7.095	-2.3005	15.2576	16.5358	17.3309	16.2275	15.5007	13.8728	19.3703	10.3518	13.6625	-1.1623	18.1356	19.0856	4.258
4	-34.7102	-15.9009	0.9752	13.9375	16.7342	21.7906	-15.5973	-26.8737	-35.5722	0.4558	14.2436	13.1119	13.5248	14.0702	13.9667	13.3753	-2.3866	13.7746	21.7201	21.9639	0.3272	-12.5618	-8.6142	15.9005	15.9402	11.5041	13.4788	14.5599	-4.1769	16.8069	-0.0082	15.954	11.1344	19.5049	22.0871	3.2634
5	-46.5113	-22.3505	-17.7674	13.7374	24.062	26.2602	6.2754	-14.7771	-39.0951	-23.6775	-8.7873	21.2903	28.461	26.2276	21.6058	22.3726	26.3247	29.0429	29.7473	26.6057	-42.2024	-20.3903	-29.9479	26.6014	27.0084	23.0607	24.2967	21.9889	23.4961	-4.4808	-4.5926	17.2374	8.2191	22.9663	27.3864	-6.8736
6	-39.717	-29.0028	-4.8862	15.4637	21.098	26.7347	-0.8306	-25.0952	-25.8174	-21.4985	-3.438	11.3833	27.1578	25.9942	9.0195	18.3876	20.1068	18.1796	23.888	17.992	6.5147	-14.7638	-33.7127	17.5422	20.4765	12.8623	0.1976	14.8061	19.8746	18.1323	-21.0408	13.3166	18.5334	14.041	7.8345	10.4852
7	-26.5304	-26.3147	-11.0515	-6.209	7.5801	16.8206	-7.9785	-15.3245	-21.5798	-1.8303	5.1325	15.7255	7.3621	5.9308	7.518	9.669	14.4677	16.3174	17.2561	16.9155	14.5534	11.0253	4.7582	14.7524	16.8989	16.3807	12.7187	4.8568	13.5616	13.415	13.7849	-1.4664	12.75	14.7371	16.075	14.7519
8	-24.7188	-6.1729	2.0979	7.5915	18.8831	21.106	-21.4873	-25.0623	-32.9184	-12.0579	3.6435	13.7753	11.8487	15.4091	18.858	14.0188	18.5831	20.3886	22.3303	20.9694	3.4815	2.964	-11.3173	18.3658	12.4342	15.7512	13.7649	16.6043	11.6322	16.4324	19.0047	17.1889	12.2477	17.6255	15.8315	14.9168
9	-32.6054	-2.1524	7.2723	16.4324	18.8778	15.7715	21.8632	1.2804	-22.1754	-8.2828	17.1348	20.5097	18.3669	19.1482	22.9264	13.6288	-3.5512	17.1322	20.1724	19.3265	11.5149	-13.9994	-21.3638	21.2894	11.5446	11.7979	18.7652	16.3312	14.2834	23.1867	11.7202	22.363	10.9866	22.3725	13.7576	3.7281
10	-27.5062	-9.1918	3.6924	17.0713	16.2887	25.0191	4.4695	-24.4407	-38.6567	-26.4069	-2.2294	16.689	25.4338	20.7742	22.6402	17.3229	21.3767	22.455	26.5699	25.291	17.0576	-6.8273	0.297	26.1468	20.2271	16.6134	19.8799	20.9255	12.9729	26.6303	-13.5949	18.1732	5.6465	23.6682	14.7604	-7.6241
11	-25.7275	-23.1273	4.1254	18.8501	26.2093	27.4154	9.9677	-15.9987	-31.4187	-23.1761	5.1246	18.3538	23.7476	23.8439	15.153	18.3683	-5.6571	6.1748	15.1703	19.7691	15.668	-27.8119	-35.4432	16.8334	19.1114	28.1537	18.1708	15.3266	0.8851	17.7475	-24.9489	15.0532	7.485	15.4888	21.6246	2.4174
12	-31.1691	-23.9608	-4.7587	6.5274	6.5461	13.4441	-16.9139	-20.2411	-25.3007	-14.1169	4.1686	9.3231	13.3193	1.5205	14.7794	13.1255	-1.2068	9.0677	19.8782	18.6097	15.8141	2.9383	3.6984	24.4936	16.1544	12.0282	8.0643	14.2941	4.2043	23.616	19.6412	21.1453	1.9574	22.1195	12.3764	-0.7889
13	-41.3454	-26.0859	-2.3936	15.3568	6.7482	24.9673	3.0921	-29.085	-27.9967	-7.8352	11.0259	15.8196	24.7073	22.6764	9.0015	19.8546	17.0973	24.8306	21.7013	23.5549	-1.9051	-32.1365	-26.5935	20.7608	17.8141	16.113	20.0833	17.8673	18.0337	22.6537	-19.1061	19.2129	10.1553	20.6789	22.2244	16.9036
14	-24.9698	-21.7235	-13.777	-1.4995	14.4789	17.1824	-10.9116	-20.6671	-26.7645	-8.9544	-0.8622	13.3007	12.3638	14.6158	10.7399	10.7609	14.5886	14.4312	15.4667	17.8857	15.9502	5.0153	3.9077	16.5372	15.5426	11.9747	9.5386	10.1357	9.6324	17.6189	3.5928	4.4754	6.87	13.0582	14.4963	12.6612
15	-44.6338	-7.7937	-15.1699	6.6015	20.2856	25.4607	20.5588	-38.9966	-38.7173	-9.2995	-12.1409	7.7866	17.8682	22.6684	20.3	21.7375	20.9422	17.0236	24.0172	24.3186	-14.8163	-5.031	17.0055	16.1942	9.0279	20.6351	12.58	19.9229	19.1634	17.5703	9.6009	21.7198	14.2782	22.6455	15.9721	10.6319
16	-31.8589	-0.5367	6.7285	15.8589	16.9867	20.2735	-13.9994	-15.7699	-23.5163	-20.0678	10.6759	9.4622	16.0578	11.26	20.2686	13.7361	2.516	15.161	23.3768	21.1808	21.7614	20.5048	0.8329	24.0949	22.7744	19.3323	16.1609	14.4537	4.1295	22.9414	21.0702	19.2888	11.0238	18.7717	21.5721	7.4919
17	-36.874	-12.9374	-14.0941	3.6216	11.3914	11.0335	-15.0788	-22.7442	-33.7428	-4.9062	7.1101	23.2328	18.4242	13.9993	18.0354	17.4565	10.5259	4.4398	20.2864	25.5078	16.8389	-8.3278	-0.6424	25.685	17.7591	11.0782	12.5021	4.5707	11.4975	18.2048	4.6484	15.6666	5.0699	23.1661	5.3042	10.0539
18	-34.5257	-2.0771	11.0605	18.9441	17.8995	22.6592	-28.7219	-41.375	-15.7679	-23.6119	8.1124	7.9269	20.9236	22.3648	18.5022	11.4151	-9.8171	21.659	25.6005	22.2571	16.0373	3.2025	16.11	22.7084	13.5503	23.5521	18.6246	17.375	12.6894	10.5048	6.4594	10.0568	17.1963	20.6881	20.8395	5.3386
19	-34.0051	-17.8338	8.0719	11.8491	13.9105	13.4835	-19.5859	-16.6908	-31.6488	-1.4967	8.6708	11.2158	20.9953	18.4969	14.0857	11.9936	7.0175	14.669	23.2932	22.2175	20.9467	5.9964	-2.9877	22.2708	12.4871	14.0161	12.4631	14.0932	13.7911	21.548	12.7143	16.6596	3.3343	19.1536	16.1648	-2.551
20	-25.7079	-10.4126	-3.3718	12.8087	12.1527	18.2573	-9.9096	-27.3748	-30.5552	-13.9597	1.8695	11.6591	12.4242	14.4726	13.0829	11.0297	11.9315	9.5408	17.899	17.566	19.5918	5.3209	8.1321	17.2369	20.4363	12.7668	8.7033	11.8469	6.1872	18.3694	10.4721	11.799	-5.1585	13.8742	5.1615	10.8952
21	-46.0643	-34.0146	-5.3315	-8.6957	16.1882	21.2255	16.2371	-0.6408	-14.4896	-27.3993	0.1677	11.1167	12.9184	20.0146	13.3746	12.6325	20.5361	23.2299	25.9611	24.9536	-26.9056	-37.4603	-31.5033	25.8493	24.7865	19.5891	21.8492	20.4924	22.148	17.8859	-31.9326	23.5751	22.1503	25.4933	20.512	19.1284
22	-29.5993	-24.3521	-7.021	17.289	17.6883	22.007	-25.5205	-31.0007	-17.6844	-10.9796	14.5593	17.8766	19.9999	18.5559	13.4242	12.1478	10.9899	12.8629	23.3049	17.5828	21.4775	8.1088	10.8557	17.8056	20.4304	13.0112	8.1296	12.3566	4.4637	16.3852	14.008	12.0637	14.1915	17.4004	19.976	6.2929
23	-35.3162	-30.1923	2.5116	10.1899	17.4117	22.7575	15.4824	10.0997	-24.1965	-6.6424	7.2265	8.6343	21.8751	15.4135	16.0979	16.3566	2.6785	15.7821	21.9283	23.4108	13.8338	-14.836	-22.8736	23.5674	23.6377	20.8952	16.9381	12.9702	11.9282	16.9318	14.8504	19.092	15.3397	20.4156	12.8473	13.1172
24	-33.256	-12.2176	5.6647	24.4344	23.634	26.2872	18.3745	-0.8809	-20.6121	-13.2529	-1.817	10.3956	25.2254	24.7563	13.9433	15.6162	9.3653	10.6466	21.825	20.9086	0.9501	3.8313	-31.7443	12.028	22.9307	21.0862	12.3265	20.512	13.5451	18.7561	10.5631	16.8469	17.9466	10.8886	7.7744	-0.8159
25	-33.5179	-11.0093	4.4794	14.8768	15.9134	17.9694	-15.1421	-27.5903	-35.3292	-3.496	9.038	14.005	9.2508	17.593	18.0746	12.3267	7.2975	15.6565	21.8114	22.0237	18.1818	-1.4337	-0.7086	18.6791	15.4427	10.6567	13.472	14.6962	9.5729	11.0436	-2.9575	16.9673	13.7165	19.2303	10.4093	5.7981
26	-21.0879	-7.3825	9.7816	12.6998	18.3281	13.0142	-14.0778	-27.9684	-36.4569	-13.4623	-0.2448	17.4613	22.6041	20.3159	17.7699	4.4735	-1.9132	17.7636	25.5576	24.4397	14.2608	-10.5596	-23.527	23.5725	9.3601	9.5872	9.4158	14.2331	13.2326	24.4512	14.5795	18.951	-1.1095	19.6425	17.0807	2.5272
27	-30.6106	-10.781	5.4873	8.8313	15.7508	20.4432	2.795	-16.8051	-32.1022	-11.1723	10.1009	17.1823	19.7222	17.4048	13.236	8.8066	7.4411	11.7696	15.8744	20.1941	16.6276	-4.098	-9.14	22.3806	17.8762	11.8444	9.378	13.1738	1.2988	17.5657	4.577	13.2351	-1.7653	20.5104	7.5659	3.6942
28	-22.766	-7.8482	-9.7264	-0.4506	3.8657	21.5465	-0.5708	-2.3932	-28.4562	-14.3053	-1.1136	24.6625	22.8197	14.9048	11.6609	5.726	5.9667	15.0733	22.0304	21.6992	23.942	10.0833	-5.0223	27.136	11.5953	4.4508	3.5964	4.1225	4.1574	25.8365	22.7525	11.0214	-1.5935	25.7576	7.4777	1.0846
29	-33.1974	-15.8552	-19.6042	7.8205	23.2952	18.3524	23.3679	-40.3873	-40.5074	-16.9603	-2.2003	17.8992	22.5931	21.5479	25.7013	24.2984	24.3479	18.5665	20.1804	27.0553	-9.9936	7.5164	-3.3552	23.1302	9.0206	19.4948	19.6937	22.8441	19.8137	24.7504	19.307	22.0263	11.1401	26.5674	5.0603	1.3904
30	-22.8887	-14.7173	-8.2289	15.6731	18.4124	19.3388	-4.7239	-18.9807	-26.5593	-9.0148	-1.4786	7.8384	13.5105	18.3509	14.9252	10.9487	2.6072	9.6023	21.232	16.6797	20.7664	9.48	-0.3647	19.2315	20.1	21.6299	8.0984	10.89	8.5758	17.7871	10.4113	13.7355	2.354	14.5243	17.8378	-0.2143
31	-31.3829	-13.559	-0.6592	17.1948	17.4593	20.9141	2.9459	-11.3599	-36.803	-19.865	8.1418	18.8891	23.0191	18.4662	17.9184	19.7206	3.8023	5.5564	18.0249	27.2615	17.1136	-3.4778	-8.6512	25.4825	15.5986	18.691	15.5181	21.7958	2.6065	22.8929	17.7225	21.001	0.8727	24.426	2.8375	-19.0567
32	-34.3968	-12.2236	0.4416	4.7068	18.023	16.2728	-12.2792	-24.3112	-22.9493	-6.5091	5.5528	19.1598	10.4871	17.2818	16.1787	16.2395	4.8945	13.3411	13.6275	18.039	18.0928	12.6633	1.4145	15.3044	15.9304	14.2211	17.0456	12.7592	16.685	17.392	6.7133	16.1625	9.8281	16.203	17.4107	13.0114
