0	8.306128	5.1942854	5.346381	5.289735	6.4052873	3.7521877	4.7990203	5.452137	3.0551758	4.9471135	1.8005834	5.192072	2.4120736	4.8217955	2.803602	3.4899118	8.284571	3.084365	4.3113894	5.2584133	5.3580675	2.554584	8.668552	9.350642	9.483247	8.306128	5.9532614	7.0065384	12.822081	4.5429177	1.8247466	7.687034	5.267239	3.5665517	4.864217	2.3368554	1.7849927	4.161647	4.621873	2.5781176	4.223103	4.4171596	7.0487604	4.7794995	4.3266287	6.207102	5.533842	4.680994	4.915446	11.401163	3.793532	3.6453266	2.7078605	3.7305353	3.5362983	3.4344397	2.5341833	2.4435637	4.7449007	2.647736	7.1626897	9.830079	3.574255	1.7829757	6.440482	4.9788465	3.935901	6.6332955	10.644107	6.3302608	2.4746103	5.5624285	4.500056	5.2622814	2.9257636	1.7703404	5.2963567	3.7192707	4.85689	3.8463097	4.131693	3.9616134	3.9006267	2.885914	4.199453	5.0499105	4.049999	9.726241	10.662411	2.9954972	2.2123508	5.5244393	2.720478	3.8913634	9.6044035	2.4905806	6.0450387	5.087966	4.7285757	7.1260166	4.1117992	14.639306	12.048241	5.9251614	2.804533	8.698489	5.263924	12.950451	2.682891	3.9225526	4.707027	3.8435931	5.059783	6.0868464	8.630978	3.717861	4.989117	7.948852	6.6897993	5.926667	4.4355936	17.781395	6.145227	4.0446277	2.9989662	3.848338	5.599404	3.0127904	3.2102814	5.6418285	13.97271	2.7804687	4.5034876	2.841586	5.1904254
1	8.25005	4.6767836	5.2248406	5.1679616	6.120538	3.8259916	4.7871604	5.2528577	2.7527814	5.157625	1.7692091	5.0980587	2.1090515	5.297859	2.868171	3.526839	7.973046	3.7565136	4.3323674	5.811204	5.13252	3.025659	7.750478	6.158481	7.5341773	8.25005	6.176649	8.2402315	11.5935335	4.267706	1.9027579	9.31814	5.452714	4.527018	4.900871	2.592412	1.824776	3.5597029	4.724181	2.8096077	4.345538	4.4695415	7.126858	6.0677357	4.490447	7.4389844	5.926941	4.821087	6.0340223	11.57785	3.8901677	3.479381	2.769658	3.7784255	4.0139885	3.4255962	2.3259826	2.380774	4.8529286	2.6988888	7.352726	10.968724	3.3350575	1.8497036	5.1329727	5.52823	4.0642242	2.734702	10.606453	6.9385743	2.4287655	5.733533	4.440385	5.2733097	2.9397264	1.853514	5.1936097	3.6172507	4.3980904	3.7917817	4.069167	4.1274343	3.7913227	2.4054298	4.2005363	5.4465704	4.555918	10.088731	10.162778	2.8306518	2.4550936	5.73763	2.9052541	4.3682466	6.0751476	3.36936	4.9964886	5.115762	4.390648	4.283094	4.2107687	14.1147	9.321433	6.052835	2.5688128	9.339524	5.89055	11.14482	2.7096307	4.2954526	4.681291	3.8183262	5.079056	7.5040445	10.732874	3.8329487	5.308738	8.19793	8.424154	5.626137	4.342358	16.546352	6.6433916	3.7157643	3.0350308	3.6620922	5.7828293	3.54222	3.1512702	5.7290244	13.447329	3.0041506	4.6700225	2.8028038	5.0547905
2	8.052862	3.9240055	5.3411446	5.2052298	6.8492217	3.8457255	4.799928	5.3027654	2.839243	5.064722	1.7823862	5.2189074	2.4332695	5.5371895	2.746308	3.6103451	8.186902	3.7808325	4.369736	5.743327	5.0838213	2.612162	7.2722006	5.7753015	6.706491	8.052862	6.1099744	8.050163	10.354199	4.540749	1.8198385	6.8418555	5.7698255	3.5183074	4.993862	2.4792922	1.7976358	4.193055	4.751812	2.8077219	3.987721	4.4832363	7.1919737	6.1088123	5.16613	7.70731	5.6671915	4.67072	4.552515	10.867664	3.740815	3.8148785	2.7294312	3.6102767	4.0718327	3.2271056	2.3174324	2.3966882	4.7872562	2.596323	7.4004917	9.075102	3.4496536	1.8233483	5.0775294	5.104323	4.0058937	3.4807184	8.718672	5.771871	2.3449717	6.323426	4.4764385	4.658735	2.2474008	1.8120129	5.32584	3.6896994	4.354587	4.22858	4.498055	3.552309	3.687631	2.0664215	3.9692948	5.651292	4.6104355	9.135957	9.938977	2.8927174	2.4259617	4.9647393	2.7627163	4.0404086	5.296114	3.3634639	5.014028	4.852392	4.662562	4.6411757	4.1392527	11.889648	7.6479363	6.1763263	2.7287543	8.135811	5.8391104	9.207814	2.744614	4.19081	4.572351	3.888894	5.3339834	5.295935	10.767479	3.6895933	5.5622845	8.488335	8.55554	5.265105	4.3085155	15.04204	6.8340645	3.8937523	2.8611526	3.7734053	5.605652	3.7706885	3.3486674	5.602046	11.537566	2.8537858	4.7034435	3.262911	4.997129
3	9.029181	5.6904926	5.2469606	5.2263474	6.4483876	3.694821	4.950817	5.2192526	2.940985	5.1590414	1.7020276	5.4015255	2.3458893	6.0872536	2.67815	2.7907877	7.079497	3.7103386	2.2933385	5.8972607	5.365687	2.6321647	6.234621	5.2154016	6.3642817	9.029181	5.966623	6.9027967	10.270468	4.7379427	1.7789303	8.619543	6.7050486	4.768658	4.6205416	3.5872254	1.6782405	3.5525897	4.7724714	2.5605664	4.2931337	6.7124567	6.9504886	4.6770296	4.9415298	6.2056274	3.0309236	5.6069336	3.7794302	8.909563	4.6405807	3.6201403	2.632375	3.7127352	4.0222025	3.2717416	2.2830043	2.421198	4.839319	2.751838	7.4576397	6.503155	3.3013477	1.7461383	4.623385	5.707547	3.9522772	3.1634486	11.429529	6.556354	2.472448	6.189838	4.5084896	5.087454	2.8762808	1.7765698	5.2963133	3.5913944	4.7932444	3.8227491	4.157174	3.76858	3.8157156	2.1674886	3.913477	5.7565594	4.46428	13.733368	9.009889	2.551119	2.5255866	5.083916	2.564018	4.1503367	5.1698647	3.8946888	4.0486426	5.7800174	4.7516336	4.0523696	4.1935534	15.3485565	10.720738	6.048817	2.72716	9.235149	5.9249806	12.700182	2.7181246	4.252362	4.7620587	3.9032533	5.224366	6.293314	10.113111	3.52376	5.0911193	8.047973	7.8622766	5.6144533	4.0982685	17.963879	5.4196205	3.8812494	3.0727842	3.7143517	6.25212	3.9412932	3.4533024	6.5811086	15.809219	4.286931	4.205391	2.9406962	5.235325
4	8.305067	5.0315123	5.374483	5.1058483	6.380015	3.8410795	4.9430737	5.3442097	2.957973	5.1374426	1.7024988	5.3098125	2.3486369	5.077331	3.033647	3.6817665	9.438739	3.6756089	2.0485623	5.6340494	4.9000096	2.8800342	5.0315027	5.327091	5.640602	8.305067	6.2028475	7.8052444	12.195786	4.860708	1.8129542	7.0305758	6.2085347	4.1624503	5.189815	3.120512	1.7797185	3.9759798	4.585573	2.9498668	4.3223696	6.905113	6.925706	5.7048135	4.753756	7.2063103	6.224416	4.966316	4.1838017	10.514627	3.2949808	3.6476538	2.815137	3.6831234	3.8559678	3.1499338	2.3424158	2.3543344	4.65105	2.6958675	7.323703	8.975979	3.4908571	1.7816283	5.0352554	5.5575614	4.13756	5.080099	11.999675	5.696852	2.4338856	5.8413544	3.042663	5.21909	2.5183148	1.7589498	5.285254	3.5937471	4.8135	3.7845097	4.2613745	4.4536834	3.909702	2.47883	4.0778756	5.8164434	4.45548	13.249093	8.33485	2.8768218	2.3473625	4.741962	2.7534156	4.1160398	5.2869463	3.5074506	4.410194	5.0611587	4.6414666	5.4724884	4.216005	14.804766	12.755192	5.7799816	2.5486245	8.038938	4.8937025	13.921527	2.5624585	3.9218092	4.550657	3.8569803	5.0757856	5.4603486	10.000304	3.8422508	4.9928923	8.605392	8.22086	5.487056	4.389969	19.208052	6.0083	4.0005226	2.6886992	3.9343355	4.83301	2.7005339	3.4479551	5.8608522	14.969906	3.1392493	4.4904323	2.4610767	5.3671784
5	8.540849	5.455573	5.321889	5.3416576	6.5607634	3.7537603	4.70626	5.323797	3.0341575	4.8675866	1.6859701	5.3505416	2.5315194	5.044176	2.797605	3.6459544	8.446679	3.160727	3.0132575	5.420848	4.9514155	2.491067	7.1601205	5.9944143	7.07802	8.540849	5.5799913	7.1346765	8.521117	4.664858	1.7490013	8.206881	4.7834516	3.7175412	4.9405375	2.6059551	1.8202727	4.1595173	4.295638	2.6210093	4.0002227	5.981448	6.8129735	4.649084	4.387598	5.9190702	5.5453963	5.028537	4.797896	11.779462	3.8226166	3.7247026	2.7717128	3.6743717	3.7168818	3.110403	2.3871748	2.3395069	4.487886	2.641704	7.4721756	9.2991905	3.6396022	1.7070729	4.417717	5.3442497	3.6954837	3.7990677	9.046549	6.6785045	2.3741534	5.6970367	4.7712884	5.0189743	2.5292895	1.7958002	5.3177223	3.705603	4.3405805	3.8694856	4.360427	3.8601713	3.7008781	2.4724271	3.8883007	4.883419	3.8423295	11.654278	9.300613	2.5741024	2.5268543	6.101426	2.5342844	3.870257	6.0790534	3.8132687	4.896591	5.2687197	4.499211	4.726458	4.3660607	14.20615	7.96375	5.920211	2.858621	9.034566	4.919542	10.097776	2.6041102	4.083884	4.7791533	3.8822005	5.084231	6.482077	10.732039	3.8041158	5.1149817	7.71015	8.286605	5.607048	4.1196365	16.123226	6.8092737	3.7280967	2.993476	3.7060344	5.8745313	3.6548743	3.1697478	5.7549024	13.260666	3.555459	4.519082	2.9201894	5.110951
6	8.67286	5.1525345	5.2598357	5.0675635	6.5127	3.7973394	5.010359	5.3517933	2.8730657	5.1927733	1.7297679	5.2885656	2.5445044	5.6209784	2.7236948	2.7028346	7.017384	3.9318285	4.1003766	5.8563194	5.202201	2.7752843	7.689251	6.3437676	7.6085277	8.67286	6.198493	7.937334	10.873478	4.523814	1.7965517	9.873375	7.2539673	4.7412567	4.504464	3.722537	1.7716073	3.9531615	4.6369815	2.8655381	4.063274	4.173405	7.0747137	5.5355673	4.3990464	6.9084644	3.3757987	5.700326	5.0409822	6.7407	3.9184408	3.6111636	2.8284602	3.8240423	3.8963187	3.1079416	2.3779624	2.4129205	4.445468	2.5420866	7.406785	4.066082	3.492806	1.8182983	5.13864	5.6600475	4.0947504	2.6915793	10.317482	6.7035985	2.3193119	5.825943	6.1537147	5.478594	2.9884794	1.717441	5.3819017	3.5388563	4.8250694	3.7768123	4.217452	4.337798	3.7461832	2.1469507	3.7494648	6.0679584	4.4929852	8.800875	9.537427	2.623701	2.5193253	5.2525544	2.5099993	3.812899	6.544532	3.2381144	4.9132447	5.538817	4.4951515	4.201369	4.301126	12.709436	9.00161	5.8408403	2.8336682	8.699048	5.248418	10.481651	2.6651077	4.0619464	4.920616	3.8151047	5.1927166	7.152734	10.4043665	3.80622	5.186057	7.994228	7.925887	5.336074	4.334584	13.736774	4.551891	2.870698	3.010616	3.7728906	6.102796	3.5840344	3.2520483	6.228395	13.350729	3.964579	4.1319523	2.5688326	4.6484528
7	8.153189	4.8525167	5.433387	5.195862	6.452062	3.8369405	4.771531	5.270126	2.8502092	5.140914	1.7351964	5.2439766	2.420208	4.7923584	2.8312886	3.5748694	7.899741	3.7883759	2.3407028	5.6137877	4.6759167	2.0564284	5.1602154	4.338792	4.9736996	8.153189	6.2743764	8.001304	11.3514805	4.766077	1.8186252	10.227326	5.810222	4.2597895	4.623686	2.4901588	1.6604794	4.0886307	4.093824	2.7611053	4.3106694	6.9689803	7.1923103	5.9215693	4.8106318	7.3664374	4.8417153	4.6373057	6.6648383	11.163805	3.5714147	3.693073	2.8094318	3.3443234	3.9262555	3.263509	2.3855612	2.5504687	4.6940994	2.7749057	7.308314	8.281914	3.3822033	1.6743052	4.5234294	5.38704	4.022349	4.080551	11.892008	8.657171	2.4120739	5.862438	6.1508536	4.8217835	2.1874402	1.7776667	5.357135	3.6069393	4.047629	3.9401796	4.0686874	3.667859	3.8108525	2.7562652	3.8778443	5.843125	4.9894104	13.652577	8.339454	3.1985908	2.2450163	3.8246164	2.7960489	4.255491	4.0990744	3.721962	4.0948386	4.871745	4.531785	4.569464	4.2781534	15.45603	11.873885	5.9917917	2.7649403	11.253642	5.911724	13.3118305	2.6066623	4.005634	4.6306562	3.8736672	5.122713	8.661534	10.612938	3.9647675	5.3372145	8.617914	8.592497	5.700404	4.410496	18.539764	5.115262	2.869948	3.0692337	3.6273398	5.1015377	2.648944	2.5981922	5.720504	14.338387	2.5366511	4.5132356	2.8526828	5.144722
8	8.682052	5.9893584	5.420375	5.1979437	6.127811	3.7950878	4.900416	5.210784	3.0366406	4.7976327	1.8378508	5.2221174	2.3875084	5.0129676	2.807365	3.864405	8.234983	3.2295337	2.8978577	5.8249626	5.2593207	2.7614493	7.0510826	5.5389614	7.07697	8.682052	5.141702	7.099418	9.025064	4.9854617	1.7035544	7.0276833	4.4075713	3.5801406	4.933051	2.7360768	1.7882106	4.3195386	4.6188602	2.361462	4.228547	6.747463	6.624152	4.718707	4.5717187	5.902837	5.6098557	4.8560696	4.3530912	11.337078	3.8533616	3.6330423	2.8112972	3.8042326	3.7652116	3.4202633	2.5057955	2.5087605	4.8377266	2.6712177	7.424124	9.185447	3.3715415	1.7414372	4.639946	5.278258	3.573596	4.0115867	9.97584	5.8329864	2.483829	5.4876127	4.6873136	5.021405	2.5172024	1.6990006	5.4270144	3.6785052	4.738669	3.7764812	3.9037182	4.051432	3.722409	2.7123408	4.2629685	5.944433	4.559922	12.287695	9.2728615	2.3202376	2.6485107	4.7108536	3.1745238	3.9995978	6.031657	3.9410138	4.8723106	5.5927267	4.548802	4.7921715	4.2786093	14.6735	9.227746	5.9672537	2.94126	7.821829	5.579398	10.896023	2.596168	3.8730109	4.5790915	3.871617	4.9731293	5.624056	10.902832	3.6685026	4.8702483	7.910287	8.542259	5.9529085	4.015134	16.98282	7.0255766	3.9434502	3.0438278	3.7850351	5.7249146	3.7206082	3.3706067	5.5202637	13.894306	3.5749416	4.516294	3.0463269	4.1960344
9	8.310291	4.8103557	5.4789314	5.232991	6.2127376	3.7619696	4.881259	5.2271004	2.6984806	5.121415	1.7214217	5.178031	2.312965	5.4272385	2.7080824	2.7635155	6.6455464	3.8966	4.3538136	5.5817723	5.149505	2.1093602	7.8848553	6.380196	7.0557356	8.310291	6.4692917	8.499727	11.413212	4.7756243	1.7941589	10.342975	7.6342535	4.6917586	4.616417	3.724585	1.8416595	3.9219046	4.3026166	3.5595088	4.311612	3.8032887	7.1512275	6.5711555	5.201406	7.8013535	2.5316763	5.128068	6.111432	6.835627	4.0884356	3.7023525	2.7267005	3.4458814	4.194961	3.4517834	2.3209033	2.6373658	5.0358124	2.794192	7.4834085	4.1470594	3.2552261	1.7431288	5.1529036	5.501681	4.121711	2.5788598	10.459759	7.519688	2.6491716	6.01161	5.9250755	5.8257623	3.6035275	1.7854977	5.4084487	3.6423895	4.177894	3.8788419	3.7577915	4.163662	3.855035	2.1913009	3.6854017	6.1934643	4.911191	8.986596	10.77717	2.5250955	2.687247	4.3629107	2.4566035	4.1288366	5.994739	3.4415274	5.1324105	5.194092	4.325416	4.2007623	4.1841	13.076467	9.159624	6.168848	2.7035174	9.776067	6.430086	10.284209	2.7201831	4.1113634	4.6249566	3.9394517	5.254284	8.243846	11.003904	3.6721754	5.386362	8.586617	8.709915	5.4906707	4.161132	12.784291	4.5057397	2.321486	3.0581381	3.724999	5.6192617	3.927976	3.4375713	5.5485682	12.888638	3.3630486	4.280492	2.4867628	4.691195
