0	-50.5315	-48.5499	-30.5112	22.9963	21.1753	29.5112	35.2239	29.9973	9.4156	-15.9078	21.3543	-0.2956	19.3365	27.2839	21.2671	22.1203	28.3675	35.0137	31.6387	35.6532	-13.0627	20.3376	33.8551	33.0675	39.6025	34.4569	29.1075	25.0015	29.4996	35.1234	34.4679	16.7957	29.542	33.1385	30.7031	25.4919
1	-15.9071	2.9859	11.3682	14.369	13.726	25.7273	-0.7015	-39.7166	22.6406	-10.923	22.3781	0.1543	3.5986	27.0003	22.4004	10.7475	14.4054	29.1444	32.6381	20.9217	-29.4749	20.3857	34.0851	33.2391	29.1415	28.7356	23.8095	20.5842	24.0687	12.6008	-19.6575	26.9147	18.2554	27.4857	31.8276	18.8975
2	-48.6759	-8.3719	-23.3591	8.5757	22.4694	43.1957	16.4509	21.3785	24.2817	-3.5053	13.1102	7.4047	29.0261	25.929	22.9979	17.6233	24.8042	26.6964	44.4909	36.0371	20.6308	11.4944	39.6889	42.5385	43.2774	33.1072	18.2853	15.6966	15.7858	10.8266	24.782	24.4856	21.8548	24.8238	40.7332	19.9798
3	-37.5972	-28.6012	-13.9689	17.3638	14.5024	41.4965	14.7142	-1.7871	11.3895	-14.55	3.6316	-37.5329	6.161	23.6443	18.36	15.4228	19.3532	40.4454	43.3624	19.6339	15.1071	13.0044	41.0679	33.1017	36.7026	36.5092	18.0754	17.1195	25.0467	19.1197	14.4054	19.9725	3.2701	19.4181	44.699	28.7559
4	-21.3165	-25.6902	9.9722	22.9993	32.6644	35.5108	6.8635	-60.9001	29.3192	-34.6245	24.9697	-12.7259	17.1625	30.1275	29.1004	14.3816	21.0704	35.4837	27.2229	29.9109	-53.436	-8.4643	29.5484	31.8887	33.7096	28.2771	1.2001	23.3326	26.2238	-2.1596	-54.8922	30.2295	23.7656	2.5966	32.1959	18.5399
5	-44.4819	-17.8852	-13.6871	-6.146	-8.9275	-1.608	33.3832	-43.951	5.3256	-43.2794	32.0771	-6.4217	-5.7548	0.1511	30.0422	24.7045	10.2524	12.7481	21.2642	30.7175	-4.9218	-10.8746	24.0684	34.9083	25.1768	13.2705	15.8046	28.5319	14.2819	-10.3402	-46.0194	31.4273	14.02	32.8922	21.7585	13.4445
6	-40.4459	-9.9206	5.5038	18.488	14.95	15.4805	4.4081	-45.2293	23.358	-32.8883	25.0625	-29.6347	-2.3014	27.9628	28.4809	27.382	28.9052	25.6927	28.4321	27.9753	-15.3692	17.7633	24.7218	26.7724	28.8707	26.5496	28.5524	28.7746	21.9169	22.2453	-29.3979	27.0165	24.6631	28.6499	28.4268	28.7506
7	-14.7141	-22.4428	-17.889	6.499	21.4113	-12.4674	38.0918	-38.6549	-0.8068	-38.1546	16.4356	-22.8826	-21.2109	12.9501	27.4308	22.1469	9.2935	27.9173	37.9539	40.8312	37.1312	-5.1827	40.1309	41.2359	35.6937	27.6199	17.995	9.3183	20.7291	37.5556	-55.2427	28.2759	21.5222	25.2471	38.3768	22.4966
8	-42.1092	-28.0933	-6.7868	0.4447	11.0257	-3.8246	31.6277	-47.0769	7.8494	-42.1695	35.7175	-17.9794	-9.3052	5.6444	3.8428	28.242	17.61	21.872	30.7836	30.3621	29.0732	-6.9936	29.946	35.4856	8.8478	16.8978	21.8123	30.867	15.3743	36.457	-47.2099	32.3516	16.9816	27.0915	24.5508	18.7244
9	-54.0633	-23.9186	9.8716	23.7254	7.6236	29.6859	25.8167	19.4032	22.6707	3.3049	10.6926	-1.4039	4.3341	22.9048	23.5103	18.7137	6.6414	22.9337	38.4072	28.5489	20.1181	12.3578	33.3381	32.1505	34.7634	29.1546	19.1856	19.3173	-4.2132	13.9723	37.6944	20.1761	11.78	23.1481	35.2969	-0.0154
10	-26.6704	-29.255	-4.4291	-0.4924	14.3419	3.2378	14.641	14.3277	20.7524	2.1654	6.5628	-18.6674	-22.5721	11.8845	26.8097	25.0139	21.2415	23.7518	15.7618	26.7002	17.81	23.9199	29.0455	27.3145	25.3071	18.1303	16.4206	23.6528	20.6494	0.7637	22.8599	27.5527	20.4591	26.6357	21.7629	20.4884
11	-51.3937	-21.4993	3.3344	24.0049	-1.7935	-3.4526	7.4555	22.4471	9.2676	7.8918	23.1872	-6.3891	-3.1316	13.2353	25.8868	21.4548	19.7909	18.6059	32.97	24.4916	4.4631	21.7505	32.9493	30.2769	30.5043	31.0448	18.7356	21.0294	13.0753	27.1441	28.6306	23.0421	9.8431	5.3554	33.1431	7.0503
12	-43.2527	-6.7621	4.4374	11.721	11.3624	10.0553	28.9951	-44.6096	29.8203	-15.5963	34.6503	-4.5232	-8.5318	0.3811	38.4698	24.0165	9.2963	12.0576	10.0785	26.1959	10.278	-22.9519	25.0703	29.8372	22.1787	6.3384	14.9901	29.188	13.4191	-6.2714	-42.4995	28.8093	12.233	32.6494	19.8622	5.3593
13	-56.355	-18.6538	19.0727	22.7488	-2.9949	34.5262	15.7742	5.3622	27.9598	19.8759	30.7634	-4.0745	31.0349	30.0347	31.2197	19.8723	0.0075	25.7689	37.9954	34.1991	-12.1366	18.2504	34.2411	32.7466	33.9169	26.2329	21.2956	28.744	-3.7146	31.318	5.0509	29.365	-2.9804	24.4887	28.0709	22.3178
14	-7.9888	2.1227	17.2729	22.8259	27.5242	-18.9474	-12.8683	5.052	18.5716	10.1195	9.9529	-8.1141	-3.0547	20.5208	10.5826	7.6491	-2.9443	28.6217	30.0193	29.8892	-42.9637	18.6356	21.5391	26.0886	33.4244	30.4216	13.588	10.044	23.7652	-38.1874	-16.2416	-10.2786	14.9816	10.2347	31.1624	26.3007
