0	7.115018	6.8393345	5.4991083	5.3066845	6.146323	3.4879198	4.6128626	5.055373	2.9790282	4.6957316	1.8383406	5.3527174	2.5117528	12.222803	2.9853468	3.6592605	6.3413343	3.1768227	3.068957	7.603581	5.0478725	2.2786138	10.5614605	8.314813	11.469745	7.115018	6.3320994	7.223615	11.04941	4.6466084	1.7837591	6.5485716	8.235861	4.78571	5.091856	3.1134548	1.8124561	2.088874	4.3390512	4.4477086	4.3138623	6.37423	7.2701273	5.6454844	4.546293	6.586052	5.426659	8.019411	5.2752056	6.122532	4.6235957	3.7898407	2.6717055	3.4591482	5.3642154	3.1707888	2.3006747	2.426418	4.7880044	2.7084098	6.277976	3.195683	3.1664646	1.8334947	4.3880067	4.5818224	3.7047408	3.3907084	10.913611	7.952237	2.3053625	4.4765368	2.3039527	6.946779	4.2940083	1.7367218	5.202751	3.5033848	6.4181085	4.1417236	3.9223192	5.840087	3.654818	11.810446	3.5515883	9.035176	8.520576	13.307552	12.093809	9.287458	11.461177	7.3593626	2.2927048	4.187614	9.877636	4.002863	4.9162383	5.888055	4.427776	4.5460973	4.4203377	9.178269	9.318334	4.4040327	3.79439	8.296393	12.543581	9.15547	2.8014455	6.6867476	2.343737	4.1358657	2.1881495	7.3220863	9.527954	3.738276	4.4569163	5.0092106	7.6045647	11.944176	4.2045345	16.754345	13.018603	3.9147396	2.6768818	3.8025496	5.249468	12.66664	3.2151673	4.203905	12.549701	10.362844	4.5472593	11.613339	18.508026
1	5.445345	6.39122	5.3585987	5.29103	6.5058255	3.785353	4.702701	5.1771345	3.1072345	5.1163473	1.7580113	4.9667993	2.3712258	11.054216	3.0511632	3.750585	6.4858465	3.1821537	2.0934644	7.6194344	5.240497	2.3316324	9.157451	7.2957935	9.021538	5.445345	4.9668694	7.963478	12.388615	4.5787115	1.7032018	8.286477	7.6782155	5.0939965	5.33842	2.8410199	1.7827231	2.143035	4.489956	4.3970127	4.4016137	7.0449047	6.531309	5.756875	4.590185	6.8568	5.795456	6.609402	4.849846	6.4015765	5.314989	3.8326726	2.7983212	3.6572397	5.2588205	3.3274329	2.3109534	2.383147	4.9688935	2.737812	6.4423113	4.319193	3.231565	1.835131	4.542048	5.5172973	3.8642333	5.2092705	12.130809	8.85711	2.374088	4.851671	2.4988003	7.2651362	4.632322	1.7181962	5.322151	3.6303332	6.3571377	4.1970606	4.21063	5.5701547	3.9377143	9.374733	3.3511176	8.056112	7.5059004	14.790664	11.671685	7.1251154	10.104622	9.429498	2.2954092	3.968315	7.708269	3.7214375	4.476694	4.4628797	4.653451	5.656333	4.2164416	12.925018	11.810377	4.514635	3.8656423	7.3559375	12.319115	10.783785	3.0253892	6.860882	2.0186644	3.9737258	4.240769	7.4238877	8.5649805	3.4857988	5.244844	5.821509	6.3933334	7.1071224	4.4098196	17.560741	9.618929	3.8693812	2.7767997	3.933462	5.57141	10.064139	3.4444885	3.9401639	14.20199	8.6848955	4.914205	10.349692	15.556818
2	7.293759	3.8703344	5.321764	5.1526427	6.7780905	3.8066378	4.8555207	5.288901	2.8102329	4.5825944	1.8625246	5.0966845	2.500361	12.926907	2.954761	3.6244197	6.5952163	3.1165361	4.222808	7.2032	4.6125994	2.790626	10.286861	9.58527	12.998917	7.293759	6.383086	6.8519363	10.457052	4.6384244	1.6671497	7.669845	8.310559	5.285387	4.82002	2.851353	1.7736381	2.2557023	4.7699876	4.345871	4.354121	4.562049	4.5976515	4.763666	4.7519455	6.202651	5.9296637	6.909486	5.8225355	6.9751997	4.8833694	3.5755816	2.9575834	3.2096868	5.200288	3.0953865	2.6172314	2.4658468	4.511652	2.7892823	6.6189218	4.7976437	3.277817	1.7601146	6.2092257	6.146096	3.9393654	7.019025	8.925405	9.239312	2.398898	4.732738	3.2422996	6.666319	3.7863314	1.6699078	5.3395243	3.6932511	6.933642	4.0545497	4.4358664	6.2329607	3.8684487	11.014699	3.2712383	8.236829	7.5186024	11.422634	11.3616085	9.799634	11.501193	8.567087	2.2536173	4.102385	11.887228	2.5007799	5.6092863	5.1431804	5.162403	5.9108787	4.257285	9.179628	10.166678	5.0807576	3.7932816	9.810939	13.589391	8.768694	2.9345844	6.977111	1.9318389	4.080133	3.7794847	7.2412014	9.086084	3.7192605	5.203337	4.2146773	7.181324	12.35314	4.506462	13.461433	13.375272	3.8930857	2.942892	3.9286926	3.5143564	12.61895	2.6465077	2.4657085	10.90022	10.279907	4.326594	11.532654	19.496319
3	7.0869236	2.9203079	5.439393	4.972043	6.66527	3.8622026	4.575545	5.087094	2.7513814	4.4786053	1.8103315	4.8439746	2.437438	11.926321	2.9954991	3.6905441	6.5704575	2.8822398	4.3490796	6.010506	4.28473	4.2278833	10.342163	9.405195	12.968158	7.0869236	6.662764	6.1223755	9.880523	4.8920546	1.761222	7.7507973	7.720862	5.377146	5.18892	3.096014	1.7558445	2.0678015	6.5589404	5.6404777	4.7191	4.384814	7.2754188	4.5851417	4.220356	6.179226	5.972984	6.3936977	5.085272	6.6400776	5.1296606	3.852596	3.0809917	2.2277794	6.793784	3.3496597	2.521645	2.425593	4.459073	2.8630595	7.655201	3.7340722	3.0041635	1.7740655	6.0800905	4.801551	3.7398	5.904388	8.839123	9.087872	2.4053879	4.4744725	2.1052544	6.008404	5.0326734	1.797362	5.3453994	3.7321591	7.839971	3.8672738	4.2957783	6.8591843	3.8533778	13.335147	2.8481936	7.8176856	6.8459826	12.688368	11.744514	9.922475	12.424903	8.497913	2.7987638	5.2418895	12.125963	2.4942331	5.3906674	4.812069	4.495664	6.0136766	4.3400583	12.796816	10.395738	4.74879	3.9260147	8.406628	13.059946	8.106304	3.0639834	6.836359	2.1063719	3.7556612	4.3313513	6.9000144	8.439069	3.3510306	4.7861233	5.2050247	7.065942	14.352094	4.15419	14.477439	14.028069	3.8777971	2.6035962	3.5802255	4.332831	12.554127	3.3451772	3.2194593	11.155652	10.228362	4.741277	10.640085	19.043892
4	3.6766858	4.716081	5.3789797	5.3348	6.076422	4.034969	4.9828506	5.2311954	3.0596926	4.8168983	1.747628	5.147048	2.2988238	9.66618	2.9550958	3.7195036	6.2349405	3.10725	2.1838005	7.1159973	4.716673	2.2005649	8.142935	6.3281436	8.6387615	3.6766858	4.2419558	8.307304	12.633833	4.668619	1.7203785	10.475504	6.800662	6.01685	5.089851	3.048442	1.7515972	2.8053699	4.461993	4.9519596	4.3626604	6.7922525	5.7593913	6.03755	3.402368	6.7213774	6.446929	6.303934	5.991483	4.8039446	6.3114123	3.739584	2.9110157	3.0422509	5.5027437	3.4516528	2.4785075	2.4782887	4.744154	2.7140164	6.581693	4.6515064	3.5938966	1.7594895	4.464101	4.809792	3.7635884	4.4005923	11.423542	9.59346	2.604766	4.362316	3.1560876	6.7558813	3.9898252	1.8013866	5.303686	3.6523948	7.302499	3.7640772	3.806913	6.2786465	3.9133213	8.172013	3.3057234	9.262455	8.020978	15.580802	11.920044	6.038064	9.305726	8.689378	2.431852	3.8810968	7.213834	3.839807	4.318739	2.4790914	4.686717	4.7235785	4.2184334	16.714228	13.067694	4.475691	3.943716	7.2835913	11.362856	10.88715	2.9496787	6.40236	2.7641437	3.8747118	4.678939	8.805048	8.9584255	3.3385172	4.5356145	6.0333233	6.6207323	6.861145	4.05957	18.902395	9.25366	3.7648525	2.9794974	3.844007	4.226984	10.174213	2.884753	3.2220964	15.587538	9.051416	4.4850316	10.2404	14.355881
5	5.7850847	5.378009	5.3172374	5.160368	6.0102444	3.638751	4.7642927	4.6650753	3.1403465	4.741991	1.7814857	4.915426	2.4303284	8.522846	2.9260378	3.0186758	6.478042	3.3537576	2.264972	8.754374	5.235092	2.1830716	9.379798	8.370071	11.898582	5.7850847	4.750348	6.758351	9.544999	4.7097344	1.7194796	10.868658	6.754445	5.40049	4.9680295	2.5347397	1.7336963	2.3373923	4.414181	5.2993984	5.279221	7.068555	6.089507	5.1277447	3.8254654	6.6388845	6.1971855	4.7703657	4.755933	4.357214	6.0406055	3.774153	2.7405863	3.5502987	6.1298447	3.4598544	2.2018604	2.401416	4.7029147	3.0190716	6.0864286	5.4913287	3.0342712	1.7265558	4.8627057	3.314574	3.8393972	4.279943	10.05199	9.710872	2.3082695	4.7022123	2.7218757	7.999728	5.551288	1.7423542	5.238263	3.5126872	6.2631154	4.002723	3.7609317	5.9321012	3.7599168	8.631457	2.106704	9.686098	9.168049	10.526962	12.070019	5.620518	8.739944	8.981169	4.3974867	5.256493	10.4333	3.6448736	4.649441	4.3164086	4.435943	5.345297	4.510586	11.3354435	8.045898	4.3889184	3.8366387	7.649765	11.201438	8.869869	3.00794	6.4972854	2.49337	3.7999477	4.35635	9.310495	9.093836	3.3031664	4.7136517	6.1929173	7.006546	8.107248	4.2415566	14.584807	9.428527	3.6894197	2.765088	3.8741467	4.85306	10.00443	3.277333	3.8170242	14.2008705	9.324167	5.303681	7.6131845	13.615321
6	5.277767	6.914718	5.418386	5.255787	6.076796	3.8137774	4.7316084	5.217331	3.0424001	4.75875	1.8057158	5.1162605	2.4113894	10.088529	3.073013	3.7170177	6.4365845	3.065386	2.2417374	7.266698	5.188305	2.5599437	9.814413	7.2399025	9.233559	5.277767	4.933823	7.7249317	12.164212	4.778338	1.743731	9.086391	6.776682	5.6006484	5.006174	3.185513	1.6877477	2.440184	4.3252316	4.428793	4.4425673	7.0137076	6.081369	5.728963	5.5506496	6.7578263	6.6531463	6.223318	5.657569	4.6012397	6.007275	3.6481504	2.8162007	3.825233	4.787872	3.2523346	2.4535248	2.3748066	4.5293045	2.8127027	6.748073	3.991303	3.2709954	1.7520287	4.756838	5.677791	3.716597	5.320572	12.005276	9.275016	2.5702536	5.733926	2.6470752	7.1835136	4.461872	1.7410637	5.2634974	3.7012014	6.47242	3.7532403	3.9902532	6.1984773	3.8807983	8.922944	3.562737	8.787791	7.7602553	14.581747	12.083567	6.9662676	10.145444	7.8671813	2.6452029	4.4852095	7.587186	3.7619665	4.57483	5.343502	4.6479344	5.574235	4.242806	12.221268	11.308202	4.6680803	3.7343538	7.275906	11.181397	10.059748	2.9469166	6.818922	1.9947186	3.8530273	4.181651	8.360228	8.98671	3.2467375	5.5112333	6.153405	6.7777433	6.8480883	4.2302365	17.261742	8.817918	3.9048815	2.8741062	3.8675191	4.7441244	9.487054	2.9454553	3.6047912	14.218417	8.158711	4.467897	9.786573	14.8879385
7	5.1414466	5.2651668	5.5054636	5.213384	6.4467716	3.6947134	4.6248693	4.622942	3.0520298	4.391286	1.7481993	4.747735	2.5792627	9.975396	2.9152517	3.6592488	6.5777044	2.7499256	2.132089	8.002438	4.6670012	2.5164633	9.50643	9.359418	11.795261	5.1414466	4.288461	6.671296	9.751886	4.5277576	1.7729092	9.6417885	7.1480455	5.6222777	5.249344	3.0897405	1.7935455	2.2723339	4.580184	5.7906466	5.3477263	6.9478445	5.8563557	5.5288506	5.6327868	6.2387657	5.87436	6.5692086	5.671949	5.097784	5.6893225	3.903153	2.8364775	3.1992173	5.4565377	3.2940385	2.380799	2.3222635	4.6140676	3.0615208	7.3478417	4.351851	2.5353508	1.819174	4.507093	2.878628	3.6146646	4.1795106	7.205484	9.96952	2.3657115	6.104186	2.6786005	8.243519	5.5201073	1.7643417	5.341521	3.7442389	5.9181166	3.975348	4.2466416	6.1709166	3.7186813	7.4770393	2.1328607	8.5855055	7.699403	11.059121	12.366656	6.8359685	10.183087	8.249539	4.355788	6.1882944	10.309635	3.8154814	4.4364986	5.4869037	4.3361254	5.2731876	4.1319966	11.1286335	7.933123	4.506485	3.8202205	8.10947	12.092667	6.0361795	2.9543529	6.988148	2.3896658	3.6003442	4.6856995	8.791941	9.288493	2.924485	5.6152387	6.466675	7.7865076	7.2296405	4.234501	15.564794	9.872917	3.7203522	2.8740416	3.93534	4.187531	10.6381235	3.2829576	2.9646964	11.758875	9.042748	4.6741443	10.428083	15.586038
8	5.365107	5.869998	5.374857	5.3194256	6.2229576	3.7199428	4.3057423	4.68727	3.2101097	4.5001545	1.799637	5.0240846	2.5944972	8.473159	2.9008446	2.9142568	6.017599	3.1678846	2.2175202	8.106128	5.2603908	2.714298	10.068371	8.911663	12.029552	5.365107	5.01742	7.1606965	10.285398	4.871573	1.6972326	10.972032	6.9031067	6.122794	4.6253757	2.2842722	1.6995864	2.5274696	4.585435	5.4907026	5.533784	7.1784825	6.505336	5.4742293	4.680481	6.3505106	6.546175	5.1995964	4.7041926	5.0501685	6.1844654	3.825715	2.7632973	3.8738263	5.8007817	3.4396222	2.6177459	2.2686992	4.8226643	3.0670648	6.4130263	5.5606313	2.8856528	1.8041339	4.724385	3.506177	3.7853405	3.9721398	9.016611	9.928032	2.3359365	5.1771526	2.8875794	7.3342	4.80005	1.7849952	5.2637224	3.8130558	6.532764	3.9463158	4.116188	6.554435	4.0714855	7.9472313	2.4337027	10.84495	9.49002	11.420183	12.623606	5.922948	9.352156	9.747384	4.670822	5.593256	10.682912	3.7751055	4.5845165	5.1810126	4.149035	5.217394	4.3754554	11.994303	8.717855	4.177284	3.936002	7.7358646	12.11667	7.7072816	3.060164	6.547678	2.4270353	3.8840318	4.4444804	9.535413	9.508112	3.2409577	5.054038	6.393749	7.361806	7.0428185	4.2440658	16.141392	8.840668	3.8715541	2.7720418	3.7866356	4.6177273	9.640545	2.9191947	3.5865583	14.658581	9.371431	5.0274143	7.729239	13.726606
9	8.175747	4.7836504	5.4915514	5.0356956	6.930174	3.754333	4.749594	5.1931715	2.8346765	4.745293	1.7756379	5.3400736	2.449041	12.809983	2.998631	3.681793	6.2884197	3.1657407	3.5360718	5.404563	4.316272	4.2656045	10.607705	9.272121	12.954189	8.175747	6.2435875	6.7146163	10.691778	4.818766	1.8092268	6.0644364	8.98328	5.0623407	5.1563253	3.0029988	1.7577261	2.0743678	6.661389	4.2956824	4.4939284	5.121038	4.498101	4.736516	5.0692916	6.3969603	5.7389903	7.057968	4.705412	6.9593244	4.6662	3.7628207	3.0491495	2.049121	6.360488	3.3304963	2.3417542	2.4744112	4.954456	2.708247	6.815879	3.8307426	3.3543742	1.7215103	6.050243	7.003378	3.9352262	7.27381	10.640574	7.5620174	2.560507	4.8634768	2.2006593	5.2338214	4.588049	1.743357	5.3214874	3.6137106	7.930108	4.3993387	4.5330987	6.3721657	3.9971006	12.257673	3.656366	7.170627	6.88995	11.268938	10.831424	9.983736	11.636929	7.918093	2.5295463	4.0302114	11.792906	2.5843773	5.2290154	6.0754013	5.2361927	6.3652954	4.3509655	9.12741	10.860519	4.7351418	3.716152	9.143535	13.942109	10.906926	2.7024975	6.9005117	2.2195718	3.913899	2.7995353	6.202113	8.447883	3.678343	4.9851794	4.03392	6.822479	12.570164	4.393394	12.155417	12.668669	3.8893926	2.799659	3.9089751	3.7953784	11.501952	3.5292065	2.8297515	10.1892805	9.280048	4.615418	10.555761	18.6304
10	5.307249	6.3082323	5.477847	5.0463533	6.4947767	3.6302755	4.7017217	5.1525617	3.0358865	4.979459	1.7729353	5.2224855	2.3369215	12.309938	3.0294232	3.8105912	6.1279764	3.2153544	4.7094283	7.0914936	5.0252495	2.611419	11.98187	9.712636	13.039533	5.307249	4.9056187	7.810025	10.265537	4.8925	1.751626	7.6011763	8.068245	5.955283	5.1164346	3.1928816	1.7401456	2.3914013	4.726588	4.160782	4.584115	4.2669215	5.9856987	6.3721986	4.5311475	6.9558387	6.3232427	7.4727845	5.78631	6.284354	5.5397296	3.7321415	2.7039764	3.4983137	4.736476	2.884456	2.2808318	2.522321	4.6464787	2.6643019	7.06649	3.3479097	3.1935382	1.7710179	6.2177477	4.64971	3.9325068	6.2284036	11.619617	8.78157	2.6066449	4.076578	2.735196	7.1204276	4.5246673	1.7411807	5.4715786	3.6271331	6.109477	4.136122	4.0837507	5.5851407	3.899104	11.879773	3.758047	7.9489193	7.6376686	13.008375	12.900301	9.819826	12.144356	8.09905	2.4464064	4.4260273	11.503969	2.5481951	6.250353	5.2409554	4.518351	7.1455946	4.2870145	7.500121	9.828877	4.6646543	4.0016603	8.645847	13.586373	11.266331	2.7265167	6.6735973	2.5042775	3.9587126	2.5760646	7.964902	10.07187	3.6147168	4.762027	5.11599	8.814364	10.70963	4.273383	13.350927	12.236928	3.7555435	2.707437	3.7558756	4.3108706	11.930658	3.074638	3.5625844	11.107668	9.759233	4.7413287	11.296848	18.198456
11	6.2226753	7.2775965	5.3349156	4.874537	7.0310025	4.079253	4.641013	5.1887007	2.8852897	4.8392754	1.8136693	5.1014323	2.554328	12.268028	2.9765928	3.3473864	6.0378556	3.1552007	4.078836	4.8795576	4.3436847	4.369816	10.337826	6.867499	10.132689	6.2226753	5.2957926	7.308878	11.49035	4.7153573	1.6958189	7.97151	8.308732	5.5614905	5.241992	3.2878857	1.7760645	1.9520772	6.65118	5.143518	4.438312	4.6588955	6.6763926	5.315871	4.811258	6.3583093	5.507348	7.0755224	5.6268435	5.8968134	5.0339437	3.7995543	2.9192636	2.2617457	6.477378	3.4989426	2.4253657	2.4012291	4.6275053	2.9160614	6.9234805	3.9212508	3.187571	1.7745988	5.1340837	5.561412	3.7349553	3.6745083	12.630127	8.968616	2.315556	4.520401	2.375077	4.618687	4.454458	1.8056839	5.2987347	3.7020113	6.924752	4.270713	4.643027	6.0483785	3.7471354	11.782791	3.5981116	8.174614	7.2944794	14.825367	11.72698	10.018826	12.104303	8.094554	3.1927586	4.6604066	8.552016	3.275147	5.6099644	5.934594	4.2751126	5.257167	4.3455048	9.473637	11.765139	4.6601825	3.8471532	9.538837	13.656879	12.404589	2.7427533	6.882427	2.435344	3.8813665	2.4639425	8.358993	8.369905	3.6512206	4.8518667	5.8103185	6.818804	10.818899	4.2072687	16.043596	12.491348	3.771591	2.5499198	3.7056031	4.4858356	11.404849	3.3283331	2.8784714	12.520461	9.217922	4.571617	10.389365	17.512001
12	5.218938	5.8022833	5.534305	5.2564726	6.138467	3.7914112	4.6212645	4.899998	3.0567117	4.5692635	1.6959062	4.731596	2.4489162	8.971901	3.0146458	3.0566957	5.9817247	3.313789	2.3831294	8.160951	4.9530416	2.0719333	10.352054	8.186392	11.403733	5.218938	5.099904	7.101006	10.082642	4.6037045	1.8116577	10.715849	7.0554247	5.7208843	4.7106028	2.1522763	1.8387216	2.1653178	4.3072743	5.059853	5.3995748	6.8792505	6.4788666	5.1664686	3.822433	6.366263	6.1783023	5.5759945	4.4834905	4.39651	6.0688467	3.8626468	2.7659545	3.2277737	5.7332525	3.2303867	2.496898	2.4080894	4.4907904	3.1021423	7.3179636	4.5437098	3.2567925	1.7824982	5.098135	4.488407	3.6117306	4.163665	10.031442	9.452046	2.4707513	4.6613617	2.7445579	7.622876	4.9248877	1.678124	5.2783813	3.64508	6.2182407	3.7556343	3.9718106	5.7878675	3.827701	7.7038236	2.2701118	9.223669	8.305429	13.311356	13.470896	6.386022	9.91946	8.321636	4.6057925	5.2849336	9.884543	3.4903014	4.660408	4.6560926	4.261677	5.3851643	4.3853145	14.366268	9.640554	4.771121	3.7993011	7.7634153	11.574703	9.609897	3.0503414	6.2597904	3.3437247	3.626319	4.7583704	8.996287	8.826057	3.1491885	4.4178367	6.860511	6.8628426	5.8802886	4.3507476	16.31379	9.260069	3.7692833	2.7590058	3.6995802	3.8848438	10.024395	2.9792273	3.6635919	15.887306	10.003368	5.0906277	8.352825	13.521751
13	5.1862717	5.402937	5.5845666	4.987113	6.707702	4.098402	4.979287	5.1722817	3.0548496	4.769454	1.7232826	4.7886853	2.2171624	9.490007	3.0831442	2.8918839	6.388255	3.628912	3.4861736	6.314213	4.15207	3.386135	9.755861	8.026365	11.069678	5.1862717	6.928046	8.332384	11.373188	4.695442	1.7365195	8.474137	6.547938	5.068837	4.6209965	2.7094631	1.7774725	2.1122484	5.7042522	4.9860697	4.6709642	5.91487	7.1695557	7.032007	3.7485597	6.39353	6.215746	4.390022	3.6744235	7.5326543	4.7871165	3.7460897	3.0170674	2.276554	6.4950275	3.1476374	2.315903	2.5112133	4.792798	2.8457882	4.8537607	3.9498596	3.3748202	1.7969413	4.454076	5.5694723	3.9040127	2.7306602	11.945419	8.683491	2.471802	4.2935553	2.3599598	5.832991	4.4441524	1.78944	5.299707	3.6288998	7.9289713	4.005459	4.307679	6.6718054	3.8675704	7.4523215	2.909329	9.436027	8.543821	13.458002	11.971721	6.0776134	8.576791	8.875658	3.0679965	4.4606056	9.518202	3.8247204	5.0736	3.1004677	4.313908	3.3253264	3.964012	16.917223	12.013739	4.604836	3.8407931	6.0186124	11.2963	9.071461	2.957922	6.4297905	2.9281735	3.6050248	4.638159	8.128769	10.929351	3.3850384	4.5302978	4.2551737	9.285484	5.5832443	4.379794	15.369712	9.384851	3.9355552	2.899759	3.8344235	4.1560802	10.137318	3.069755	4.6156707	14.659735	9.743461	5.107976	8.001712	15.335562
14	5.12298	5.84375	5.4058304	5.168026	6.2012463	3.7215605	4.608263	4.6952434	3.0631533	5.051445	1.6883409	5.1685	2.3757353	11.14868	3.0190408	3.7597065	6.0851383	3.525692	2.0232153	8.929149	4.960947	2.2443275	7.023965	6.2729645	5.85247	5.12298	3.2279263	8.318444	12.815919	4.8112645	1.7332352	7.5773993	7.8349237	5.1711054	5.1588864	3.0753353	1.7261262	2.0989065	4.3455024	5.994062	5.5414433	6.890007	4.362957	5.9848237	4.414001	6.5984564	5.8385715	6.8610783	5.62864	6.630177	4.774203	3.5791337	2.8386292	3.3443377	6.1271915	3.3564744	2.5340486	2.5253897	4.7481055	3.000434	6.941545	4.3616614	2.9378388	1.8151014	4.6595583	5.538602	3.9116378	5.4665227	12.208429	9.26143	2.4001868	4.5717535	2.816257	9.117828	6.5844784	1.7453383	5.3785496	3.7104201	6.4248705	3.7342067	3.9002934	6.767496	3.4196625	6.3712664	2.3364284	7.081766	6.4990444	13.820375	8.820713	7.1998672	10.122357	8.5717745	4.6997995	6.206336	5.138171	3.7063866	4.3332877	3.834975	5.012445	5.1394725	4.283047	13.604559	12.570876	4.7398977	3.8550367	8.267185	12.793802	11.286285	2.9504042	7.012411	2.1376162	4.1303473	4.3306	7.5681047	8.514048	3.816029	5.157345	3.5580053	6.0243015	7.9028807	4.181916	15.751805	10.823274	3.9651105	2.820444	3.9112945	4.4196606	11.348078	3.2060256	3.3185217	13.468843	9.362951	4.635235	10.758319	16.67699
