0	-21.6371	-14.6292	7.5549	18.2637	32.3166	26.7657	5.7604	27.0751	-28.1656	-25.3065	0.7665	24.2666	27.4578	28.4863	-4.0891	1.3181	17.1832	18.7865	17.8029	-2.1794	15.8228	-2.4863	-27.7163	7.126	26.4774	28.0319	25.412	6.8445	-0.5163	6.8168	-9.126	-1.8899	8.1881	1.1156	11.9277	11.5118
1	-20.0091	-10.0644	-4.3853	15.2994	26.6202	19.4068	10.6762	19.6018	-23.2513	-5.9092	2.2342	10.0452	26.0524	27.2627	-5.5047	-1.6367	8.152	16.1556	3.0941	-3.5469	-5.6725	11.1301	4.6606	8.2676	16.1371	15.7124	19.2281	2.1664	14.2802	15.4051	-2.9212	-4.5453	7.7076	-2.8881	13.3874	25.6672
2	-32.8498	-27.5531	-12.155	25.0239	34.863	22.8789	13.57	32.8463	-22.1333	-0.8279	8.8926	29.6735	33.225	35.6284	-7.8455	0.1055	25.5706	23.0311	18.6484	-7.8341	2.3783	9.9845	-3.9331	-10.9773	18.8534	20.7276	10.1678	4.4808	24.6721	32.3441	0.2892	-9.6912	24.8941	-1.9496	10.1006	28.8598
3	-27.7272	-1.96	-2.1861	8.8207	26.5594	23.0819	18.1336	26.138	7.4799	-23.7417	5.5236	22.2557	26.9678	28.6679	16.4033	11.4409	20.1324	27.3254	25.9254	-0.9769	-27.4438	-8.063	-22.9844	20.5251	9.3544	17.2109	24.6557	17.7063	8.9367	4.1126	-6.5847	15.7254	11.4493	13.7569	20.5285	16.9117
4	-23.2919	-15.1401	-0.7325	31.0924	35.2298	36.6096	7.8559	24.219	-7.8945	-14.5182	10.1871	29.9529	44.445	44.054	-7.7923	1.3181	23.7906	16.9186	8.0891	-0.5529	-18.5613	24.5097	-13.0784	-3.2998	23.468	21.3936	9.2501	13.2815	10.516	-36.5594	-3.1013	-4.3308	9.5306	-0.3176	6.0094	22.111
5	-27.7483	-1.4779	14.4273	27.4988	30.52	20.3049	2.5471	29.7951	-18.0771	-9.3798	7.2221	19.0512	28.9588	24.7809	2.2974	9.7018	-6.3842	8.2691	18.1061	-0.9331	22.844	-2.7099	-21.1918	11.8254	18.0899	24.9147	22.993	11.4973	19.1322	21.8721	-11.5368	0.0663	16.0003	4.0037	25.4693	6.4697
6	-27.4419	-20.1108	4.1631	19.9905	24.8205	26.7542	8.4672	20.5732	-12.6505	-8.9879	9.2634	19.4138	25.9123	13.3519	2.1155	5.0717	4.0117	11.1148	12.7197	6.3183	-9.0593	4.1364	5.7128	8.0309	14.6794	17.7103	7.6522	2.7044	4.6749	7.373	-4.3968	3.9816	12.5851	4.5894	14.6449	-7.7507
7	-33.858	-6.0868	17.7447	35.2823	36.5862	29.7497	8.8345	30.7295	-31.0472	-5.0551	7.934	11.9516	23.4865	36.9265	4.9555	4.4551	31.0876	7.033	15.7178	0.0193	-30.7362	11.4286	5.3211	-11.0762	13.6813	19.9062	22.2088	13.808	6.8007	-33.3635	2.7665	9.0136	32.5368	-0.7865	-6.0492	6.8779
8	-27.5198	-7.6946	3.0174	29.4183	33.4404	32.8648	-1.7027	41.2192	-19.5823	-11.6433	8.3527	25.7286	35.0214	41.3844	-5.4467	1.3926	-4.6519	27.7682	13.9498	-1.8863	0.099	-10.0585	-8.8749	-3.16	19.6203	25.0807	18.6331	1.6875	3.6844	7.5927	-17.922	-4.6722	13.4484	-0.8632	6.0541	6.8134
9	-27.6414	-11.5249	1.4271	15.2968	22.393	22.2292	8.6145	20.1281	-11.7971	-7.3457	11.3587	10.6194	19.4744	18.8021	0.9564	9.3499	14.3345	10.4499	16.3623	8.5971	-11.386	0.106	1.1694	8.7587	11.9393	20.4495	12.4415	6.373	8.8229	-0.7704	2.5165	5.313	10.6747	7.8077	17.9307	-2.3322
