frame G1:C1-C2 G1:C3-C4 G1:C1-CC G2:C1-C2 G2:C3-C4 G2:C1-CC C3:C1-C2 C3:C3-C4 C3:C1-CC A4:C1-C2 A4:C3-C4 A4:C1-CC C5:C1-C2 C5:C3-C4 C5:C1-CC G6:C1-C2 G6:C3-C4 G6:C1-CC C7:C1-C2 C7:C3-C4 C7:C1-CC A8:C1-C2 A8:C3-C4 A8:C1-CC A9:C1-C2 A9:C3-C4 A9:C1-CC G10:C1-C2 G10:C3-C4 G10:C1-CC U11:C1-C2 U11:C3-C4 U11:C1-CC G12:C1-C2 G12:C3-C4 G12:C1-CC C13:C1-C2 C13:C3-C4 C13:C1-CC C14:C1-C2 C14:C3-C4 C14:C1-CC G1:C4p-P-plus G1:C3p-P-plus G2:C4p-P G2:C5p-P G2:C5s-P G2:C4p-P-plus G2:C3p-P-plus C3:C4p-P C3:C5p-P C3:C5s-P C3:C4p-P-plus C3:C3p-P-plus A4:C4p-P A4:C5p-P A4:C5s-P A4:C4p-P-plus A4:C3p-P-plus C5:C4p-P C5:C5p-P C5:C5s-P C5:C4p-P-plus C5:C3p-P-plus G6:C4p-P G6:C5p-P G6:C5s-P G6:C4p-P-plus G6:C3p-P-plus C7:C4p-P C7:C5p-P C7:C5s-P C7:C4p-P-plus C7:C3p-P-plus A8:C4p-P A8:C5p-P A8:C5s-P A8:C4p-P-plus A8:C3p-P-plus A9:C4p-P A9:C5p-P A9:C5s-P A9:C4p-P-plus A9:C3p-P-plus G10:C4p-P G10:C5p-P G10:C5s-P G10:C4p-P-plus G10:C3p-P-plus U11:C4p-P U11:C5p-P U11:C5s-P U11:C4p-P-plus U11:C3p-P-plus G12:C4p-P G12:C5p-P G12:C5s-P G12:C4p-P-plus G12:C3p-P-plus C13:C4p-P C13:C5p-P C13:C5s-P C13:C4p-P-plus C13:C3p-P-plus C14:C4p-P C14:C5p-P C14:C5s-P
0 -9.4886e+00 1.4490e+01 -7.7178e-01 -9.2441e+00 1.5362e+01 7.1227e-01 -9.5535e+00 1.3310e+01 3.1278e-01 -9.3794e+00 1.3755e+01 2.0219e+00 -9.0537e+00 1.4604e+01 -8.7499e-01 -8.5957e+00 1.7943e+01 3.7486e-01 -8.3153e+00 1.7723e+01 -4.7656e+00 -9.0044e+00 1.7095e+01 -1.7943e+00 -9.1970e+00 1.4246e+01 -6.0829e-01 -9.5183e+00 1.4614e+01 -9.2640e-01 -9.5081e+00 1.4277e+01 -1.2191e+00 -9.5549e+00 1.5024e+01 5.0556e-01 -9.6000e+00 1.4079e+01 -6.4817e-01 -9.1872e+00 1.4434e+01 -1.1156e+00 -1.6509e+01 -1.0134e+01 -1.8082e+01 -9.2451e+00 1.2334e+01 -1.8769e+01 -9.9409e+00 -1.6688e+01 -6.7246e+00 1.1714e+01 -1.4819e+01 -8.8431e+00 -1.9498e+01 -4.8550e+00 1.0729e+01 -1.7291e+01 -9.7536e+00 -1.9279e+01 -4.7669e+00 1.0311e+01 -1.0992e+01 -7.4551e+00 -1.7659e+01 -5.0087e+00 1.1307e+01 -9.8627e+00 -9.6697e+00 1.4874e+01 -1.5574e+01 5.3160e+00 -9.6673e+00 -8.0620e+00 -1.4747e+01 -6.8558e+00 1.3365e+01 -1.3978e+01 -1.0779e+01 -1.5807e+01 -6.1748e+00 1.2813e+01 -1.9950e+01 -1.3746e+01 -5.4836e+00 -2.9645e+00 -2.6671e+00 -1.6391e+01 -1.1532e+01 -1.9444e+01 -6.5063e+00 1.1642e+01 -1.6104e+01 -9.9921e+00 -1.9253e+01 -6.0183e+00 1.1247e+01 -1.8431e+01 -9.7364e+00 -1.7464e+01 -6.2384e+00 1.1571e+01 -1.5850e+01 -1.0466e+01 -1.9683e+01 -7.6274e+00 1.1410e+01
1 -9.5283e+00 1.4422e+01 -1.8389e+00 -9.1513e+00 1.5575e+01 7.8232e-01 -9.6536e+00 1.4533e+01 -3.0089e-01 -9.4073e+00 1.4120e+01 7.5227e-01 -9.0636e+00 1.4462e+01 -1.3675e+00 -8.7178e+00 1.8199e+01 7.7008e-01 -8.4065e+00 1.7751e+01 -4.6843e+00 -8.7117e+00 1.6368e+01 -1.6042e+00 -8.8437e+00 1.6657e+01 -5.1604e-01 -9.4881e+00 1.4932e+01 -1.7528e+00 -9.2486e+00 1.5714e+01 -1.2745e+00 -9.5558e+00 1.4528e+01 -3.1903e-01 -9.5798e+00 1.4976e+01 -7.3607e-01 -9.4206e+00 1.5537e+01 -9.7073e-01 -1.3924e+01 -1.0151e+01 -1.9321e+01 -8.6579e+00 1.2887e+01 -1.8697e+01 -1.1169e+01 -1.7916e+01 -5.9414e+00 1.2006e+01 -1.6881e+01 -1.0096e+01 -1.8855e+01 -4.4765e+00 1.0143e+01 -1.7593e+01 -1.3340e+01 -2.0698e+01 -6.1890e+00 1.0818e+01 -1.2743e+01 -7.3787e+00 -1.7611e+01 -5.1485e+00 1.1583e+01 -1.3267e+01 -1.1682e+01 1.5171e+01 -1.8672e+01 5.2959e+00 -1.0827e+01 -1.1232e+01 -1.6255e+01 -5.5181e+00 1.2312e+01 -1.3366e+01 -1.1593e+01 -1.5576e+01 -5.9422e+00 1.2844e+01 -1.9333e+01 -1.4336e+01 -3.6034e+00 -1.0218e+00 -5.9594e+00 -1.5201e+01 -1.0387e+01 -1.8327e+01 -1.0056e+01 1.3273e+01 -1.9383e+01 -1.1520e+01 -1.7821e+01 -6.2152e+00 1.1978e+01 -1.7512e+01 -1.1222e+01 -1.8947e+01 -5.5117e+00 1.1509e+01 -1.8040e+01 -1.2206e+01 -1.9120e+01 -5.1034e+00 9.3564e+00
2 -9.6074e+00 1.4327e+01 -3.1358e+00 -9.4095e+00 1.4757e+01 -2.0613e-01 -9.5550e+00 1.3798e+01 -4.7066e-02 -9.2340e+00 1.4370e+01 2.6367e+00 -9.1647e+00 1.5042e+01 -1.6456e+00 -8.5747e+00 1.8262e+01 6.6787e-01 -8.6359e+00 1.7574e+01 -4.7178e+00 -9.2031e+00 1.7193e+01 -2.0341e+00 -9.4522e+00 1.6707e+01 -2.2869e+00 -9.6964e+00 1.2036e+01 1.1432e+00 -9.5633e+00 1.4383e+01 -1.0890e+00 -9.5569e+00 1.4275e+01 1.6468e-01 -9.6342e+00 1.5222e+01 -1.3458e+00 -9.5306e+00 1.5434e+01 -1.3030e+00 -1.5120e+01 -1.0770e+01 -1.8970e+01 -9.0259e+00 1.3060e+01 -1.9053e+01 -1.1803e+01 -1.8236e+01 -5.7295e+00 1.0795e+01 -1.5966e+01 -8.9081e+00 -1.9554e+01 -7.1524e+00 1.1702e+01 -1.4253e+01 -8.4495e+00 -1.9464e+01 -3.0367e+00 9.2525e+00 -1.2016e+01 -6.1592e+00 -1.7166e+01 -5.8081e+00 1.1865e+01 -1.2016e+01 -1.0909e+01 1.4408e+01 -1.8968e+01 5.4655e+00 -1.1134e+01 -9.8920e+00 -1.6560e+01 -4.2308e+00 1.1724e+01 -1.3723e+01 -1.0670e+01 -1.5632e+01 -4.0088e+00 1.1826e+01 -6.1766e+00 -5.9891e+00 -1.5225e+01 -4.9667e+00 1.2393e+01 -1.8137e+01 -1.3214e+01 -1.8799e+01 -5.8945e+00 1.0934e+01 -1.7038e+01 -1.0066e+01 -1.9348e+01 -5.5692e+00 1.0979e+01 -1.7681e+01 -9.6657e+00 -1.8616e+01 -5.2612e+00 1.0995e+01 -1.7007e+01 -1.2281e+01 -1.9169e+01 -6.4982e+00 1.0202e+01
3 -9.3705e+00 1.5308e+01 -1.0687e+00 -9.1783e+00 1.4547e+01 6.7311e-01 -9.5941e+00 1.4528e+01 -1.1500e-02 -9.4450e+00 1.4551e+01 1.6886e+00 -9.0534e+00 1.5125e+01 -2.2204e+00 -8.6513e+00 1.8224e+01 -1.1895e-01 -8.4124e+00 1.7124e+01 -4.6552e+00 -8.8737e+00 1.6818e+01 -1.9891e+00 -9.3699e+00 1.6896e+01 -2.1867e+00 -9.6639e+00 1.2214e+01 -1.1296e-01 -9.2363e+00 1.4542e+01 -1.4194e+00 -9.6037e+00 1.4185e+01 4.3100e-01 -9.6132e+00 1.4405e+01 -9.8956e-01 -9.1425e+00 1.4629e+01 -1.1009e+00 -1.6284e+01 -1.0133e+01 -1.8733e+01 -9.8172e+00 1.2945e+01 -1.9218e+01 -1.0017e+01 -1.6799e+01 -7.1422e+00 1.2251e+01 -1.5693e+01 -9.1531e+00 -1.8510e+01 -7.4947e+00 1.1899e+01 -1.7016e+01 -9.3721e+00 -1.9339e+01 -6.5965e+00 1.1705e+01 -1.2149e+01 -5.6396e+00 -1.7060e+01 -5.1743e+00 1.1745e+01 -1.1361e+01 -1.0418e+01 1.4703e+01 -1.7566e+01 5.4786e+00 -1.0638e+01 -9.5021e+00 -1.6041e+01 -4.7912e+00 1.2076e+01 -1.2805e+01 -1.0816e+01 -1.6194e+01 -1.7118e+00 1.0423e+01 -5.9491e+00 -4.4168e+00 -1.6561e+01 4.0985e+00 6.1104e+00 -1.6731e+01 -1.3304e+01 -1.9192e+01 -7.0646e+00 1.0928e+01 -1.9574e+01 -1.2079e+01 -1.8792e+01 -6.6345e+00 1.2319e+01 -1.8438e+01 -9.7504e+00 -1.8042e+01 -5.0880e+00 1.0475e+01 -1.7711e+01 -1.1679e+01 -1.8604e+01 -8.0462e+00 1.0713e+01
4 -9.5502e+00 1.4838e+01 -8.7005e-01 -9.5687e+00 1.3871e+01 -1.4128e-01 -9.5742e+00 1.3564e+01 -3.2624e-02 -9.0891e+00 1.3783e+01 2.2634e+00 -9.0772e+00 1.5159e+01 -1.6782e+00 -8.6312e+00 1.8268e+01 3.2239e-01 -8.1120e+00 1.6712e+01 -4.6351e+00 -8.8945e+00 1.7359e+01 -1.3768e+00 -9.2945e+00 1.5888e+01 -2.5068e-01 -9.6488e+00 1.2309e+01 -1.7048e+00 -9.5842e+00 1.3955e+01 -1.1628e+00 -9.5129e+00 1.4650e+01 2.4434e-01 -9.6607e+00 1.4007e+01 -8.4849e-01 -9.1752e+00 1.3920e+01 -8.9726e-01 -1.6305e+01 -1.0702e+01 -1.7781e+01 -9.2339e+00 1.3023e+01 -1.8794e+01 -1.1665e+01 -1.8896e+01 -3.9805e+00 1.0321e+01 -1.8338e+01 -1.1279e+01 -1.8644e+01 -2.8628e+00 8.3258e+00 -1.5280e+01 -1.0333e+01 -1.9583e+01 -5.2701e+00 1.0505e+01 -1.2957e+01 -7.0043e+00 -1.7082e+01 -6.2230e+00 1.2138e+01 -1.1537e+01 -1.0329e+01 1.4785e+01 -1.8241e+01 5.4827e+00 -9.5207e+00 -8.9760e+00 -1.6299e+01 -5.4571e+00 1.2367e+01 -1.3838e+01 -1.1883e+01 -1.5939e+01 -7.0029e+00 1.3169e+01 -1.9616e+01 -1.3897e+01 -5.5218e+00 -2.9445e+00 -4.4928e+00 -1.8137e+01 -1.2065e+01 -1.8665e+01 -7.3838e+00 1.1716e+01 -1.6061e+01 -9.5117e+00 -1.9468e+01 -4.1593e+00 1.0255e+01 -1.8947e+01 -1.1247e+01 -1.7921e+01 -3.7799e+00 9.4499e+00 -1.7237e+01 -1.3331e+01 -1.9754e+01 -6.4069e+00 1.0744e+01
5 -9.3486e+00 1.5353e+01 -9.9387e-01 -9.1625e+00 1.4541e+01 9.6816e-01 -9.6456e+00 1.4405e+01 3.2763e-01 -9.5378e+00 1.4352e+01 2.0740e+00 -9.0313e+00 1.5579e+01 -1.5635e+00 -8.7530e+00 1.8073e+01 -2.5956e-01 -8.3570e+00 1.6774e+01 -4.5908e+00 -8.6531e+00 1.5939e+01 -1.8377e+00 -9.1122e+00 1.6894e+01 -1.9515e+00 -9.7176e+00 1.4064e+01 3.0186e-01 -9.2306e+00 1.5287e+01 -2.0539e+00 -9.6779e+00 1.4038e+01 4.1052e-01 -9.6274e+00 1.4358e+01 -1.0078e+00 -9.1288e+00 1.4628e+01 -1.0171e+00 -1.6354e+01 -1.0205e+01 -1.8798e+01 -1.0454e+01 1.3215e+01 -1.9515e+01 -1.0559e+01 -1.7265e+01 -6.8415e+00 1.1556e+01 -1.6177e+01 -9.7068e+00 -1.8881e+01 -7.1506e+00 1.1381e+01 -1.7723e+01 -1.1208e+01 -1.9253e+01 -6.1614e+00 1.0021e+01 -1.1849e+01 -6.7427e+00 -1.7316e+01 -4.8529e+00 1.1870e+01 -1.2715e+01 -1.0801e+01 1.4047e+01 -1.8280e+01 5.5319e+00 -1.0280e+01 -8.8963e+00 -1.5888e+01 -4.2190e+00 1.1744e+01 -1.2551e+01 -9.4471e+00 -1.6286e+01 -9.7262e-01 9.9887e+00 -5.5183e+00 -5.4407e+00 -1.6999e+01 -4.1328e+00 1.1858e+01 -1.7367e+01 -1.2386e+01 -1.7832e+01 -8.7676e+00 1.1994e+01 -1.9042e+01 -1.1197e+01 -1.8181e+01 -7.8284e+00 1.3124e+01 -1.8258e+01 -9.2654e+00 -1.7756e+01 -5.3811e+00 1.1176e+01 -1.7583e+01 -1.1204e+01 -1.8537e+01 -8.2672e+00 1.1034e+01
6 -9.3747e+00 1.4345e+01 -2.0842e+00 -9.0907e+00 1.4714e+01 1.1063e+00 -9.4254e+00 1.3426e+01 1.3049e-01 -9.5571e+00 1.4258e+01 1.8059e+00 -9.2704e+00 1.4685e+01 -2.3624e+00 -8.9223e+00 1.7706e+01 -5.2128e-01 -8.1254e+00 1.6962e+01 -4.8027e+00 -8.8799e+00 1.7190e+01 -2.1753e+00 -9.2016e+00 1.5617e+01 -2.4174e+00 -9.7233e+00 1.4134e+01 -4.1804e-01 -9.5365e+00 1.4456e+01 -2.3097e+00 -9.4557e+00 1.4538e+01 -3.3244e-01 -9.5916e+00 1.5123e+01 -1.4065e+00 -9.2594e+00 1.4722e+01 -1.1691e+00 -1.4467e+01 -1.0650e+01 -1.9621e+01 -8.5150e+00 1.2833e+01 -1.8543e+01 -1.0116e+01 -1.8057e+01 -7.0145e+00 1.2577e+01 -1.4470e+01 -8.0817e+00 -1.8725e+01 -7.0166e+00 1.1382e+01 -1.9585e+01 -1.0679e+01 -1.9069e+01 -7.9140e+00 1.1751e+01 -1.3487e+01 -6.5165e+00 -1.7591e+01 -3.9918e+00 1.1050e+01 -1.1642e+01 -1.0958e+01 1.3853e+01 -1.6606e+01 5.3368e+00 -9.1065e+00 -7.8996e+00 -1.6395e+01 -3.0370e+00 1.1030e+01 -1.3423e+01 -1.0579e+01 -1.6212e+01 -1.0363e+00 1.0053e+01 -4.4557e+00 -3.7615e+00 -1.7237e+01 -1.2349e+00 1.0199e+01 -1.9218e+01 -1.3982e+01 -1.7754e+01 -7.8688e+00 1.1945e+01 -1.8162e+01 -1.1345e+01 -1.9134e+01 -6.0360e+00 1.1600e+01 -1.6959e+01 -1.0002e+01 -1.9012e+01 -4.6078e+00 1.0859e+01 -1.7104e+01 -1.1467e+01 -1.9247e+01 -8.1085e+00 1.1242e+01
7 -9.5400e+00 1.5193e+01 -9.2896e-01 -9.4851e+00 1.5762e+01 4.9343e-01 -9.7265e+00 1.3900e+01 -3.5436e-01 -9.4822e+00 1.3624e+01 1.5194e+00 -9.1311e+00 1.4449e+01 -1.1872e+00 -8.6434e+00 1.8447e+01 1.5404e-01 -8.5365e+00 1.6585e+01 -4.7258e+00 -8.6122e+00 1.6668e+01 -1.6809e+00 -9.0993e+00 1.6506e+01 -4.9692e-01 -9.5506e+00 1.3216e+01 -2.0639e+00 -9.5392e+00 1.3097e+01 -4.5156e-01 -9.0472e+00 1.1942e+01 1.3757e+00 -9.5889e+00 1.4784e+01 -1.3856e-01 -9.0326e+00 1.4375e+01 -8.7419e-01 -1.5983e+01 -1.0782e+01 -1.8553e+01 -8.9887e+00 1.2954e+01 -1.7506e+01 -1.0627e+01 -1.8316e+01 -7.5985e+00 1.2883e+01 -1.9113e+01 -1.0891e+01 -1.8869e+01 -5.1156e+00 1.0646e+01 -1.7693e+01 -1.0420e+01 -1.8300e+01 -5.6420e+00 1.0214e+01 -1.0328e+01 -5.8490e+00 -1.7439e+01 -4.5156e+00 1.1294e+01 -1.1594e+01 -1.0478e+01 1.3380e+01 -1.7010e+01 5.3726e+00 -9.9484e+00 -8.6656e+00 -1.5647e+01 -5.5436e+00 1.2528e+01 -1.3448e+01 -1.0593e+01 -1.5308e+01 -5.5522e+00 1.2690e+01 -1.9294e+01 -1.4491e+01 -4.9454e+00 -2.1880e+00 -5.3840e+00 -1.7457e+01 -1.0823e+01 -1.8855e+01 -8.7938e+00 1.2962e+01 -1.4935e+01 -9.0143e+00 -1.8761e+01 -7.6301e+00 1.1679e+01 -1.8556e+01 -1.1588e+01 -1.9497e+01 -3.6039e+00 1.0154e+01 -1.9081e+01 -1.1874e+01 -1.8915e+01 -8.4014e+00 1.1092e+01
8 -9.5292e+00 1.4365e+01 -1.6223e+00 -9.2558e+00 1.3866e+01 6.5175e-01 -9.6247e+00 1.3633e+01 7.1699e-01 -9.2622e+00 1.3195e+01 2.4508e+00 -8.9633e+00 1.5186e+01 -1.6630e+00 -8.5769e+00 1.8435e+01 3.6193e-01 -8.3557e+00 1.7074e+01 -4.5578e+00 -9.0470e+00 1.7338e+01 -2.1133e+00 -9.3741e+00 1.5398e+01 -2.3485e+00 -9.6098e+00 1.2314e+01 8.3006e-01 -9.3398e+00 1.5995e+01 -1.3144e+00 -9.4501e+00 1.4533e+01 8.6224e-01 -9.5977e+00 1.4199e+01 -9.3569e-01 -9.0840e+00 1.5151e+01 -1.0778e+00 -1.7467e+01 -1.0535e+01 -1.8136e+01 -1.0425e+01 1.3143e+01 -1.9276e+01 -1.1134e+01 -1.8458e+01 -4.6213e+00 1.1231e+01 -1.8291e+01 -1.1760e+01 -1.8571e+01 -4.4422e+00 9.4980e+00 -1.5766e+01 -9.5493e+00 -1.9478e+01 -3.8616e+00 9.4597e+00 -1.2257e+01 -6.3941e+00 -1.6964e+01 -5.4692e+00 1.1905e+01 -1.1538e+01 -1.0469e+01 1.4158e+01 -1.8584e+01 5.5280e+00 -1.0489e+01 -9.0558e+00 -1.6420e+01 -3.6547e+00 1.1428e+01 -1.3357e+01 -1.0911e+01 -1.5827e+01 -3.7418e+00 1.1652e+01 -5.1794e+00 -5.3496e+00 -1.6098e+01 -2.9493e+00 1.1159e+01 -1.7739e+01 -1.3166e+01 -1.8270e+01 -5.9416e+00 1.1152e+01 -1.6001e+01 -9.3826e+00 -1.9055e+01 -5.8630e+00 1.1560e+01 -1.8561e+01 -1.0478e+01 -1.8782e+01 -3.5173e+00 1.0905e+01 -1.6441e+01 -1.1201e+01 -1.9233e+01 -7.7875e+00 1.1293e+01
9 -9.4979e+00 1.4392e+01 -1.7754e+00 -9.2651e+00 1.3873e+01 7.3023e-01 -9.6016e+00 1.3660e+01 7.3324e-01 -9.2561e+00 1.3202e+01 2.4576e+00 -8.9665e+00 1.5186e+01 -1.6132e+00 -8.6994e+00 1.7880e+01 3.7036e-02 -8.5143e+00 1.6593e+01 -4.7519e+00 -8.7466e+00 1.6621e+01 -1.9256e+00 -9.2897e+00 1.6212e+01 -1.9797e+00 -9.6205e+00 1.2266e+01 1.0070e+00 -9.3378e+00 1.6011e+01 -1.3965e+00 -9.4393e+00 1.4553e+01 1.0082e+00 -9.5674e+00 1.4251e+01 -1.0509e+00 -9.0976e+00 1.5122e+01 -9.7479e-01 -1.7542e+01 -1.0606e+01 -1.8314e+01 -1.0425e+01 1.3069e+01 -1.9562e+01 -1.1033e+01 -1.7303e+01 -5.2886e+00 1.0556e+01 -1.8302e+01 -1.1651e+01 -1.8529e+01 -5.4284e+00 1.0261e+01 -1.5957e+01 -9.6685e+00 -1.9473e+01 -3.6880e+00 9.3163e+00 -1.3070e+01 -7.0611e+00 -1.6982e+01 -5.4406e+00 1.1880e+01 -1.1052e+01 -1.0182e+01 1.2705e+01 -1.6943e+01 5.3007e+00 -1.0007e+01 -8.6169e+00 -1.5905e+01 -4.4670e+00 1.1936e+01 -1.2863e+01 -9.8877e+00 -1.5801e+01 -2.4701e+00 1.0925e+01 -6.7789e+00 -6.0018e+00 -1.6008e+01 -3.0439e+00 1.1222e+01 -1.7692e+01 -1.3160e+01 -1.8230e+01 -5.8564e+00 1.1106e+01 -1.6023e+01 -9.5977e+00 -1.9105e+01 -6.4413e+00 1.1833e+01 -1.8814e+01 -1.0342e+01 -1.7852e+01 -3.6807e+00 1.0036e+01 -1.6436e+01 -1.1472e+01 -1.9321e+01 -7.9730e+00 1.1282e+01
