frame G1:C1-C2 G1:C3-C4 G1:C1-CC G2:C1-C2 G2:C3-C4 G2:C1-CC C3:C1-C2 C3:C3-C4 C3:C1-CC A4:C1-C2 A4:C3-C4 A4:C1-CC C5:C1-C2 C5:C3-C4 C5:C1-CC G6:C1-C2 G6:C3-C4 G6:C1-CC C7:C1-C2 C7:C3-C4 C7:C1-CC A8:C1-C2 A8:C3-C4 A8:C1-CC A9:C1-C2 A9:C3-C4 A9:C1-CC G10:C1-C2 G10:C3-C4 G10:C1-CC URI11:C1-C2 URI11:C3-C4 URI11:C1-CC G12:C1-C2 G12:C3-C4 G12:C1-CC C13:C1-C2 C13:C3-C4 C13:C1-CC C14:C1-C2 C14:C3-C4 C14:C1-CC G1:C4p-P-plus G1:C3p-P-plus G2:C4p-P G2:C5p-P G2:C5s-P G2:C4p-P-plus G2:C3p-P-plus C3:C4p-P C3:C5p-P C3:C5s-P C3:C4p-P-plus C3:C3p-P-plus A4:C4p-P A4:C5p-P A4:C5s-P A4:C4p-P-plus A4:C3p-P-plus C5:C4p-P C5:C5p-P C5:C5s-P C5:C4p-P-plus C5:C3p-P-plus G6:C4p-P G6:C5p-P G6:C5s-P G6:C4p-P-plus G6:C3p-P-plus C7:C4p-P C7:C5p-P C7:C5s-P C7:C4p-P-plus C7:C3p-P-plus A8:C4p-P A8:C5p-P A8:C5s-P A8:C4p-P-plus A8:C3p-P-plus A9:C4p-P A9:C5p-P A9:C5s-P A9:C4p-P-plus A9:C3p-P-plus G10:C4p-P G10:C5p-P G10:C5s-P G10:C4p-P-plus G10:C3p-P-plus URI11:C4p-P URI11:C5p-P URI11:C5s-P URI11:C4p-P-plus URI11:C3p-P-plus G12:C4p-P G12:C5p-P G12:C5s-P G12:C4p-P-plus G12:C3p-P-plus C13:C4p-P C13:C5p-P C13:C5s-P C13:C4p-P-plus C13:C3p-P-plus C14:C4p-P C14:C5p-P C14:C5s-P
0 -4.0627e+00 1.4986e+01 1.5692e-01 -7.6813e+00 1.5658e+01 -3.3406e+00 -6.0048e+00 1.5633e+01 -1.6893e+00 -6.7715e+00 1.2411e+01 -8.7319e-01 -6.0005e+00 1.4488e+01 -1.9881e+00 -6.5932e+00 1.5702e+01 -9.7304e-02 1.2105e+01 -5.1907e+00 -4.7350e-01 -4.8776e-01 1.4820e+01 8.1538e+00 -7.5993e+00 7.7409e+00 6.1353e+00 -8.1929e+00 9.5139e+00 -5.2957e+00 -5.9404e+00 1.6339e+01 -3.0373e+00 -8.3825e+00 1.3627e+01 2.4196e-01 -6.0056e+00 1.2464e+01 -2.1429e+00 -1.3033e+00 1.3111e+01 -9.8739e-01 -2.1648e+01 -1.3944e+01 -2.0694e+01 1.0305e+01 -6.3152e+00 -1.7047e+01 -1.1741e+01 -1.6662e+01 -1.1265e+01 1.5085e+01 -1.5018e+01 -7.5948e+00 -2.1451e+01 1.4955e+01 -5.2126e+00 -1.8330e+01 -8.5758e+00 -1.6574e+01 6.9932e+00 3.5273e+00 -1.5716e+01 -7.9183e+00 -9.7673e+00 -3.3170e+00 -1.0984e+00 -7.2292e+00 1.4116e+00 1.6354e+01 -6.7902e+00 -6.5576e+00 -6.0611e+00 5.7785e+00 -1.6524e+01 1.2430e+01 -1.3070e+01 -1.3920e+01 -3.1800e+00 -1.3979e+01 -7.5304e+00 -1.6691e+01 7.7787e+00 7.9136e+00 1.4916e+00 1.5887e+01 -5.1838e+00 -1.9436e+01 -1.0246e+01 -1.3776e+01 -7.6258e+00 1.3724e+01 -1.4280e+01 -5.6062e+00 -1.5573e+01 7.7697e+00 -3.6866e+00 -1.9252e+01 -1.3269e+01 -1.6807e+01 -1.9004e+00 9.5441e+00 -1.3226e+01 -1.4031e+01 -1.8121e+01 -3.4272e+00 8.0122e+00
1 -5.0431e+00 1.2214e+01 -7.7143e-01 -7.2365e+00 1.5017e+01 -2.4675e+00 -5.8525e+00 1.4303e+01 -1.7996e+00 -7.7784e+00 1.2351e+01 -2.2042e-01 -5.4563e+00 1.2842e+01 -1.8996e+00 -7.7308e+00 1.5811e+01 1.0408e+00 -3.3585e-01 6.5382e+00 2.0450e+00 -6.7810e+00 1.2406e+01 7.9103e+00 -7.8869e+00 1.1646e+01 6.1539e+00 -7.9509e+00 9.8044e+00 -4.8630e+00 -5.5931e+00 1.5291e+01 -2.5734e+00 -7.4746e+00 1.2275e+01 1.9964e+00 -4.6502e+00 1.2505e+01 -1.5398e+00 4.0288e+00 8.0820e+00 -6.1355e-01 -2.2449e+01 -1.3050e+01 -1.7965e+01 8.3085e+00 -1.0440e+01 -1.7235e+01 -1.0268e+01 -1.5468e+01 -9.3954e+00 1.5357e+01 -1.6844e+01 -8.8760e+00 -2.1055e+01 1.4774e+01 -5.1995e+00 -2.0776e+01 -1.0467e+01 -1.3222e+01 5.5914e-01 8.3148e+00 -1.6025e+01 -8.7854e+00 -1.0218e+01 7.0408e-01 -6.1165e+00 -1.4336e+01 -4.1667e+00 1.5342e+01 -8.1285e+00 -1.7477e+00 -1.9004e+01 -3.1658e+00 -1.2072e+01 7.3536e+00 -3.0086e+00 -1.7196e+01 -3.6438e+00 -1.1058e+01 -2.9847e+00 -2.0118e+01 6.3944e+00 4.1010e+00 -5.6930e+00 1.1953e+01 -2.5683e+00 -2.0811e+01 -1.0496e+01 -1.3672e+01 -9.0040e+00 1.4263e+01 -1.6735e+01 -7.0267e+00 -9.8322e+00 -5.3377e-01 2.7593e+00 -1.5635e+01 -1.1749e+01 -1.9704e+01 9.2930e+00 -2.9639e+00 -1.5874e+01 -1.3059e+01 -1.7496e+01 -6.9626e+00 1.2067e+01
2 -4.1012e+00 1.7158e+01 -2.5086e+00 -7.7712e+00 1.5753e+01 -2.7475e+00 -6.4643e+00 1.3479e+01 -4.9721e-01 -6.4237e+00 1.2441e+01 1.3086e+00 -7.3299e+00 9.9641e+00 -1.5193e+00 -7.0808e+00 1.4804e+01 3.6123e-01 -1.5491e-01 7.2122e+00 8.1504e-01 -4.9249e+00 1.4079e+01 8.0292e+00 -5.4563e+00 9.0150e+00 4.2798e+00 -6.5873e+00 1.0568e+01 -4.9774e+00 -4.4253e+00 1.5096e+01 -2.7551e+00 -7.9736e+00 1.2851e+01 1.5798e+00 -5.8013e+00 1.3554e+01 -2.4909e+00 3.6231e+00 9.2315e+00 -1.1645e+00 -1.6387e+01 -8.8096e+00 -1.6611e+01 3.2352e+00 6.0720e+00 -1.8923e+01 -1.2734e+01 -1.4037e+01 -1.0120e+01 1.4896e+01 -1.5044e+01 -8.4073e+00 -2.1282e+01 1.3641e+01 -5.1139e+00 -2.2097e+01 -1.2827e+01 -1.1199e+01 -4.5843e+00 -1.8847e+01 -1.0887e+01 -6.3744e+00 -9.0619e+00 2.2471e-01 -5.8337e+00 -9.4076e+00 9.1185e-01 1.6317e+01 -7.4604e+00 -5.1009e+00 -1.6186e+01 -3.9085e-01 -1.2986e+01 1.0727e+01 -8.7271e+00 -2.1334e+01 -1.1763e+01 -2.1819e+01 2.5127e+00 -1.5891e+01 8.6897e+00 5.8277e+00 -7.2884e+00 8.9897e+00 3.9717e-01 -2.0576e+01 -1.0402e+01 -1.4250e+01 -6.1009e+00 1.3063e+01 -1.7674e+01 -7.5019e+00 -1.3132e+01 3.1936e+00 -4.0621e+00 -1.3560e+01 -9.5528e+00 -1.9796e+01 7.9641e+00 4.2627e-01 -1.5585e+01 -1.1728e+01 -1.5939e+01 -9.4602e+00 1.3685e+01
3 -5.3147e+00 1.2958e+01 -7.7128e-01 -7.0268e+00 1.5559e+01 -2.4986e+00 -6.4164e+00 1.4094e+01 -1.1628e+00 -7.0678e+00 1.2375e+01 -3.9469e-01 -6.1363e+00 1.5049e+01 -1.1989e+00 -6.8245e+00 1.6510e+01 -4.9080e+00 1.1877e+00 7.4932e+00 -5.7544e-01 -5.6701e+00 1.2133e+01 7.6965e+00 -8.0182e+00 1.2691e+01 6.8882e+00 -7.8183e+00 1.0020e+01 -4.7828e+00 -5.1605e+00 1.6379e+01 -2.9773e+00 -7.8777e+00 1.2892e+01 1.6433e+00 -5.7357e+00 1.3372e+01 -2.1473e+00 -2.6421e+00 1.2832e+01 -2.0515e+00 -2.0847e+01 -9.1861e+00 -1.4762e+01 -3.9088e+00 1.1430e+01 -1.9141e+01 -1.2289e+01 -1.4959e+01 -1.0749e+01 1.5311e+01 -1.4372e+01 -7.3764e+00 -2.0481e+01 1.4322e+01 -4.0432e+00 -1.8994e+01 -8.6740e+00 -1.5764e+01 3.3803e+00 6.6313e+00 -1.6185e+01 -6.1324e+00 -5.3110e+00 1.6008e-01 -5.4495e+00 -1.2886e+01 -3.8932e+00 1.0705e+01 -5.5858e+00 -3.9930e+00 -1.9040e+01 -3.3373e+00 -1.4178e+01 1.0420e+01 -6.0618e+00 -1.1632e+01 -8.2881e+00 -6.1243e+00 8.0753e+00 5.6149e+00 1.1612e+01 1.3377e+01 -2.1133e+00 1.2331e+01 -3.0566e+00 -1.7346e+01 -9.1944e+00 -1.5393e+01 -6.2386e+00 1.3291e+01 -1.4975e+01 -5.9902e+00 -1.1609e+01 2.1063e+00 -9.5880e-01 -1.6022e+01 -9.2918e+00 -1.8649e+01 6.8791e+00 3.2816e+00 -1.6096e+01 -1.5236e+01 -1.7301e+01 -2.4469e+00 8.5931e+00
4 -3.6904e+00 1.5307e+01 -5.0484e-02 -8.0956e+00 1.5597e+01 -3.3345e+00 -6.3339e+00 1.3723e+01 -5.0539e-01 -6.8697e+00 1.1573e+01 1.2638e+00 -6.5759e+00 1.4961e+01 -1.6369e+00 -8.2870e+00 1.6147e+01 -5.6137e+00 -1.3694e+00 9.7739e+00 2.8111e-01 -5.2955e+00 1.1182e+01 6.8762e+00 -7.0397e+00 1.3303e+01 5.6958e+00 -5.7603e+00 7.7075e+00 -5.0010e+00 -5.4809e+00 1.5148e+01 -2.4728e+00 -8.0535e+00 1.3213e+01 8.5376e-01 -5.4118e+00 1.2015e+01 -2.3993e+00 -2.7679e+00 1.3090e+01 -1.3219e+00 -2.1426e+01 -1.3450e+01 -1.9782e+01 1.0640e+01 -4.0984e+00 -1.8802e+01 -1.3095e+01 -1.4448e+01 -1.1250e+01 1.5146e+01 -1.6551e+01 -8.0481e+00 -2.1347e+01 1.5011e+01 -5.2662e+00 -1.3350e+01 -5.3179e+00 -1.8920e+01 1.1386e+01 -2.5607e-01 -1.5951e+01 -6.8039e+00 -3.9132e+00 -3.3478e+00 -1.7083e+00 -1.4870e+01 -5.5252e+00 1.3877e+01 -1.0551e+01 -1.8787e-01 -2.1642e+01 -6.6578e+00 -1.3760e+01 1.2552e+01 -6.7359e+00 7.8525e-01 -2.7974e+00 1.3436e+00 8.3516e+00 4.5315e+00 1.0985e+01 1.0241e+01 -5.3517e+00 1.0150e+01 -1.1462e+00 -2.1477e+01 -1.0600e+01 -1.3725e+01 -5.1214e+00 1.2391e+01 -1.6455e+01 -7.3340e+00 -1.5875e+01 8.4278e+00 -5.3311e+00 -1.6711e+01 -1.2814e+01 -1.8789e+01 7.1617e+00 1.7879e-01 -1.7365e+01 -1.5426e+01 -1.8057e+01 -4.0173e+00 9.3528e+00
5 -6.0481e+00 1.4694e+01 -2.6406e+00 -7.5891e+00 1.5216e+01 -3.0048e+00 -5.3380e+00 1.5334e+01 -1.1771e+00 -7.2703e+00 1.2418e+01 4.5163e-02 -5.6776e+00 1.3808e+01 -1.1096e+00 -5.1934e+00 1.3127e+01 2.2795e-01 5.8290e-01 7.5170e+00 1.4828e+00 2.6281e+00 1.1750e+01 4.2760e+00 -7.8183e+00 1.1050e+01 5.6068e+00 -7.8699e+00 9.1180e+00 -6.1800e+00 -6.0082e+00 1.7001e+01 -3.2667e+00 -8.4803e+00 1.3680e+01 3.4486e-02 -6.0188e+00 1.2308e+01 -1.9725e+00 -7.7341e-01 1.0966e+01 -7.5625e-01 -2.0641e+01 -1.1318e+01 -1.5666e+01 2.2047e+00 7.0536e+00 -1.5055e+01 -1.1483e+01 -1.6310e+01 -7.7572e+00 1.3834e+01 -1.5209e+01 -8.1402e+00 -2.1949e+01 1.5163e+01 -6.5071e+00 -2.0801e+01 -1.0962e+01 -1.4808e+01 2.6874e+00 6.9373e+00 -1.4807e+01 -8.4631e+00 -7.4250e+00 3.5211e-01 -6.3062e+00 -1.1606e+01 6.8371e-01 1.6100e+01 -7.3093e+00 -2.1728e+00 -1.0661e+01 3.3195e+00 -1.9565e+01 1.5509e+01 -1.2650e+01 -7.0205e+00 -5.5079e+00 -7.4077e+00 2.4620e+00 5.0028e+00 1.0295e+01 8.0898e+00 -6.0152e+00 1.2751e+01 -3.2768e+00 -1.7670e+01 -9.1185e+00 -1.5475e+01 -6.0296e+00 1.3169e+01 -1.4213e+01 -6.4184e+00 -1.4881e+01 6.4778e+00 -1.9398e+00 -2.1015e+01 -1.2160e+01 -1.4750e+01 -5.9364e+00 1.2630e+01 -1.6871e+01 -1.7177e+01 -1.7410e+01 -1.8548e+00 4.5914e+00
6 -4.6583e+00 1.4672e+01 -2.4139e+00 -7.3334e+00 1.5269e+01 -2.6743e+00 -5.0737e+00 1.3793e+01 -1.0946e+00 -6.2182e+00 1.2231e+01 3.1213e-01 -5.4757e+00 1.3670e+01 -1.7158e+00 -7.6007e+00 1.5976e+01 1.3782e-02 -7.4182e-01 8.7591e+00 -1.9541e+00 -4.2042e+00 1.2248e+01 4.9777e+00 -5.2509e+00 1.1355e+01 2.6703e+00 -5.6777e+00 9.8966e+00 -5.3309e+00 -4.7915e+00 1.5480e+01 -2.6914e+00 -8.5312e+00 1.4393e+01 1.3479e+00 -5.9791e+00 1.4210e+01 -3.5318e+00 -5.7940e+00 1.4325e+01 -1.0441e+00 -2.0868e+01 -1.1560e+01 -1.6598e+01 -7.9833e-01 7.8333e+00 -1.8434e+01 -1.1649e+01 -1.5217e+01 -1.0505e+01 1.5454e+01 -1.3822e+01 -7.1589e+00 -2.1365e+01 1.5037e+01 -5.1688e+00 -1.7918e+01 -8.6211e+00 -1.6617e+01 6.4407e+00 4.1783e+00 -1.5801e+01 -8.7203e+00 -9.4703e+00 8.2676e-01 -6.5444e+00 -5.1438e+00 2.5003e+00 1.4777e+01 -6.3281e+00 -8.5885e+00 -1.1533e+01 2.2388e+00 -2.0336e+01 1.2062e+01 -1.3551e+01 -4.7227e+00 -4.1799e+00 -3.5718e+00 8.0607e+00 5.7921e+00 1.1245e+01 1.2525e+01 -1.3016e+01 1.0761e+01 -3.7930e+00 -2.1547e+01 -1.0873e+01 -1.4895e+01 -7.0689e+00 1.3629e+01 -1.6582e+01 -7.3822e+00 -1.3923e+01 6.5706e+00 -6.8561e+00 -1.7692e+01 -9.1144e+00 -1.5811e+01 2.9799e+00 7.0409e+00 -1.6840e+01 -1.3184e+01 -1.9358e+01 -9.6575e+00 1.2149e+01
7 -5.4696e+00 1.2035e+01 1.5543e+00 -7.5140e+00 1.5432e+01 -2.6602e+00 -5.8465e+00 1.4948e+01 -7.7711e-01 -7.5555e+00 1.2119e+01 3.2764e-01 -5.8514e+00 1.4351e+01 -2.4532e+00 -8.2100e+00 1.5709e+01 1.6389e-01 -1.0712e+00 9.2906e+00 3.1292e-01 -4.1764e+00 1.1366e+01 7.3162e+00 -7.9380e+00 1.5180e+01 5.8110e+00 -6.2730e+00 9.2058e+00 -5.4125e+00 -7.5514e+00 1.6181e+01 -3.5497e+00 -7.6332e+00 1.3841e+01 1.1913e+00 -3.2350e+00 1.3344e+01 -2.1327e+00 4.2072e+00 5.5024e+00 -7.5861e-01 -2.0531e+01 -1.5472e+01 -2.0736e+01 1.0732e+01 -4.9189e+00 -1.8058e+01 -1.2099e+01 -1.5954e+01 -1.0996e+01 1.5348e+01 -1.4721e+01 -8.0172e+00 -2.2329e+01 1.4858e+01 -6.2584e+00 -1.7928e+01 -8.4059e+00 -1.7198e+01 8.7592e+00 2.0734e+00 -1.6671e+01 -7.4498e+00 -7.9674e+00 1.0330e+00 -7.3143e+00 -2.7200e+00 4.1585e+00 1.4195e+01 -5.4065e+00 -1.3479e+01 -2.2480e+01 -8.5832e+00 -9.0958e+00 8.4314e+00 -1.9912e+00 -7.4383e+00 -7.5233e+00 -5.1522e+00 6.1097e+00 5.6951e+00 1.0953e+01 1.4106e+01 3.6392e+00 1.2333e+00 7.9230e+00 -2.2293e+01 -1.0384e+01 -1.2664e+01 -6.2404e+00 1.2970e+01 -1.3380e+01 -3.6984e+00 -5.1511e+00 -8.6341e+00 1.1782e+01 -1.5336e+01 -1.1787e+01 -1.8271e+01 5.5716e+00 1.7805e+00 -2.1229e+01 -1.2108e+01 -1.1917e+01 -1.1546e+01 1.4759e+01
8 -6.7061e+00 1.4424e+01 -1.2638e+00 -7.7078e+00 1.5591e+01 -2.9162e+00 -5.6737e+00 1.5225e+01 -1.2618e+00 -7.1856e+00 1.2357e+01 -6.7234e-01 -5.6165e+00 1.4207e+01 -1.8316e+00 -8.4313e+00 1.6334e+01 -1.4706e-01 7.1376e-01 5.2664e+00 1.3532e+00 -7.2950e+00 1.2565e+01 8.1834e+00 -8.1273e+00 1.4150e+01 3.1734e+00 -7.6371e+00 1.1753e+01 -5.3982e+00 -6.7261e+00 1.6600e+01 -3.6585e+00 -7.5250e+00 1.3881e+01 1.0512e+00 -4.5499e+00 1.3510e+01 -3.4175e+00 -4.0129e+00 1.1768e+01 -1.7521e+00 -2.1767e+01 -1.5031e+01 -1.7341e+01 3.0084e+00 3.9131e+00 -1.6653e+01 -1.1121e+01 -1.6298e+01 -1.1495e+01 1.5455e+01 -1.3982e+01 -7.5340e+00 -2.2357e+01 1.5164e+01 -6.2455e+00 -2.0249e+01 -1.0238e+01 -1.5359e+01 6.0699e+00 3.9806e+00 -1.4972e+01 -6.6285e+00 -1.0374e+01 1.6451e+00 -7.2938e+00 -4.7396e+00 2.5875e+00 1.2348e+01 -3.1891e+00 -9.9112e+00 -1.4402e+01 9.5085e-02 -1.3902e+01 1.1173e+01 -1.2945e+01 -1.6524e+01 -2.8760e+00 -1.1896e+01 -5.9986e+00 -1.8490e+01 8.8058e+00 6.7551e+00 -8.7267e+00 5.1954e+00 1.4341e+00 -2.0660e+01 -1.0637e+01 -1.4380e+01 -8.1708e+00 1.4201e+01 -1.1625e+01 -2.7721e+00 -3.8873e+00 -1.2048e+01 1.3277e+01 -1.4367e+01 -1.0488e+01 -1.8967e+01 8.2433e+00 -2.4590e-01 -2.1343e+01 -1.3152e+01 -1.6478e+01 -1.0236e+01 1.3447e+01
9 -6.4425e+00 1.2894e+01 -2.5487e+00 -7.2570e+00 1.4439e+01 -3.1280e+00 -5.4661e+00 1.4531e+01 -1.4885e+00 -7.9302e+00 1.3245e+01 -1.0417e+00 -5.3430e+00 1.2975e+01 -2.7604e+00 -6.6941e+00 1.4960e+01 -2.1436e-01 -2.6306e+00 7.8178e+00 2.2277e+00 2.2863e-01 1.2142e+01 6.7568e+00 -7.5439e+00 1.1976e+01 2.0381e+00 -8.0541e+00 1.1601e+01 -5.9422e+00 -5.1703e+00 1.5570e+01 -3.0224e+00 -8.3418e+00 1.3339e+01 1.5468e+00 -6.1545e+00 1.3970e+01 -2.2315e+00 -2.8699e-01 1.0503e+01 -9.5389e-01 -2.1693e+01 -1.2031e+01 -2.0508e+01 1.0682e+01 -8.0692e+00 -1.7175e+01 -1.1654e+01 -1.6973e+01 -1.1348e+01 1.5221e+01 -1.2406e+01 -6.8635e+00 -2.2399e+01 1.4975e+01 -6.9604e+00 -2.1043e+01 -1.0964e+01 -1.3937e+01 3.1198e+00 6.2625e+00 -1.6624e+01 -7.1049e+00 -8.6577e+00 2.2965e-01 -5.6291e+00 -1.5738e+01 -4.7354e+00 1.6378e+01 -8.4440e+00 -1.3696e+00 -1.7988e+01 -1.7613e+00 -1.3446e+01 7.4863e+00 -2.2408e+00 -1.6274e+01 -1.3013e+01 -1.0969e+01 3.7129e+00 4.0269e+00 9.7042e+00 1.3451e+01 -2.6176e+00 -5.6188e+00 1.1924e+01 -1.8980e+01 -9.6294e+00 -1.4568e+01 -8.8856e+00 1.4364e+01 -1.6248e+01 -6.1114e+00 -1.2179e+01 1.3556e+00 -1.7960e+00 -1.5110e+01 -1.0397e+01 -1.9953e+01 8.2895e+00 -1.8565e-01 -1.6079e+01 -1.3132e+01 -1.6641e+01 -7.3807e+00 1.2307e+01
10 -4.3717e+00 1.2207e+01 1.5907e+00 -7.6367e+00 1.6153e+01 -1.8461e+00 -5.7375e+00 1.4890e+01 -1.9612e+00 -7.2789e+00 1.1845e+01 -1.8838e+00 -5.9106e+00 1.3887e+01 -2.9868e+00 -6.6848e+00 1.6419e+01 3.8995e-01 -4.9956e-02 6.0893e+00 1.1149e+00 4.7505e-01 1.2866e+01 6.8550e+00 -7.5614e+00 1.1821e+01 3.6401e+00 -8.6089e+00 1.2300e+01 -5.1263e+00 -6.5937e+00 1.6261e+01 -3.3914e+00 -7.6038e+00 1.3591e+01 1.6332e+00 -5.2941e+00 1.2807e+01 -1.2347e+00 4.6040e+00 8.1924e+00 -6.9908e-01 -2.2495e+01 -1.4290e+01 -1.9032e+01 8.8720e+00 -1.1622e+01 -1.5452e+01 -9.3002e+00 -1.5802e+01 -8.8224e+00 1.4797e+01 -1.3935e+01 -6.7362e+00 -2.1610e+01 1.5278e+01 -5.5470e+00 -1.7237e+01 -8.4714e+00 -1.9496e+01 1.2500e+01 -1.2057e+00 -1.2585e+01 -4.4884e+00 -9.5406e+00 -1.1890e+01 7.2620e+00 -5.0663e+00 2.2856e+00 1.6210e+01 -8.9617e+00 -4.2501e+00 -1.0222e+01 3.6778e+00 -1.9711e+01 1.2196e+01 -1.3641e+01 -1.5877e+01 -1.1420e+01 -9.0616e+00 6.1265e+00 4.7382e+00 1.1294e+01 1.3505e+01 -1.2498e+01 1.1492e+01 -6.1014e+00 -1.9413e+01 -1.0376e+01 -1.4711e+01 -9.4590e+00 1.4733e+01 -1.2317e+01 -2.9804e+00 -4.7212e+00 -1.4152e+01 1.3511e+01 -1.9357e+01 -1.3857e+01 -1.8036e+01 4.2202e+00 2.3295e+00 -1.5387e+01 -1.5001e+01 -1.7374e+01 -3.2723e+00 8.7100e+00
11 -5.2281e+00 1.3671e+01 -3.3098e-02 -7.8641e+00 1.5202e+01 -2.2514e+00 -5.2287e+00 1.4018e+01 -7.8517e-01 -7.5571e+00 1.3131e+01 3.7831e-01 -5.5682e+00 1.3739e+01 -2.1992e+00 -6.9638e+00 1.5050e+01 -1.5279e+00 -1.3567e+00 7.9224e+00 2.9155e+00 1.3042e+00 9.2848e+00 5.5706e+00 -8.2684e+00 9.7947e+00 4.6647e+00 -6.0871e+00 8.3424e+00 -6.1183e+00 -7.5447e+00 1.6115e+01 -3.4194e+00 -8.0392e+00 1.4596e+01 1.0914e+00 -6.2402e+00 1.4198e+01 -1.8825e+00 -2.4853e+00 1.3167e+01 -9.7557e-01 -2.1600e+01 -1.2231e+01 -1.9041e+01 8.7020e+00 -6.3103e+00 -1.6831e+01 -1.1257e+01 -1.6767e+01 -1.1718e+01 1.5490e+01 -1.4252e+01 -8.2714e+00 -2.2169e+01 1.4646e+01 -6.2738e+00 -1.7495e+01 -8.1708e+00 -1.6414e+01 7.3114e+00 3.2003e+00 -1.1694e+01 -4.6699e+00 -8.2244e+00 4.7164e-01 -5.6584e+00 -8.6683e+00 1.3654e+00 1.5627e+01 -1.2358e+01 1.2677e+00 -1.1308e+01 2.2591e+00 -1.7401e+01 1.2027e+01 -9.8219e+00 -6.5669e+00 -7.6767e+00 -3.4866e+00 5.1716e+00 5.5203e+00 7.2790e+00 3.2331e+00 -1.1243e+01 7.1483e+00 2.0881e+00 -2.2524e+01 -1.0284e+01 -1.2369e+01 -6.5260e+00 1.3105e+01 -1.4086e+01 -4.4390e+00 -6.6777e+00 -1.0168e+01 1.1537e+01 -1.6032e+01 -1.1618e+01 -1.7800e+01 7.0189e-01 7.2393e+00 -1.5617e+01 -1.4025e+01 -1.7855e+01 -5.3640e+00 9.8824e+00
12 -4.6951e+00 1.1953e+01 3.2033e+00 -7.8880e+00 1.6134e+01 -1.9947e+00 -6.0049e+00 1.4632e+01 -1.1902e+00 -7.7429e+00 1.2129e+01 -4.4958e-01 -5.5839e+00 1.2282e+01 -2.0140e+00 -8.5487e+00 1.6991e+01 -4.9421e+00 -2.2881e+00 1.0453e+01 -6.1751e-01 -4.1233e+00 1.0882e+01 5.5829e+00 -7.5305e+00 1.4530e+01 6.8631e+00 -8.2437e+00 1.0250e+01 -4.9412e+00 -7.5319e+00 1.6670e+01 -3.7680e+00 -7.6085e+00 1.3938e+01 6.3369e-01 -4.2839e+00 1.2436e+01 -1.6078e+00 1.4683e+00 1.0837e+01 -1.0732e+00 -2.2626e+01 -1.4200e+01 -1.8360e+01 8.8298e+00 -1.2420e+01 -1.6304e+01 -1.0389e+01 -1.4906e+01 -9.1687e+00 1.4933e+01 -1.4829e+01 -8.0249e+00 -2.2077e+01 1.5043e+01 -6.9821e+00 -2.0660e+01 -1.0795e+01 -1.4374e+01 1.4744e+00 7.7811e+00 -1.7136e+01 -7.7075e+00 -9.8959e+00 -1.5533e+00 -3.0707e+00 -1.4707e+01 -6.5824e+00 1.3268e+01 -1.2004e+01 1.4366e+00 -1.9612e+01 -4.0567e+00 -1.2297e+01 1.0845e+01 -4.6538e+00 4.1084e+00 3.2106e+00 -3.2898e+00 5.9159e+00 5.4826e+00 8.8978e+00 1.1934e+01 5.2178e+00 9.1904e+00 1.6859e+00 -2.0573e+01 -1.1025e+01 -1.2342e+01 -6.9759e+00 1.3251e+01 -1.3265e+01 -4.2197e+00 -6.7323e+00 -6.0003e+00 9.8516e+00 -1.8874e+01 -1.3072e+01 -1.6509e+01 -2.8111e+00 1.0222e+01 -1.8232e+01 -1.1865e+01 -1.3278e+01 -1.1542e+01 1.5221e+01
13 -3.9352e+00 1.4384e+01 -2.1706e+00 -7.5916e+00 1.5908e+01 -2.6294e+00 -5.4419e+00 1.5324e+01 -1.4756e+00 -6.5639e+00 1.1633e+01 -4.5456e-01 -5.9120e+00 1.3894e+01 -9.1948e-01 -8.4635e+00 1.6158e+01 2.3348e-01 1.6586e+00 2.8201e+00 1.7275e+00 -6.6282e+00 1.2661e+01 7.9653e+00 -7.9268e+00 1.0407e+01 6.5995e+00 -8.6709e+00 1.0480e+01 -5.0974e+00 -6.7733e+00 1.6201e+01 -3.6871e+00 -7.8341e+00 1.4098e+01 1.0579e+00 -4.6337e+00 1.2447e+01 -1.6317e+00 6.0278e-01 1.2156e+01 -8.8430e-01 -2.1331e+01 -1.2711e+01 -1.9682e+01 9.5990e+00 9.0270e-02 -1.6557e+01 -1.0586e+01 -1.5147e+01 -1.0312e+01 1.5285e+01 -1.5200e+01 -7.5238e+00 -2.1604e+01 1.5230e+01 -5.9479e+00 -2.1212e+01 -1.0913e+01 -1.4367e+01 7.9759e-01 8.1681e+00 -1.6021e+01 -6.3901e+00 -9.1939e+00 1.6277e+00 -7.4149e+00 -3.5750e+00 3.3742e+00 1.4160e+01 -2.1112e+00 -1.3726e+01 -1.0396e+01 2.5772e+00 -1.7867e+01 1.2016e+01 -1.2222e+01 -1.5469e+01 -2.0899e+00 -8.1260e+00 -3.2446e+00 -1.7343e+01 7.5667e+00 1.0401e+01 2.9962e+00 1.5689e+01 -4.2492e+00 -2.1822e+01 -1.1155e+01 -1.1240e+01 -1.0969e+01 1.5154e+01 -1.2573e+01 -3.0774e+00 -3.9128e+00 -1.2140e+01 1.3322e+01 -1.8291e+01 -1.3302e+01 -1.6826e+01 -3.0221e+00 9.7521e+00 -1.6709e+01 -1.0919e+01 -1.5897e+01 -1.1403e+01 1.4948e+01
14 -4.7535e+00 1.3909e+01 2.0732e+00 -7.5557e+00 1.6075e+01 -2.2435e+00 -6.4963e+00 1.4903e+01 -1.3426e+00 -6.9054e+00 1.1425e+01 -3.4542e-01 -5.9353e+00 1.4611e+01 -1.6658e+00 -8.3633e+00 1.7114e+01 -4.6897e+00 -4.5926e+00 9.3153e+00 3.0283e+00 -5.1259e+00 9.4399e+00 8.4016e+00 -7.6936e+00 7.6960e+00 7.0793e+00 -8.8624e+00 8.5088e+00 -5.0736e+00 -6.8735e+00 1.5617e+01 -3.2218e+00 -7.6879e+00 1.3944e+01 8.0055e-01 -5.6756e+00 1.2788e+01 -1.8235e+00 -3.1580e+00 1.3216e+01 -5.5426e-01 -2.1821e+01 -1.4719e+01 -1.9436e+01 7.4889e+00 -1.3115e+00 -1.8888e+01 -1.2432e+01 -1.5145e+01 -1.0770e+01 1.5163e+01 -1.5713e+01 -7.2868e+00 -2.0646e+01 1.4905e+01 -4.9960e+00 -1.6969e+01 -7.6339e+00 -1.6915e+01 5.2840e+00 5.2409e+00 -1.6583e+01 -7.9955e+00 -1.0078e+01 -1.3404e+01 8.4162e+00 -1.3579e+01 -5.7679e+00 1.6708e+01 -9.5759e+00 -2.1325e+00 -2.1780e+01 -1.3671e+01 -1.1153e+01 1.2504e+01 -6.5741e+00 -3.2125e+00 -7.4409e+00 -1.1566e+01 -2.0897e-02 3.7586e+00 9.8402e+00 1.0308e+01 -5.1631e+00 1.2329e+01 -5.1450e+00 -1.9648e+01 -1.0095e+01 -1.3477e+01 -9.0378e+00 1.4421e+01 -1.5791e+01 -5.6815e+00 -9.9725e+00 -4.4154e+00 7.9444e+00 -1.9098e+01 -1.3734e+01 -1.6942e+01 6.3162e-02 7.6917e+00 -1.6645e+01 -1.2379e+01 -1.7569e+01 -8.5802e+00 1.3151e+01
15 -5.3677e+00 1.5697e+01 7.4819e-02 -7.6732e+00 1.6440e+01 -1.7495e+00 -5.6693e+00 1.5598e+01 -1.7131e+00 -6.9298e+00 1.2592e+01 -5.7651e-01 -8.3668e+00 1.1423e+01 -4.0485e+00 -8.4513e+00 1.7036e+01 -4.2605e+00 -2.3231e-01 8.7845e+00 9.4539e-01 -6.4346e+00 1.3335e+01 6.3134e+00 -8.0897e+00 1.2197e+01 3.0391e+00 -8.0142e+00 8.7962e+00 -5.9594e+00 -4.9401e+00 1.6644e+01 -3.4220e+00 -8.0585e+00 1.3248e+01 1.1362e+00 -4.5260e+00 1.2929e+01 -1.8291e+00 4.5252e+00 8.4485e+00 -1.2041e+00 -1.9733e+01 -1.0945e+01 -1.6870e+01 -3.6084e+00 1.0878e+01 -1.3651e+01 -7.0793e+00 -1.4416e+01 -6.6877e+00 1.4192e+01 -1.5385e+01 -7.9620e+00 -2.1195e+01 1.4763e+01 -4.5852e+00 -2.1809e+01 -1.1051e+01 -7.9902e+00 -7.5205e+00 -1.3497e+01 -1.2046e+01 -2.7820e+00 -8.8672e+00 4.1272e-02 -5.4331e+00 -3.8684e+00 2.2998e+00 1.3876e+01 -8.8658e+00 -6.7799e+00 -1.4284e+01 1.4147e-01 -1.4128e+01 8.8687e+00 -5.7893e+00 -7.0004e+00 -7.3031e+00 -8.1674e+00 6.2136e+00 4.7650e+00 9.8369e+00 7.5400e+00 -9.8091e+00 1.1706e+01 -6.5516e+00 -1.1925e+01 -6.8687e+00 -1.8485e+01 -3.4320e+00 1.1679e+01 -1.5646e+01 -7.2925e+00 -1.1471e+01 1.0668e-01 1.8822e+00 -1.5833e+01 -8.3653e+00 -1.9135e+01 7.9652e+00 2.6734e+00 -1.4431e+01 -1.2324e+01 -1.6891e+01 -5.9080e+00 1.2001e+01
16 -4.4746e+00 1.6516e+01 -2.8206e+00 -7.2636e+00 1.5504e+01 -2.5203e+00 -6.7286e+00 1.4388e+01 -1.1658e+00 -7.2049e+00 1.1143e+01 -4.0546e-01 -5.2826e+00 1.3010e+01 -1.6832e+00 -7.8569e+00 1.6819e+01 -5.2666e+00 -5.8774e+00 1.3187e+01 8.3163e-01 -2.1904e-01 6.2318e+00 7.8506e+00 -5.8789e+00 1.1674e+01 6.5919e+00 -7.9760e+00 9.2074e+00 -4.5302e+00 -5.0221e+00 1.5705e+01 -2.9417e+00 -8.3366e+00 1.4777e+01 1.1092e+00 -3.6102e+00 1.4357e+01 -3.0645e+00 -1.0281e+00 1.2414e+01 -1.7821e+00 -1.5172e+01 -6.3954e+00 -1.2368e+01 -3.2440e+00 1.1126e+01 -1.8649e+01 -1.2366e+01 -1.5940e+01 -9.9698e+00 1.5180e+01 -1.5901e+01 -7.9926e+00 -2.1337e+01 1.4822e+01 -4.9393e+00 -1.8960e+01 -9.4635e+00 -1.5814e+01 4.5620e+00 5.7085e+00 -1.4387e+01 -7.5487e+00 -9.5927e+00 -4.3957e+00 6.6982e-01 -1.1319e+01 -2.7829e+00 1.6084e+01 -1.2272e+01 -3.9289e-01 -2.0964e+01 -1.1011e+01 -8.1267e+00 9.0643e+00 -2.3133e+00 4.2719e+00 -2.7765e+00 -2.7685e+00 4.2977e+00 5.2829e+00 9.2856e+00 1.0063e+01 4.0605e-01 1.4707e+01 -4.2011e+00 -1.8733e+01 -9.8690e+00 -1.4236e+01 -6.9222e+00 1.3464e+01 -1.6308e+01 -7.0987e+00 -1.1600e+01 3.4821e+00 -3.0853e+00 -1.6709e+01 -7.5511e+00 -1.4698e+01 2.8188e+00 7.2504e+00 -1.8864e+01 -1.1285e+01 -1.3926e+01 -1.3226e+01 1.5821e+01
17 -4.1529e+00 1.5260e+01 -1.5332e+00 -7.5108e+00 1.5111e+01 -3.2687e+00 -5.8611e+00 1.4939e+01 -1.1138e+00 -7.1904e+00 1.2381e+01 2.1118e-01 -5.7088e+00 1.3672e+01 -1.7235e+00 -6.6526e+00 1.7125e+01 -4.5573e+00 4.6023e-01 6.1287e+00 2.7553e+00 -5.9007e+00 1.0562e+01 7.7600e+00 -7.4538e+00 1.2738e+01 5.2311e+00 -6.6416e+00 7.5827e+00 -4.9153e+00 -6.6256e+00 1.6011e+01 -2.8528e+00 -7.6725e+00 1.4404e+01 9.3285e-01 -4.8042e+00 1.2686e+01 -2.6901e+00 2.4267e+00 7.6246e+00 -1.1715e+00 -2.0888e+01 -1.2367e+01 -1.7144e+01 2.9853e+00 4.3239e+00 -1.7148e+01 -1.1022e+01 -1.5468e+01 -1.1249e+01 1.5518e+01 -1.5838e+01 -8.5944e+00 -2.2008e+01 1.5128e+01 -5.6882e+00 -1.8381e+01 -9.0215e+00 -1.5454e+01 4.8147e+00 5.2799e+00 -1.7177e+01 -8.2343e+00 -9.3722e+00 -1.2582e+01 7.7465e+00 -1.4715e+01 -7.0353e+00 1.5979e+01 -1.0632e+01 1.6436e-01 -2.2224e+01 -7.3701e+00 -1.3323e+01 1.0392e+01 -5.5023e+00 -1.1816e+01 -9.9223e+00 -1.0386e+01 4.6193e+00 4.2307e+00 1.0275e+01 1.5145e+01 7.3469e+00 5.6949e+00 4.5225e+00 -2.0441e+01 -1.0731e+01 -1.6328e+01 -5.4611e+00 1.2893e+01 -1.5577e+01 -6.1971e+00 -8.4432e+00 -8.5582e+00 1.0817e+01 -1.6343e+01 -1.1834e+01 -1.8675e+01 6.4180e+00 2.5638e+00 -1.9240e+01 -1.4839e+01 -1.5145e+01 -6.0617e+00 1.1372e+01
18 -4.2313e+00 1.3045e+01 -3.0530e+00 -7.0889e+00 1.6234e+01 -3.2762e+00 -7.1017e+00 1.5651e+01 -1.7208e+00 -7.5550e+00 1.2310e+01 -1.1777e+00 -5.5103e+00 1.3493e+01 -2.4645e+00 -7.6025e+00 1.6459e+01 -8.9480e-01 -2.0066e+00 8.8706e+00 6.9224e-01 -6.6295e+00 1.1431e+01 7.8652e+00 -7.2252e+00 1.4555e+01 1.6093e+00 -7.8120e+00 1.1417e+01 -4.7259e+00 -7.2869e+00 1.7157e+01 -3.2091e+00 -7.3679e+00 1.3993e+01 1.0401e+00 -4.6465e+00 1.2855e+01 -1.4540e+00 -3.4369e+00 1.4576e+01 -9.4888e-01 -2.1257e+01 -1.1389e+01 -1.9585e+01 1.2274e+01 -1.0334e+00 -1.8869e+01 -1.2750e+01 -1.7080e+01 -1.1394e+01 1.5616e+01 -1.5743e+01 -7.8475e+00 -2.1207e+01 1.4967e+01 -5.1693e+00 -2.0575e+01 -1.0039e+01 -1.4202e+01 1.7402e+00 7.5854e+00 -1.2368e+01 -7.5587e+00 -9.9245e+00 1.6646e+00 -7.4977e+00 -1.0496e+01 -1.7693e+00 1.5963e+01 -4.6623e+00 -3.7952e+00 -1.9049e+01 -3.3040e+00 -1.3121e+01 8.1230e+00 -4.5532e+00 -1.0086e+01 -1.4712e+01 -5.7669e+00 2.9454e+00 5.4212e+00 1.1823e+01 1.0824e+01 -1.4787e+01 8.1764e+00 -1.1851e+01 -1.7795e+01 -9.5404e+00 -1.6394e+01 -5.2502e+00 1.3164e+01 -1.2679e+01 -4.6514e+00 -5.3985e+00 -1.3153e+01 1.2967e+01 -1.7501e+01 -1.2921e+01 -1.7014e+01 7.3075e-01 7.5579e+00 -1.4195e+01 -1.0599e+01 -1.8421e+01 -9.5262e+00 1.3872e+01
19 -3.9408e+00 1.3753e+01 2.6553e+00 -7.5096e+00 1.6095e+01 -2.5092e+00 -5.8629e+00 1.5443e+01 -1.0741e+00 -6.3701e+00 1.1465e+01 5.2563e-01 -6.3785e+00 1.1684e+01 -1.2097e+00 -8.0891e+00 1.6114e+01 -1.0971e+00 5.1556e-01 7.1990e+00 2.2266e+00 -1.9586e+00 8.2513e+00 7.8387e+00 -8.6226e+00 1.2529e+01 3.9930e+00 -8.3887e+00 9.9031e+00 -6.8442e+00 -5.3418e+00 1.5785e+01 -2.6445e+00 -8.0514e+00 1.3002e+01 1.3860e+00 -3.3874e+00 1.2946e+01 -2.0180e+00 -2.0079e+00 1.0074e+01 -7.1140e-01 -2.1673e+01 -1.3128e+01 -2.0820e+01 1.1003e+01 -8.4809e+00 -1.5533e+01 -9.4883e+00 -1.3887e+01 -7.4391e+00 1.4297e+01 -1.5595e+01 -7.5477e+00 -2.2222e+01 1.5331e+01 -6.5550e+00 -2.2706e+01 -1.4034e+01 -6.6290e+00 3.1897e+00 -2.2550e+01 -1.3294e+01 -6.9688e+00 -9.5064e+00 7.8507e-01 -6.4373e+00 -1.3123e+01 -3.5877e+00 1.4215e+01 -8.9482e+00 -8.5072e-01 -2.1821e+01 -6.4675e+00 -1.2395e+01 8.1495e+00 -2.2844e+00 -1.0752e+01 -1.4100e+01 -7.5409e+00 -4.6973e+00 5.0022e+00 9.9455e+00 1.2178e+01 1.6354e+00 7.2517e+00 3.3384e+00 -1.5000e+01 -8.0698e+00 -1.7654e+01 -5.9192e+00 1.2993e+01 -1.6418e+01 -7.6037e+00 -1.3476e+01 4.4936e+00 -1.7479e+00 -1.7161e+01 -1.2485e+01 -1.8171e+01 3.8086e+00 3.6696e+00 -2.1175e+01 -1.0328e+01 -9.0919e+00 -1.5502e+01 1.6373e+01
