0	2.8425903	4.642009	3.905551	5.420951	3.931446	1.7725552	1.774577	3.6025426	3.6941557	2.8232143	2.4206653	4.0437994	2.833234	3.8638923	2.9863577	1.7750437	4.2765794	3.903028	4.143009	3.2970634	4.488481	2.8668287	2.9771876	2.3108797	1.7537199	2.7638009	2.4019105	3.7962341	4.62691	3.71706	6.13785	4.172532	2.9237204	4.9986825	4.7025294	2.941483	2.581606	3.0566068	4.345474	3.6712816	3.8770475	2.9169374	2.5572631	3.5497904	4.054213
1	2.8389006	4.3864555	3.938687	5.6799264	3.916713	1.7733182	1.7717361	3.5880947	3.7102034	2.9861066	2.4191453	4.0487623	2.8053303	3.8434205	2.8612518	1.7747674	4.2455378	3.9531543	3.9672494	3.3513465	4.502719	2.360663	3.4136205	2.4138916	1.7525536	2.7421615	2.3938034	3.6371086	4.6474247	3.7313125	6.1412387	4.017351	3.2069592	4.1434298	4.0766726	3.3329272	2.3392847	2.8866806	4.2846646	3.6614895	3.8755438	2.8137703	2.4191291	3.5613418	4.1034484
2	2.8042898	4.509596	3.945756	5.5931993	3.9108539	1.7721887	1.7752275	3.5962799	3.7517521	2.854569	2.421424	2.5565193	2.8151445	3.873551	2.96426	1.7762933	4.190964	3.9116426	4.315169	3.3549576	4.4722776	2.5415006	3.236315	2.3817956	1.7535775	2.721939	2.4160724	3.770637	4.658165	3.7236538	6.289592	3.9365382	3.1660092	4.4809074	4.3545003	3.6937034	3.0241637	2.735036	4.2969103	3.6756034	3.8873105	2.8532064	2.4683425	3.6459274	4.2321744
3	2.8393123	4.793373	3.8870902	6.289014	3.9334738	1.774322	1.7721988	3.6151073	3.6508348	2.7046504	2.4239435	4.048481	2.8236077	3.8390918	3.281776	1.7730986	4.2267237	4.1424723	4.2335086	3.263246	4.4766836	2.5231638	3.3617268	2.3673568	1.75732	3.013538	2.3883295	3.7070913	5.533017	3.618727	6.3521776	4.003189	3.1770718	4.2718916	4.0765977	3.1544387	3.2251418	3.9171839	4.5179467	3.6617663	3.8751175	2.83306	2.4862833	3.5012877	4.095676
4	2.8239896	4.9127264	3.8764281	6.094437	3.9573855	1.7732229	1.7713118	3.612516	3.7039127	2.7324393	2.4237266	3.8947597	2.776532	3.8089795	3.1977103	1.7736596	4.1449842	4.2180085	4.3003683	3.3881187	4.4925146	2.6848755	3.3555481	2.3355918	1.7568257	3.015417	2.421042	3.890405	5.3523445	3.6022828	6.355541	3.860443	3.2986417	4.219418	3.9644692	3.551097	3.4297643	3.5843635	4.495972	3.681693	3.860873	2.8437681	2.526245	3.7839885	4.1760573
5	2.8349328	4.1401296	3.9052832	5.2374763	3.9685585	1.7728239	1.7759776	3.6114378	3.6297398	2.8034866	2.4240012	4.0209584	2.8487902	3.9269626	3.2153869	1.7770034	4.3482723	3.861078	4.330821	3.29348	4.5731554	3.4943674	2.9657004	2.215198	1.7569399	2.86588	2.3847275	3.688452	4.2036085	3.7261004	5.469886	4.0489254	3.3488088	4.8867064	4.334033	3.4639242	2.4203265	2.634683	4.4191704	3.658597	3.8201818	2.9519918	2.7236094	3.7679365	4.169784
6	2.846713	4.31923	3.920517	5.4792123	3.9504833	1.7740018	1.7742432	3.6141782	3.6799695	2.8922083	2.4240117	4.0148706	2.8072479	3.8392627	2.87678	1.7734228	4.1910267	3.9640303	4.3619494	3.3385894	4.550802	2.9140546	3.268206	2.2458863	1.7578726	2.9288692	2.3839998	3.8016286	4.5379653	3.7364845	5.906516	3.9796588	3.4451108	4.4391327	3.9022639	3.7982798	2.4946592	2.8588448	4.4740076	3.6648748	3.8395512	2.860568	2.6542366	3.7697651	4.2864757
7	2.8403301	4.3496485	3.9032187	5.8741837	3.9584203	1.7745494	1.7691154	3.5875745	3.7166042	2.8679843	2.4195936	3.997328	2.7855492	3.8278234	2.8268125	1.7716918	4.173332	3.984703	4.3478985	3.3854985	4.4894857	2.7688432	3.3015773	2.3952734	1.7558112	2.677283	2.3878698	3.811426	5.007205	3.721247	5.517625	3.7488241	3.2252238	4.2588334	4.2627726	3.6369553	2.6921864	3.1642718	4.236411	3.6651778	3.8702006	2.8611495	2.4516635	3.73611	4.2296834
8	2.8430824	4.439673	3.9087403	5.4406195	3.8963056	1.7728592	1.7727238	3.6107693	3.6695576	2.8524044	2.4258592	4.0746493	2.7883706	3.8119695	2.8092325	1.7763907	4.2636805	4.018819	4.283756	3.3960142	4.474466	2.2827225	3.446895	2.3401973	1.7579551	2.9668522	2.3877306	3.782914	4.5498667	3.7326994	5.8002048	3.9389586	3.2095847	4.2585683	3.8266902	3.6882224	2.442663	2.8892577	4.513288	3.6624293	3.8927321	2.7981253	2.5214734	3.560512	4.1826653
9	2.8396285	4.540738	3.9301333	5.9333944	3.9622626	1.7734046	1.7693121	3.5810585	3.7644978	3.0544355	2.4193523	4.090208	2.8257468	3.882253	3.030275	1.7754984	4.323924	3.9203887	3.8037038	3.3215523	4.511407	3.0915246	3.0579782	2.370231	1.754806	3.0323734	2.3816965	3.6935396	5.011797	3.7200441	6.050205	3.9769185	3.1147504	4.578005	4.6229696	3.994419	2.6769733	3.0506973	4.5513043	3.65513	3.8562858	2.9198418	2.4867284	3.6401632	4.0186806
10	2.8324187	4.940193	3.9137208	5.852416	3.952625	1.7728553	1.7732832	3.5803583	3.7789645	3.0040383	2.4191854	4.009354	2.8289156	3.8576093	2.893028	1.7701893	4.2875786	3.8641503	4.34095	3.236752	4.5027537	3.1787963	3.0137582	2.2644207	1.759224	2.9710536	2.4152808	3.8637486	5.2049017	3.7344744	6.3231497	4.2698045	3.1794944	4.882834	4.4761524	3.3783326	3.5106394	3.3592627	4.513894	3.6791668	3.8662016	2.9224057	2.6396205	3.403685	4.125418
11	2.8476593	4.756939	3.9135635	5.6498013	3.9934566	1.7779062	1.774188	3.6020555	3.6973848	2.912671	2.4260783	4.0138097	2.8144789	3.8733296	3.0875561	1.7735337	4.2420073	3.9977095	4.384663	3.3139925	4.535589	3.433516	3.1153429	2.2529256	1.7582613	2.9982	2.4044144	3.8091085	4.939981	3.69598	6.357636	3.8712623	3.2946918	4.6782885	4.306693	3.968152	3.549905	3.1602712	4.510414	3.6785474	3.852703	2.9329538	2.6533303	3.9143043	4.119823
12	2.834709	4.8162527	3.944736	6.148805	3.9630833	1.773333	1.7732923	3.5982785	3.7321637	3.0288384	2.4231932	4.0387516	2.7731001	3.7838457	3.0529733	1.7703713	4.263159	4.1890426	4.3095284	3.3624334	4.530062	2.9360805	3.3167272	2.3128273	1.7540119	3.1016114	2.404665	3.6173537	5.24374	3.6381063	6.245926	4.081415	3.4142973	4.2542963	4.0108542	3.2256608	2.9168284	3.3134677	4.573947	3.6692162	3.8472583	2.863543	2.5559642	3.5268683	4.1198463
13	2.8372717	4.34317	3.9027362	5.8622794	3.91083	1.7724205	1.7723253	3.6272883	3.642264	2.7768764	2.4209366	4.0382032	2.785219	3.8064373	2.7200534	1.7751164	4.2704144	3.973446	4.0474443	3.4205902	4.485093	2.326021	3.3994877	2.2896929	1.7552954	2.7388558	2.397808	3.6263576	4.8507085	3.7276587	6.3200192	3.7411675	3.152293	4.386627	3.772864	2.9155822	2.5733728	3.125985	4.3223877	3.6715112	3.8785276	2.8132155	2.5746818	3.4116473	4.0356874
14	2.8411748	4.8251204	3.8932369	6.032631	3.9733171	1.7743764	1.7734168	3.611133	3.6965694	2.8025236	2.4190469	4.030984	2.7859566	3.7752569	2.9679627	1.7702615	4.2941175	4.146921	3.8982348	3.3842995	4.463418	2.5681245	3.4159746	2.4003384	1.7499958	3.0423107	2.415044	3.7670617	5.2245426	3.645193	6.370435	4.2030663	3.0441546	4.189289	4.0748158	2.4909558	2.8555608	3.5523925	4.5548234	3.6759698	3.878201	2.8411345	2.443202	3.4530652	3.854433
15	2.776605	5.0045605	3.8946576	5.548876	3.9120407	1.7747236	1.7747921	3.5636764	3.9355268	2.8987808	2.4250712	2.5417323	2.778448	3.7857642	2.9808407	1.7711092	4.3119345	4.156242	4.322793	3.3612733	4.5385966	2.514791	3.3490229	2.360442	1.7551793	3.0524	2.392859	3.7914765	5.066921	3.6331022	6.147686	3.9134548	3.3666217	4.2078524	4.022683	3.3446634	3.547475	3.0514574	4.5681553	3.6652472	3.8566089	2.8227737	2.4931726	3.7038395	4.095668
16	2.8386595	4.6850114	3.924777	5.7667685	4.0256186	1.7760894	1.7720956	3.6009846	3.7011514	2.9746268	2.4206045	4.0377173	2.7933693	3.8042603	3.1466448	1.7720569	4.22283	4.1760306	4.3360777	3.326365	4.490568	3.2237902	3.2818322	2.377995	1.7554927	3.0140016	2.4003127	3.7371764	4.882697	3.6264687	6.2453074	4.1933208	3.0919597	4.270687	4.3241744	2.9564414	2.954295	3.1568294	4.531152	3.66799	3.8729424	2.9160168	2.4828978	3.464499	4.0145483
17	2.8413672	4.805271	3.921699	5.8787484	3.9494095	1.7746475	1.7720921	3.604523	3.6736963	2.8689017	2.4212232	4.0145698	2.8304508	3.8296852	3.247173	1.7748365	4.175587	4.1188006	4.1341286	3.2276866	4.4863324	2.5447762	3.4136734	2.3722305	1.755625	2.830851	2.3982697	3.7504926	5.178144	3.6322618	6.368746	4.5503	3.2121964	4.12325	3.974266	3.3357353	2.7969477	3.70636	4.391008	3.666831	3.87025	2.8300328	2.4559512	3.738678	4.160141
18	2.8364072	4.1910486	3.9119134	5.073881	3.934344	1.774984	1.773066	3.5846472	3.703236	2.9292884	2.422598	4.0621634	2.8079276	3.822365	2.870698	1.7700179	4.218055	3.9704049	4.2917805	3.3263075	4.488056	2.447786	3.4358332	2.3821542	1.7574507	2.964686	2.3908668	3.6340566	4.189478	3.7288551	4.964362	4.058166	3.229621	4.1442604	3.963943	3.4525585	2.4100425	2.6307857	4.478398	3.6655843	3.8845742	2.8146858	2.4580576	3.4688768	4.144048
19	2.817082	4.313329	3.9331975	5.3583574	4.002784	1.7757013	1.7732631	3.6089473	3.639968	2.7923799	2.4181268	3.0153418	2.7890382	3.810412	2.861094	1.7708762	4.384132	4.014239	4.304876	3.3822107	4.480718	2.9525309	3.3004847	2.3605766	1.7566742	2.7767417	2.3924387	3.951836	4.3192663	3.7191308	6.1969213	3.9828067	3.0496836	4.307891	4.22225	3.4797058	2.3722973	2.6533074	4.3691387	3.6621964	3.8750558	2.8903127	2.4844801	3.7218528	4.143046
