frame G1:C1-C2 G1:C3-C4 G1:C1-CC G2:C1-C2 G2:C3-C4 G2:C1-CC C3:C1-C2 C3:C3-C4 C3:C1-CC A4:C1-C2 A4:C3-C4 A4:C1-CC C5:C1-C2 C5:C3-C4 C5:C1-CC G6:C1-C2 G6:C3-C4 G6:C1-CC C7:C1-C2 C7:C3-C4 C7:C1-CC A8:C1-C2 A8:C3-C4 A8:C1-CC A9:C1-C2 A9:C3-C4 A9:C1-CC G10:C1-C2 G10:C3-C4 G10:C1-CC U11:C1-C2 U11:C3-C4 U11:C1-CC G12:C1-C2 G12:C3-C4 G12:C1-CC C13:C1-C2 C13:C3-C4 C13:C1-CC C14:C1-C2 C14:C3-C4 C14:C1-CC G1:C4p-P-plus G1:C3p-P-plus G2:C4p-P G2:C5p-P G2:C5s-P G2:C4p-P-plus G2:C3p-P-plus C3:C4p-P C3:C5p-P C3:C5s-P C3:C4p-P-plus C3:C3p-P-plus A4:C4p-P A4:C5p-P A4:C5s-P A4:C4p-P-plus A4:C3p-P-plus C5:C4p-P C5:C5p-P C5:C5s-P C5:C4p-P-plus C5:C3p-P-plus G6:C4p-P G6:C5p-P G6:C5s-P G6:C4p-P-plus G6:C3p-P-plus C7:C4p-P C7:C5p-P C7:C5s-P C7:C4p-P-plus C7:C3p-P-plus A8:C4p-P A8:C5p-P A8:C5s-P A8:C4p-P-plus A8:C3p-P-plus A9:C4p-P A9:C5p-P A9:C5s-P A9:C4p-P-plus A9:C3p-P-plus G10:C4p-P G10:C5p-P G10:C5s-P G10:C4p-P-plus G10:C3p-P-plus U11:C4p-P U11:C5p-P U11:C5s-P U11:C4p-P-plus U11:C3p-P-plus G12:C4p-P G12:C5p-P G12:C5s-P G12:C4p-P-plus G12:C3p-P-plus C13:C4p-P C13:C5p-P C13:C5s-P C13:C4p-P-plus C13:C3p-P-plus C14:C4p-P C14:C5p-P C14:C5s-P
0 -8.5918e+00 1.7107e+01 -2.8057e+00 -8.2365e+00 1.8769e+01 -2.9031e+00 -8.2608e+00 1.7743e+01 -3.1989e+00 -7.9909e+00 1.8283e+01 2.1811e-02 -7.9203e+00 1.8566e+01 -2.4640e+00 -8.5369e+00 1.8380e+01 -6.2518e-01 -7.7695e+00 1.7510e+01 -3.1454e+00 -8.5850e+00 1.7156e+01 -1.2623e+00 -9.0336e+00 1.6876e+01 5.5792e-01 -8.2810e+00 1.7659e+01 -3.3762e+00 -8.2126e+00 1.8799e+01 -2.9016e+00 -8.4672e+00 1.7428e+01 -4.0719e+00 -8.2353e+00 1.8637e+01 -4.0918e+00 -7.7152e+00 1.8443e+01 -3.4344e+00 -1.6378e+01 -1.4529e+01 -1.7436e+01 -6.4016e+00 1.1644e+01 -1.6956e+01 -1.6425e+01 -1.7312e+01 -8.2638e+00 1.2507e+01 -1.6903e+01 -1.5032e+01 -1.8064e+01 -7.4740e+00 1.1664e+01 -1.6789e+01 -1.5534e+01 -1.7983e+01 -6.0355e+00 1.1133e+01 -1.4318e+01 -1.4948e+01 -1.8042e+01 -5.5645e+00 1.0525e+01 -9.4489e+00 -9.9091e+00 1.5018e+01 -1.2630e+01 4.7775e+00 -9.7449e+00 -8.8161e+00 -1.5636e+01 -6.0518e+00 1.2905e+01 -1.2823e+01 -1.4126e+01 -1.8035e+01 -6.3689e+00 1.1416e+01 -1.8829e+01 -1.4184e+01 -2.7053e+00 -3.6285e+00 2.7572e+00 -1.5393e+01 -1.3899e+01 -1.6854e+01 -1.2944e+01 1.4555e+01 -1.8794e+01 -1.6453e+01 -1.7828e+01 -1.7035e+01 -3.9561e+00 -1.5322e+01 -1.2830e+01 -1.6536e+01 -6.7259e+00 1.2701e+01 -1.6330e+01 -1.5471e+01 -1.7852e+01 -8.7712e+00 1.2631e+01
1 -8.2182e+00 1.8280e+01 -5.4266e-01 -8.2098e+00 1.7326e+01 -3.9608e+00 -8.5042e+00 1.8706e+01 -3.4808e+00 -8.4481e+00 1.8267e+01 -7.6724e-01 -7.5462e+00 1.8634e+01 -2.7101e+00 -8.2603e+00 1.7141e+01 -2.7110e+00 -7.4256e+00 1.7409e+01 -5.2314e+00 -8.2990e+00 1.6001e+01 -7.8566e-01 -8.5691e+00 1.7667e+01 4.2848e-01 -8.7010e+00 1.7274e+01 -3.8987e+00 -8.4515e+00 1.7980e+01 -3.8275e+00 -8.3460e+00 1.8312e+01 -2.8300e+00 -8.1543e+00 1.7597e+01 -3.1597e+00 -7.5112e+00 1.8673e+01 -2.8529e+00 -1.8979e+01 -1.5977e+01 -1.9074e+01 -1.8356e+01 -3.4317e+00 -1.4863e+01 -1.2271e+01 -1.6743e+01 -6.7374e+00 1.2769e+01 -1.6868e+01 -1.4956e+01 -1.7622e+01 -6.7040e+00 1.1733e+01 -1.5679e+01 -1.4385e+01 -1.6982e+01 -7.6413e+00 1.2720e+01 1.3324e+01 1.3054e+01 -7.6231e+00 2.9249e+00 -9.0179e+00 -1.5739e+01 -1.1890e+01 -1.6723e+01 -7.6151e+00 1.3192e+01 -1.2620e+01 -1.0405e+01 -1.6649e+01 -9.7822e+00 1.4290e+01 -1.0420e+01 -1.0424e+01 -1.7934e+01 -4.3462e+00 1.0507e+01 -1.7339e+01 -1.3970e+01 -8.5532e+00 -8.4209e+00 -2.8604e+00 -1.6627e+01 -1.3770e+01 -1.6656e+01 -7.0351e+00 1.2360e+01 -1.6383e+01 -1.4466e+01 -1.6914e+01 -5.2328e+00 1.1780e+01 -1.7296e+01 -1.6097e+01 -1.8021e+01 -6.2060e+00 1.0903e+01 -1.7766e+01 -1.6295e+01 -1.8427e+01 -6.0254e+00 1.0267e+01
2 -8.4716e+00 1.8447e+01 -2.9298e+00 -8.3903e+00 1.8484e+01 -2.0234e+00 -8.1459e+00 1.7997e+01 -3.3917e+00 -8.4776e+00 1.7482e+01 -6.2788e-01 -7.8817e+00 1.7942e+01 -3.1915e+00 -8.4102e+00 1.8375e+01 1.7605e-01 -8.0707e+00 1.7755e+01 -4.6294e+00 -8.2630e+00 1.7351e+01 -1.1768e+00 -8.8944e+00 1.6585e+01 2.0544e-01 -8.4587e+00 1.7967e+01 -2.7727e+00 -8.1343e+00 1.8226e+01 -3.6393e+00 -8.3296e+00 1.8260e+01 -1.2432e+00 -8.2815e+00 1.8238e+01 -3.7135e+00 -7.6469e+00 1.8185e+01 -3.3556e+00 -1.7558e+01 -1.5209e+01 -1.6870e+01 -9.4229e+00 1.3593e+01 -1.6659e+01 -1.4164e+01 -1.5159e+01 -1.0475e+01 1.4655e+01 -1.6461e+01 -1.4766e+01 -1.8050e+01 -6.1057e+00 1.1110e+01 -1.6459e+01 -1.3470e+01 -1.7002e+01 -8.7528e+00 1.3526e+01 -1.3356e+01 -1.4258e+01 -1.8198e+01 -2.4285e+00 7.4102e+00 -1.2844e+01 -1.1883e+01 1.3235e+01 -1.9336e+01 5.6248e+00 -1.0301e+01 -9.6885e+00 -1.4316e+01 -6.5059e+00 1.3235e+01 -1.2273e+01 -1.4168e+01 -1.8111e+01 -4.7961e+00 1.0357e+01 -1.9014e+01 -1.6205e+01 -5.6588e+00 -5.6367e+00 -2.2066e+00 -1.5789e+01 -1.4079e+01 -1.5358e+01 -9.8665e+00 1.4110e+01 -1.5884e+01 -1.4879e+01 -1.7727e+01 -5.4983e+00 1.1138e+01 -1.6991e+01 -1.5323e+01 -1.6264e+01 -6.0526e+00 1.2407e+01 -1.7523e+01 -1.6140e+01 -1.8377e+01 -5.8946e+00 1.0431e+01
3 -8.4782e+00 1.7555e+01 -3.8561e+00 -8.2834e+00 1.7652e+01 -2.4025e+00 -8.2002e+00 1.8340e+01 -3.6885e+00 -8.4569e+00 1.7597e+01 -7.4175e-01 -7.7664e+00 1.7691e+01 -2.8376e+00 -8.6707e+00 1.6777e+01 -2.3448e+00 -7.8137e+00 1.7690e+01 -5.2905e+00 -8.6492e+00 1.7331e+01 -1.6707e+00 -8.6732e+00 1.6355e+01 2.7526e-01 -8.7061e+00 1.7347e+01 -2.9626e+00 -8.3789e+00 1.8219e+01 -3.4408e+00 -8.3193e+00 1.8203e+01 -1.3031e+00 -8.0702e+00 1.8749e+01 -3.6157e+00 -8.1894e+00 1.8312e+01 -2.9027e+00 -1.6347e+01 -1.3815e+01 -1.7058e+01 -8.2450e+00 1.2740e+01 -1.6435e+01 -1.4223e+01 -1.6749e+01 -6.9018e+00 1.2422e+01 -1.6086e+01 -1.4446e+01 -1.7625e+01 -7.3606e+00 1.2393e+01 -1.6231e+01 -1.4579e+01 -1.7969e+01 -8.7013e+00 1.2539e+01 -1.3816e+01 -1.3773e+01 -2.0751e+01 -2.0955e+01 2.1629e-01 -1.0330e+01 -8.9766e+00 1.4100e+01 -1.4569e+01 4.9382e+00 -9.1383e+00 -8.2776e+00 -1.3748e+01 -9.1421e+00 1.4585e+01 -1.4720e+01 -1.4553e+01 -1.7712e+01 -7.1404e+00 1.2082e+01 -1.9648e+01 -1.4768e+01 -6.4421e+00 -6.1785e+00 -1.8685e+00 -1.7455e+01 -1.5018e+01 -1.7275e+01 -8.3887e+00 1.2938e+01 -1.7252e+01 -1.5026e+01 -1.7536e+01 -5.8977e+00 1.1613e+01 -1.6068e+01 -1.5122e+01 -1.6628e+01 -7.4970e+00 1.2690e+01 -1.6676e+01 -1.6160e+01 -1.8382e+01 -9.0842e+00 1.2554e+01
4 -8.2134e+00 1.7632e+01 -3.4931e+00 -8.1921e+00 1.8523e+01 -2.8547e+00 -8.5306e+00 1.7309e+01 -3.4169e+00 -8.5299e+00 1.7903e+01 -6.8013e-01 -7.6775e+00 1.7241e+01 -3.2844e+00 -8.3682e+00 1.8353e+01 1.8710e-02 -7.9560e+00 1.7667e+01 -4.0892e+00 -8.2794e+00 1.7286e+01 -1.3247e+00 -8.8720e+00 1.7043e+01 -6.3246e-02 -8.7169e+00 1.7187e+01 -2.3599e+00 -8.3615e+00 1.8410e+01 -3.2423e+00 -8.4241e+00 1.8536e+01 -1.7680e+00 -8.2490e+00 1.7399e+01 -3.4065e+00 -7.4843e+00 1.8224e+01 -2.8027e+00 -1.4390e+01 -1.3024e+01 -1.6697e+01 -7.9028e+00 1.2573e+01 -1.4718e+01 -1.3412e+01 -1.5924e+01 -9.6274e+00 1.4112e+01 -1.7018e+01 -1.4375e+01 -1.7865e+01 -4.9091e+00 1.0812e+01 -1.7333e+01 -1.5368e+01 -1.7937e+01 -6.7545e+00 1.1714e+01 -1.2328e+01 -1.3414e+01 -1.8279e+01 -4.2528e+00 9.1291e+00 -9.7139e+00 -1.0558e+01 1.4434e+01 -1.4551e+01 5.0933e+00 -1.0519e+01 -1.0385e+01 -1.5382e+01 -7.5476e+00 1.3526e+01 -1.1826e+01 -1.2594e+01 -1.7408e+01 -6.4356e+00 1.2123e+01 -1.8386e+01 -1.5921e+01 -6.7193e+00 -6.4566e+00 -3.4735e+00 -1.6171e+01 -1.4302e+01 -1.6408e+01 -9.6313e+00 1.3619e+01 -1.6711e+01 -1.4951e+01 -1.7042e+01 -5.8069e+00 1.2178e+01 -1.7479e+01 -1.5498e+01 -1.7440e+01 -7.2249e+00 1.2356e+01 -1.6565e+01 -1.5270e+01 -1.8339e+01 -7.1021e+00 1.1289e+01
5 -8.5196e+00 1.8759e+01 -1.6145e+00 -8.2395e+00 1.7853e+01 -2.9854e+00 -8.2956e+00 1.7405e+01 -3.5227e+00 -8.2869e+00 1.7936e+01 -8.3740e-01 -7.6923e+00 1.8144e+01 -2.8827e+00 -8.7662e+00 1.7364e+01 -2.4060e+00 -7.7888e+00 1.7713e+01 -3.4484e+00 -8.6243e+00 1.7392e+01 -1.6248e+00 -8.5800e+00 1.6845e+01 3.2474e-01 -8.3134e+00 1.7058e+01 -2.9327e+00 -8.2777e+00 1.8543e+01 -3.2138e+00 -8.3433e+00 1.8638e+01 -2.2526e+00 -7.8438e+00 1.8153e+01 -3.9047e+00 -7.7270e+00 1.7881e+01 -3.0666e+00 -1.6854e+01 -1.5450e+01 -1.6157e+01 -7.3225e+00 1.2837e+01 -1.6123e+01 -1.3686e+01 -1.6724e+01 -8.7741e+00 1.3490e+01 -1.7117e+01 -1.4557e+01 -1.7872e+01 -5.9167e+00 1.1366e+01 -1.6524e+01 -1.5134e+01 -1.7894e+01 -7.3800e+00 1.1878e+01 -1.3233e+01 -1.2845e+01 -2.0360e+01 -2.0309e+01 -6.8545e-01 -9.0559e+00 -7.9776e+00 1.5168e+01 -1.2905e+01 4.9187e+00 -9.4783e+00 -8.7334e+00 -1.3948e+01 -9.6976e+00 1.4790e+01 -1.4464e+01 -1.4175e+01 -1.7679e+01 -7.1710e+00 1.2143e+01 -1.9526e+01 -1.5259e+01 -7.6041e+00 -7.6319e+00 -8.7179e-01 -1.4773e+01 -1.3920e+01 -1.7257e+01 -8.5077e+00 1.2772e+01 -1.6514e+01 -1.4947e+01 -1.6731e+01 -6.2841e+00 1.2412e+01 -1.6256e+01 -1.4725e+01 -1.5997e+01 -8.8900e+00 1.3430e+01 -1.5592e+01 -1.4744e+01 -1.8148e+01 -7.7397e+00 1.2057e+01
6 -8.5954e+00 1.7888e+01 -2.0171e+00 -8.1232e+00 1.8024e+01 -3.1912e+00 -7.9456e+00 1.7799e+01 -4.0590e+00 -8.1952e+00 1.8131e+01 -1.2257e+00 -7.5841e+00 1.8977e+01 -3.1924e+00 -8.8453e+00 1.7119e+01 -2.9680e+00 -7.7684e+00 1.6952e+01 -4.0906e+00 -8.3449e+00 1.6856e+01 -1.7056e+00 -8.7709e+00 1.7576e+01 -1.3883e-03 -8.5080e+00 1.8080e+01 -2.6726e+00 -8.3290e+00 1.8903e+01 -3.6761e+00 -8.4030e+00 1.8775e+01 -3.0689e+00 -8.1057e+00 1.7734e+01 -4.1428e+00 -8.0180e+00 1.8703e+01 -3.3223e+00 -1.6944e+01 -1.4729e+01 -1.6127e+01 -7.7737e+00 1.3206e+01 -1.6974e+01 -1.4172e+01 -1.6547e+01 -8.2392e+00 1.3291e+01 -1.6167e+01 -1.4240e+01 -1.7391e+01 -6.7967e+00 1.1914e+01 -1.7172e+01 -1.6542e+01 -1.7766e+01 -4.0118e+00 9.7263e+00 -1.4327e+01 -1.5006e+01 -2.1030e+01 -2.1153e+01 4.6922e-01 -7.7878e+00 -5.7214e+00 1.5497e+01 -1.3288e+01 5.1632e+00 -9.1150e+00 -8.0644e+00 -1.5677e+01 -8.0669e+00 1.3749e+01 -1.4470e+01 -1.1929e+01 -1.4226e+01 -1.1365e+01 1.5381e+01 -1.9866e+01 -1.5638e+01 -5.2030e+00 -4.8231e+00 -4.0782e+00 -1.6533e+01 -1.5612e+01 -1.7352e+01 -6.3383e+00 1.1529e+01 -1.6294e+01 -1.4419e+01 -1.5212e+01 -8.9982e+00 1.4040e+01 -1.6557e+01 -1.5213e+01 -1.6319e+01 -9.6421e+00 1.3822e+01 -1.6370e+01 -1.5309e+01 -1.8360e+01 -6.0159e+00 1.0682e+01
7 -8.2031e+00 1.8664e+01 -2.3471e+00 -8.4257e+00 1.8401e+01 -2.1211e+00 -8.4185e+00 1.8002e+01 -3.2089e+00 -8.4107e+00 1.8055e+01 -4.7342e-01 -7.8503e+00 1.7694e+01 -3.5736e+00 -8.2826e+00 1.8213e+01 -5.6050e-01 -8.1530e+00 1.7668e+01 -4.8258e+00 -8.1450e+00 1.7445e+01 -1.2036e+00 -8.8427e+00 1.6624e+01 2.2860e-01 -8.3195e+00 1.8069e+01 -2.5555e+00 -8.3494e+00 1.8690e+01 -3.3181e+00 -8.2001e+00 1.8332e+01 -1.9133e+00 -8.3157e+00 1.8366e+01 -3.2750e+00 -7.2950e+00 1.6932e+01 -2.6802e+00 -1.6612e+01 -1.4466e+01 -1.6410e+01 -8.8165e+00 1.3490e+01 -1.6516e+01 -1.5140e+01 -1.7274e+01 -6.3237e+00 1.1772e+01 -1.6916e+01 -1.4957e+01 -1.7784e+01 -6.4610e+00 1.1616e+01 -1.6808e+01 -1.5048e+01 -1.7686e+01 -6.2261e+00 1.1583e+01 -1.1960e+01 -1.1275e+01 -1.7244e+01 -9.3019e+00 1.3511e+01 -1.0700e+01 -1.0046e+01 1.3749e+01 -1.7737e+01 5.5031e+00 -1.0336e+01 -9.7502e+00 -1.4135e+01 -7.7505e+00 1.3858e+01 -1.2622e+01 -1.4095e+01 -1.8046e+01 -4.7898e+00 1.0435e+01 -1.9156e+01 -1.6149e+01 -5.0171e+00 -4.9608e+00 -2.5893e+00 -1.5490e+01 -1.4133e+01 -1.5800e+01 -1.0582e+01 1.4363e+01 -1.6515e+01 -1.4864e+01 -1.6253e+01 -7.3517e+00 1.3062e+01 -1.7634e+01 -1.6483e+01 -1.8152e+01 -2.7018e+00 8.4208e+00 -1.8171e+01 -1.7126e+01 -1.8589e+01 -6.4312e+00 1.0095e+01
8 -8.6194e+00 1.8372e+01 -4.4627e+00 -8.5909e+00 1.7699e+01 -3.4169e+00 -8.2901e+00 1.7404e+01 -4.2161e+00 -8.1373e+00 1.7702e+01 -6.0754e-01 -8.0378e+00 1.8266e+01 -3.2015e+00 -8.4872e+00 1.8118e+01 -7.5557e-01 -8.1047e+00 1.7561e+01 -3.2311e+00 -8.2279e+00 1.7280e+01 -8.6394e-01 -8.9311e+00 1.6877e+01 4.2454e-01 -8.5923e+00 1.7547e+01 -2.9248e+00 -8.2901e+00 1.7936e+01 -3.5622e+00 -8.3059e+00 1.9099e+01 -1.9792e+00 -8.2694e+00 1.7637e+01 -4.0877e+00 -7.8178e+00 1.7129e+01 -3.3644e+00 -1.7658e+01 -1.4981e+01 -1.6889e+01 -5.4979e+00 1.2125e+01 -1.6018e+01 -1.2643e+01 -1.6879e+01 -5.2543e+00 1.1929e+01 -1.6073e+01 -1.4047e+01 -1.7650e+01 -6.6196e+00 1.1596e+01 -1.5786e+01 -1.4239e+01 -1.7844e+01 -6.6187e+00 1.1976e+01 -1.3313e+01 -1.3662e+01 -1.8112e+01 -4.4500e+00 9.8976e+00 -7.1811e+00 -7.0752e+00 1.6020e+01 -1.5156e+01 5.3030e+00 -1.0971e+01 -1.1360e+01 -1.6469e+01 -4.7456e+00 1.1477e+01 -1.1939e+01 -1.3855e+01 -1.7778e+01 -5.2058e+00 1.1104e+01 -1.8903e+01 -1.5763e+01 -6.5689e+00 -6.3752e+00 -1.9394e+00 -1.6395e+01 -1.4651e+01 -1.7046e+01 -8.7096e+00 1.3096e+01 -1.6599e+01 -1.4525e+01 -1.6375e+01 -5.6961e+00 1.1981e+01 -1.5898e+01 -1.5761e+01 -1.7208e+01 -5.5419e+00 1.1746e+01 -1.6757e+01 -1.5820e+01 -1.8431e+01 -6.2691e+00 1.0522e+01
9 -9.0730e+00 1.5603e+01 -2.5361e+00 -8.6571e+00 1.7853e+01 -2.0480e+00 -8.5273e+00 1.7506e+01 -3.2926e+00 -8.3155e+00 1.7439e+01 -1.2313e-01 -7.8917e+00 1.7514e+01 -3.0784e+00 -8.3407e+00 1.8279e+01 3.2400e-01 -7.8177e+00 1.7555e+01 -3.9621e+00 -8.1933e+00 1.7223e+01 -1.2887e+00 -8.8560e+00 1.6661e+01 -3.1225e-02 -8.4603e+00 1.7894e+01 -3.4182e+00 -8.2419e+00 1.8268e+01 -3.8928e+00 -8.2687e+00 1.8402e+01 -1.7733e+00 -8.1343e+00 1.8705e+01 -3.7115e+00 -7.7954e+00 1.8106e+01 -3.6293e+00 -1.6116e+01 -1.4278e+01 -1.7497e+01 -7.4358e+00 1.1877e+01 -1.7441e+01 -1.5274e+01 -1.7617e+01 -5.9907e+00 1.1522e+01 -1.8242e+01 -1.6142e+01 -1.8272e+01 -5.8314e+00 1.0381e+01 -1.6983e+01 -1.4721e+01 -1.8155e+01 -6.0760e+00 1.1124e+01 -1.3239e+01 -1.4527e+01 -1.8274e+01 -4.3058e+00 8.7635e+00 -8.9224e+00 -1.0344e+01 1.4734e+01 -1.4638e+01 5.1862e+00 -1.1402e+01 -1.0328e+01 -1.4990e+01 -4.6905e+00 1.2285e+01 -1.2067e+01 -1.3694e+01 -1.7925e+01 -5.1526e+00 1.0995e+01 -1.8832e+01 -1.6062e+01 -6.2961e+00 -6.3048e+00 -1.3461e+00 -1.5296e+01 -1.3297e+01 -1.5571e+01 -9.7422e+00 1.4269e+01 -1.6658e+01 -1.5041e+01 -1.6963e+01 -7.3942e+00 1.2673e+01 -1.6170e+01 -1.4860e+01 -1.5753e+01 -9.3723e+00 1.3968e+01 -1.6545e+01 -1.6029e+01 -1.7639e+01 -9.3812e+00 1.3331e+01
