frame G1:C1-C2 G1:C3-C4 G1:C1-CC G2:C1-C2 G2:C3-C4 G2:C1-CC C3:C1-C2 C3:C3-C4 C3:C1-CC A4:C1-C2 A4:C3-C4 A4:C1-CC C5:C1-C2 C5:C3-C4 C5:C1-CC G6:C1-C2 G6:C3-C4 G6:C1-CC C7:C1-C2 C7:C3-C4 C7:C1-CC A8:C1-C2 A8:C3-C4 A8:C1-CC A9:C1-C2 A9:C3-C4 A9:C1-CC G10:C1-C2 G10:C3-C4 G10:C1-CC URI11:C1-C2 URI11:C3-C4 URI11:C1-CC G12:C1-C2 G12:C3-C4 G12:C1-CC C13:C1-C2 C13:C3-C4 C13:C1-CC C14:C1-C2 C14:C3-C4 C14:C1-CC G1:C4p-P-plus G1:C3p-P-plus G2:C4p-P G2:C5p-P G2:C5s-P G2:C4p-P-plus G2:C3p-P-plus C3:C4p-P C3:C5p-P C3:C5s-P C3:C4p-P-plus C3:C3p-P-plus A4:C4p-P A4:C5p-P A4:C5s-P A4:C4p-P-plus A4:C3p-P-plus C5:C4p-P C5:C5p-P C5:C5s-P C5:C4p-P-plus C5:C3p-P-plus G6:C4p-P G6:C5p-P G6:C5s-P G6:C4p-P-plus G6:C3p-P-plus C7:C4p-P C7:C5p-P C7:C5s-P C7:C4p-P-plus C7:C3p-P-plus A8:C4p-P A8:C5p-P A8:C5s-P A8:C4p-P-plus A8:C3p-P-plus A9:C4p-P A9:C5p-P A9:C5s-P A9:C4p-P-plus A9:C3p-P-plus G10:C4p-P G10:C5p-P G10:C5s-P G10:C4p-P-plus G10:C3p-P-plus URI11:C4p-P URI11:C5p-P URI11:C5s-P URI11:C4p-P-plus URI11:C3p-P-plus G12:C4p-P G12:C5p-P G12:C5s-P G12:C4p-P-plus G12:C3p-P-plus C13:C4p-P C13:C5p-P C13:C5s-P C13:C4p-P-plus C13:C3p-P-plus C14:C4p-P C14:C5p-P C14:C5s-P
0 -6.8286e+00 1.3386e+01 -1.0100e+00 -7.7503e+00 1.4972e+01 -2.9119e+00 -5.4594e+00 1.5183e+01 -1.1759e+00 -7.2701e+00 1.2758e+01 -1.7925e-02 -5.3080e+00 1.2991e+01 -2.3180e+00 -5.4192e-01 1.3044e+01 -1.2261e+00 1.7263e+01 -9.2768e+00 -1.7475e+00 -5.5984e+00 2.0303e+00 7.7226e+00 -5.8662e+00 1.1151e+01 4.6042e+00 -8.9381e+00 7.2154e+00 -6.2165e+00 -6.8123e+00 1.4909e+01 -2.9102e+00 -7.9644e+00 1.3428e+01 1.0933e+00 -6.5578e+00 1.4201e+01 -2.6416e+00 -3.2873e+00 1.2560e+01 -1.6083e+00 -2.1736e+01 -1.3863e+01 -1.6978e+01 3.2534e+00 4.8737e+00 -1.6160e+01 -1.0239e+01 -1.5567e+01 -9.5049e+00 1.5030e+01 -1.5073e+01 -8.0350e+00 -2.1923e+01 1.5132e+01 -5.8504e+00 -1.7954e+01 -8.0390e+00 -1.5775e+01 6.9987e+00 3.3472e+00 -1.7149e+01 -1.0052e+01 -1.1363e+01 2.9424e+00 -5.9144e+00 -5.9424e+00 -9.6065e+00 -1.4972e+01 -1.0678e+01 -1.3820e+01 1.6351e+01 -4.8097e+00 1.1893e+00 -5.8436e+00 -3.0795e+00 -2.2217e+01 -9.1514e+00 -2.5347e+00 -2.8793e+00 -1.4903e+01 4.7704e+00 9.5876e+00 7.5437e+00 1.6570e+01 -6.2517e+00 -1.9186e+01 -1.0242e+01 -1.4371e+01 -8.4634e+00 1.3992e+01 -1.6583e+01 -7.4599e+00 -1.5143e+01 6.6260e+00 -4.5293e+00 -1.7398e+01 -1.0751e+01 -1.8131e+01 3.4675e+00 6.4823e+00 -1.8676e+01 -1.3888e+01 -1.6882e+01 -8.3760e+00 1.2177e+01
1 -5.3654e+00 1.3012e+01 7.5503e-01 -7.0424e+00 1.6107e+01 -3.2736e+00 -6.3763e+00 1.5504e+01 -1.5017e+00 -7.5807e+00 1.1813e+01 -8.2113e-01 -5.5790e+00 1.3810e+01 -2.8715e+00 -1.4068e+00 1.4622e+01 -7.1032e+00 1.4895e+01 -9.2999e+00 1.6978e+00 -6.0652e+00 2.0717e+00 8.0464e+00 -8.2356e+00 1.1370e+01 4.6914e+00 -8.6786e+00 6.4114e+00 -6.6558e+00 -3.8071e+00 1.6362e+01 -3.0408e+00 -7.8412e+00 1.3983e+01 9.5765e-01 -5.0210e+00 1.5235e+01 -3.1829e+00 -3.4537e-01 1.0929e+01 -1.2003e+00 -2.1895e+01 -1.3154e+01 -1.9368e+01 6.0555e+00 1.0050e+00 -1.7143e+01 -1.0942e+01 -1.5740e+01 -1.0272e+01 1.5377e+01 -1.5949e+01 -7.9000e+00 -2.2041e+01 1.5235e+01 -6.2140e+00 -1.6891e+01 -7.6311e+00 -1.7144e+01 6.4067e+00 4.2916e+00 -1.6113e+01 -7.5689e+00 -8.4406e+00 -2.8555e+00 2.4258e+00 -4.3743e+00 -9.3328e+00 -1.1575e+01 -2.9627e+00 -2.0892e+01 1.5697e+01 -6.3550e+00 1.4012e+00 -2.9979e+00 -4.2206e+00 -2.2091e+01 -9.4906e+00 -5.7257e+00 -6.8032e+00 -1.4367e+01 6.4033e+00 1.0170e+01 9.0017e+00 1.5040e+01 -4.0641e+00 -1.2409e+01 -5.7884e+00 -1.6053e+01 -7.4397e+00 1.3767e+01 -1.6133e+01 -7.7184e+00 -1.2704e+01 4.8268e+00 -2.9142e+00 -1.6064e+01 -7.9926e+00 -1.7845e+01 6.0690e+00 5.0276e+00 -1.9796e+01 -1.2227e+01 -1.4029e+01 -1.4521e+01 1.5776e+01
2 -5.1660e+00 1.4092e+01 -2.9329e+00 -7.2249e+00 1.6401e+01 -3.1254e+00 -6.0930e+00 1.5242e+01 -1.8651e+00 -7.7914e+00 1.2423e+01 -7.4285e-01 -5.4953e+00 1.3026e+01 -1.3754e+00 -3.9359e+00 1.7160e+01 -7.0427e+00 1.6116e+01 -9.7143e+00 -3.8452e+00 2.5487e+00 -8.1403e+00 7.5824e+00 -8.2562e+00 8.7949e+00 6.3287e+00 -8.0054e+00 1.0167e+01 -3.8818e+00 -5.5303e+00 1.6048e+01 -3.1060e+00 -8.2484e+00 1.3456e+01 1.2148e+00 -6.9617e+00 1.4366e+01 -2.8787e+00 -2.6180e+00 1.1239e+01 -1.5821e+00 -2.2079e+01 -1.4373e+01 -1.8321e+01 6.2509e+00 -2.0171e+00 -1.7108e+01 -1.1104e+01 -1.4562e+01 -1.0159e+01 1.5398e+01 -1.6269e+01 -8.8860e+00 -2.1660e+01 1.4970e+01 -5.8832e+00 -2.1818e+01 -1.1347e+01 -1.3333e+01 2.2595e+00 6.8878e+00 -1.3985e+01 -7.9170e+00 -1.2235e+01 -3.6632e+00 3.8903e+00 -9.5755e+00 -7.6078e+00 -1.2277e+01 -9.5432e+00 -1.3337e+01 1.5534e+01 -1.0682e+01 5.9410e+00 -9.2221e+00 -5.8365e-01 2.6253e+00 -1.0326e+01 -8.4210e+00 -2.0346e+01 1.7864e+00 -1.8360e+00 5.4603e+00 8.6102e+00 1.2151e+01 -1.9299e+00 -1.9059e+01 -1.0349e+01 -1.4311e+01 -5.5812e+00 1.2725e+01 -1.6325e+01 -7.7026e+00 -1.3006e+01 3.3987e+00 -1.7127e+00 -1.4967e+01 -9.9293e+00 -2.0367e+01 9.6664e+00 -1.4604e+00 -2.0287e+01 -1.7100e+01 -1.7415e+01 -5.0736e+00 7.7233e+00
3 -5.8916e+00 1.5004e+01 -1.8578e+00 -7.6363e+00 1.5998e+01 -3.4239e+00 -6.7297e+00 1.3958e+01 -8.8770e-01 -6.6812e+00 1.1696e+01 1.2604e+00 -8.0312e+00 1.1015e+01 -2.3481e+00 -3.1184e+00 1.5795e+01 -7.6539e+00 1.8251e+01 -9.4627e+00 1.9861e-01 -7.4133e+00 2.8623e+00 7.9473e+00 -5.8597e+00 1.2173e+01 4.7420e+00 -6.7476e+00 6.7004e+00 -5.6998e+00 -5.0365e+00 1.6261e+01 -2.8152e+00 -8.2110e+00 1.4110e+01 9.3980e-01 -5.8575e+00 1.4210e+01 -3.4444e+00 -2.4239e+00 1.1733e+01 -9.1956e-01 -2.0927e+01 -1.2490e+01 -1.7143e+01 3.5796e+00 5.8464e+00 -1.8975e+01 -1.2602e+01 -1.4178e+01 -1.0108e+01 1.5193e+01 -1.7451e+01 -9.1111e+00 -2.0951e+01 1.4336e+01 -4.7564e+00 -2.1457e+01 -1.3141e+01 -1.0505e+01 -9.4636e+00 -1.4279e+01 -1.1541e+01 -4.6999e+00 -9.0605e+00 -2.3728e+00 3.7244e+00 -7.8078e+00 -5.2904e+00 -2.4883e+00 2.1111e+00 -2.1152e+01 1.5546e+01 -1.0421e+01 4.2223e+00 -5.9587e+00 -2.8800e+00 -2.2806e+01 -7.2060e+00 -7.5573e-01 -6.9670e-01 -1.4327e+01 1.1684e+00 7.9029e-01 -1.6275e-01 1.2839e+01 -2.1816e+00 -1.6240e+01 -8.8477e+00 -1.7311e+01 -1.7884e+00 1.0653e+01 -1.5926e+01 -7.7831e+00 -1.3069e+01 5.6761e+00 -5.8402e+00 -1.7126e+01 -8.9650e+00 -1.6337e+01 5.3787e+00 5.5341e+00 -1.9023e+01 -1.3165e+01 -1.7166e+01 -1.0833e+01 1.3884e+01
4 -4.1782e+00 1.3309e+01 -3.0451e+00 -7.7199e+00 1.5171e+01 -3.2144e+00 -5.7275e+00 1.4976e+01 -1.2643e+00 -7.7091e+00 1.3134e+01 -1.8132e-01 -6.0641e+00 1.4759e+01 -1.9105e+00 -6.6529e+00 1.5587e+01 -7.6669e+00 1.5021e+01 -9.7185e+00 -5.4316e+00 -7.2090e+00 9.6942e+00 8.9692e+00 -8.0333e+00 9.3934e+00 5.5707e+00 -7.6839e+00 1.0550e+01 -4.8541e+00 -6.0713e+00 1.6596e+01 -3.1875e+00 -8.4896e+00 1.5110e+01 -2.6997e-01 -5.5589e+00 1.2516e+01 -3.0120e+00 -2.6376e+00 1.2059e+01 -6.1264e-01 -2.2220e+01 -1.3212e+01 -1.8538e+01 8.3349e+00 -6.0398e+00 -1.7330e+01 -1.1923e+01 -1.5834e+01 -1.0704e+01 1.5133e+01 -1.4952e+01 -7.8982e+00 -2.1748e+01 1.4929e+01 -5.3573e+00 -1.8851e+01 -9.0978e+00 -1.5730e+01 5.4189e+00 4.7962e+00 -1.6466e+01 -6.7434e+00 -1.0312e+01 8.5476e-01 -1.5276e+00 -6.3402e+00 -6.9831e+00 -1.7621e+01 -1.6915e+01 1.3372e+00 1.4030e+01 -1.4609e+01 1.3837e+01 4.3654e+00 -4.4233e+00 -2.1601e+01 -7.5381e+00 -1.2140e+01 -1.0204e+01 -1.2716e+01 5.0829e+00 5.4080e+00 1.3540e+00 1.1607e+01 -1.1761e+00 -1.9353e+01 -1.0118e+01 -1.4729e+01 -6.3306e+00 1.3161e+01 -1.4434e+01 -5.9268e+00 -1.4401e+01 8.3011e+00 -4.6596e+00 -2.0100e+01 -1.1433e+01 -1.1763e+01 -6.5946e+00 1.3058e+01 -1.8340e+01 -1.5466e+01 -1.7420e+01 -5.9040e+00 9.0550e+00
5 -5.3776e+00 1.3580e+01 1.6375e+00 -7.9236e+00 1.6515e+01 -2.5097e+00 -6.2830e+00 1.4625e+01 -1.0063e+00 -6.9903e+00 1.2539e+01 1.2015e+00 -7.9192e+00 1.1821e+01 -2.0965e+00 -6.1976e+00 1.6409e+01 -6.9861e+00 1.6379e+01 -8.3701e+00 -3.5132e+00 7.9000e+00 -8.0004e+00 6.7190e+00 -8.0522e+00 9.1752e+00 5.9839e+00 -8.3883e+00 7.9947e+00 -5.2297e+00 -6.1758e+00 1.6801e+01 -3.2658e+00 -8.3615e+00 1.4091e+01 2.5685e-01 -6.6458e+00 1.3741e+01 -1.8478e+00 3.5155e+00 6.5862e+00 -1.4057e+00 -2.2468e+01 -1.5630e+01 -1.9336e+01 8.7538e+00 -7.5768e+00 -1.6531e+01 -1.0068e+01 -1.2131e+01 -8.4237e+00 1.4505e+01 -1.6040e+01 -8.2472e+00 -2.1227e+01 1.5028e+01 -5.1967e+00 -2.1706e+01 -1.4132e+01 -1.0958e+01 -4.8830e+00 -1.9031e+01 -1.4999e+01 -5.7231e+00 -8.1838e+00 -9.3534e+00 8.6421e+00 -1.0528e+01 -1.0286e+01 -7.9659e+00 -3.4864e+00 -1.7032e+01 1.6061e+01 -1.4831e+00 9.7879e-03 -4.6788e+00 -3.7866e+00 3.7703e+00 -9.4271e+00 -6.9106e+00 -1.9845e+01 2.8465e+00 2.1305e+00 7.7632e+00 9.2879e+00 1.4758e+01 -3.8474e+00 -1.6525e+01 -8.6531e+00 -1.5093e+01 -5.6987e+00 1.2841e+01 -1.4120e+01 -5.8078e+00 -1.2018e+01 5.5688e+00 -1.2567e+00 -2.0253e+01 -1.2039e+01 -1.5388e+01 -5.0167e+00 1.2187e+01 -1.6985e+01 -1.3085e+01 -1.3489e+01 -7.9557e+00 1.3048e+01
6 -3.9836e+00 1.4094e+01 -1.2338e+00 -7.7026e+00 1.6339e+01 -3.9767e+00 -6.9324e+00 1.4681e+01 -1.2510e+00 -6.4978e+00 1.1088e+01 8.3564e-01 -7.9825e+00 1.4330e+01 -1.5168e+00 -6.7271e+00 1.4711e+01 -2.5521e+00 1.4663e+01 -9.6310e+00 -6.4164e+00 -6.5713e+00 6.4923e+00 8.9473e+00 -8.9580e-01 1.0430e+01 5.4622e+00 -8.4343e+00 1.0181e+01 -4.5959e+00 -6.5194e+00 1.6304e+01 -3.3033e+00 -8.7928e+00 1.5652e+01 -3.3815e-01 -6.3274e+00 1.3953e+01 -3.7026e+00 1.1149e+00 9.7919e+00 -2.1832e+00 -2.2203e+01 -1.4191e+01 -1.9577e+01 9.1571e+00 -7.9895e+00 -1.9258e+01 -1.2793e+01 -1.3799e+01 -1.0876e+01 1.5471e+01 -1.5607e+01 -7.2213e+00 -2.0683e+01 1.4901e+01 -4.1744e+00 -2.2055e+01 -1.4181e+01 -8.2781e+00 -1.4266e-02 -2.2024e+01 -1.4657e+01 -5.0151e+00 -8.3550e+00 -8.3110e+00 8.7691e+00 -1.1174e+01 -5.7528e+00 -1.1509e+01 -1.0816e+01 5.9662e+00 1.3350e+01 -1.4978e+01 1.3839e+01 6.2298e+00 -8.5039e+00 -2.1063e+01 -3.7061e+00 -1.1035e+00 7.8254e-01 -1.5198e+01 8.5226e+00 1.4959e+01 1.2775e+01 1.6098e+01 -4.7028e+00 -1.8198e+01 -1.0180e+01 -1.4916e+01 -5.3932e+00 1.2607e+01 -1.5835e+01 -7.7628e+00 -1.3130e+01 4.8687e+00 -4.7852e+00 -1.7362e+01 -9.5225e+00 -1.3332e+01 -5.3054e+00 1.2535e+01 -1.9970e+01 -1.3044e+01 -1.3279e+01 -1.2493e+01 1.5045e+01
7 -6.2834e+00 1.4585e+01 1.3500e+00 -7.9071e+00 1.5962e+01 -2.3793e+00 -6.4410e+00 1.5146e+01 -1.2764e+00 -7.2909e+00 1.1812e+01 -9.4810e-01 -5.6141e+00 1.3382e+01 -1.9373e+00 -4.6355e+00 1.2979e+01 -1.1334e+00 1.5334e+01 -9.4861e+00 -7.3063e+00 -2.5574e+00 6.1843e+00 8.9300e+00 -8.7440e+00 1.0430e+01 6.1552e+00 -8.3694e+00 9.2946e+00 -5.3704e+00 -6.2361e+00 1.6397e+01 -3.3816e+00 -7.8637e+00 1.3332e+01 5.6814e-01 -7.0568e+00 1.4631e+01 -2.6247e+00 2.2932e+00 7.7376e+00 -1.6384e+00 -2.2150e+01 -1.4393e+01 -1.7186e+01 6.6470e+00 -8.6003e+00 -1.7427e+01 -1.0837e+01 -1.5280e+01 -1.0825e+01 1.5317e+01 -1.4814e+01 -7.7458e+00 -2.1772e+01 1.4563e+01 -6.4104e+00 -1.9357e+01 -9.1693e+00 -1.6113e+01 5.7255e+00 4.6608e+00 -1.4611e+01 -4.5648e+00 -1.2055e+01 1.7547e+00 5.9833e-01 -1.2046e+01 -7.9845e+00 -1.5656e+01 -1.3645e+01 5.8176e+00 1.3138e+01 -1.5071e+01 1.4309e+01 7.1720e+00 -9.8959e+00 -1.6446e+01 -1.7393e+01 -1.4786e+01 -2.0497e+01 -8.9611e-01 4.9373e+00 6.0130e+00 2.3209e+00 1.5527e+01 -4.7744e+00 -1.5550e+01 -8.6744e+00 -1.6371e+01 -3.6637e+00 1.1865e+01 -1.5892e+01 -7.4604e+00 -1.4345e+01 5.6007e+00 -5.9660e+00 -1.6545e+01 -1.2560e+01 -1.8841e+01 4.8090e+00 3.0632e+00 -1.8653e+01 -1.5753e+01 -1.5829e+01 -5.1354e+00 9.5567e+00
8 -5.7834e+00 1.4772e+01 3.9462e+00 -7.2964e+00 1.5685e+01 -2.6004e+00 -6.4190e+00 1.4918e+01 -6.3276e-01 -6.2088e+00 1.3143e+01 7.1080e-01 -8.7500e+00 1.3337e+01 -3.1110e+00 -5.2902e+00 1.3608e+01 -1.2344e+00 1.4573e+01 -9.6951e+00 -3.4134e+00 4.1363e+00 -8.2712e+00 8.1613e+00 -8.2439e+00 9.4459e+00 6.1372e+00 -8.1509e+00 9.8979e+00 -5.0759e+00 -5.3469e+00 1.5589e+01 -3.0736e+00 -7.6926e+00 1.4211e+01 8.4688e-01 -5.7078e+00 1.4858e+01 -3.7688e+00 3.9156e+00 7.1816e+00 -2.0399e+00 -2.2384e+01 -1.5442e+01 -1.8225e+01 7.8379e+00 -9.5705e+00 -1.9074e+01 -1.2457e+01 -1.5252e+01 -9.9764e+00 1.5179e+01 -1.5987e+01 -9.5294e+00 -2.0558e+01 1.2418e+01 -3.6657e+00 -2.1336e+01 -1.2208e+01 -8.4413e+00 -9.4378e+00 -1.3114e+01 -1.1172e+01 -1.1722e+00 -6.7248e+00 -7.2977e+00 8.5916e+00 -1.2830e+01 -6.7170e+00 -9.6098e+00 -4.0823e+00 -2.0321e+01 1.6495e+01 -7.8928e+00 5.1434e+00 -7.3470e+00 -1.8288e+00 7.3287e+00 -8.5478e+00 -2.1125e+00 -1.2531e+01 5.3602e+00 1.7017e+00 3.5081e+00 4.1530e+00 1.4892e+01 -3.8048e+00 -1.7826e+01 -9.5500e+00 -1.5214e+01 -5.6021e+00 1.2870e+01 -1.6883e+01 -7.7572e+00 -1.3403e+01 5.0079e+00 -6.4010e+00 -1.5752e+01 -8.6124e+00 -1.8017e+01 5.6245e+00 5.1148e+00 -1.8955e+01 -1.3852e+01 -1.4787e+01 -8.9468e+00 1.3131e+01
9 -4.1815e+00 1.2959e+01 -2.7896e+00 -6.9570e+00 1.5115e+01 -2.8565e+00 -6.0932e+00 1.3174e+01 -1.0000e+00 -6.6540e+00 1.1221e+01 4.5161e-01 -5.3857e+00 1.2628e+01 -1.1166e+00 -6.2179e+00 1.3567e+01 2.6500e-01 1.6266e+01 -9.3709e+00 -4.3361e+00 8.0728e+00 -9.4218e+00 7.6797e+00 -8.2279e+00 8.2094e+00 7.3116e+00 -8.3432e+00 1.0478e+01 -5.1315e+00 -5.0722e+00 1.5263e+01 -2.8380e+00 -7.9362e+00 1.3909e+01 1.0672e+00 -5.6007e+00 1.2064e+01 -1.7171e+00 4.6417e+00 7.3092e+00 -5.9721e-01 -2.1575e+01 -1.1132e+01 -1.8583e+01 7.3033e+00 -1.7718e-01 -1.9283e+01 -1.2460e+01 -1.4511e+01 -1.0050e+01 1.5133e+01 -1.5285e+01 -8.3722e+00 -2.1543e+01 1.4313e+01 -5.7744e+00 -1.7678e+01 -9.1544e+00 -1.7119e+01 5.3560e+00 5.1643e+00 -1.7144e+01 -7.9516e+00 -1.4294e+01 6.3585e+00 -1.0155e+01 -9.6431e+00 -8.6726e+00 -9.8393e+00 -7.5399e+00 -1.2547e+01 1.5093e+01 -1.0808e+01 7.0973e+00 -7.5371e+00 -1.9468e+00 5.3528e+00 -4.4260e+00 2.1472e+00 -8.5391e+00 4.5029e+00 1.6764e+00 7.5982e+00 8.2104e+00 1.3192e+01 -2.9246e+00 -2.1544e+01 -1.1029e+01 -1.1374e+01 -9.0058e+00 1.4118e+01 -1.5966e+01 -6.6088e+00 -1.2481e+01 5.3585e+00 -1.7032e+00 -1.7624e+01 -1.1563e+01 -1.7010e+01 -7.4600e-01 9.4518e+00 -1.2891e+01 -1.3637e+01 -1.7116e+01 -2.6538e+00 8.0030e+00
10 -5.9973e+00 1.0452e+01 -2.5514e+00 -7.8565e+00 1.6269e+01 -3.7685e+00 -6.4403e+00 1.5204e+01 -1.4651e+00 -7.2666e+00 1.1663e+01 1.3712e-01 -6.3318e+00 1.5237e+01 -1.9295e+00 -3.5514e+00 1.5074e+01 -7.5932e+00 1.6252e+01 -9.5055e+00 -3.4744e+00 3.9069e+00 -8.9658e+00 8.4412e+00 -8.0395e+00 1.1413e+01 7.1131e+00 -8.3749e+00 1.0105e+01 -4.8455e+00 -6.6817e+00 1.6411e+01 -3.4296e+00 -7.8924e+00 1.4201e+01 1.8972e-01 -3.6835e+00 1.1822e+01 -3.1844e+00 2.8790e+00 5.4158e+00 -6.9466e-01 -2.1348e+01 -1.6397e+01 -1.9233e+01 8.8772e+00 -9.2317e+00 -1.7566e+01 -1.1963e+01 -1.5143e+01 -1.0250e+01 1.5185e+01 -1.6079e+01 -8.7762e+00 -2.1332e+01 1.4616e+01 -5.5599e+00 -1.8702e+01 -8.9320e+00 -1.6309e+01 5.6213e+00 4.9209e+00 -1.6219e+01 -8.9029e+00 -9.4839e+00 -2.8561e+00 2.6792e+00 -1.1084e+01 -1.0804e+01 -1.4634e+01 -1.3562e+01 -4.0519e+00 1.4645e+01 -1.2997e+01 7.7202e+00 -8.9983e+00 -7.6740e-01 6.9449e+00 -7.0995e+00 -1.7829e+00 -1.2726e+01 5.4506e+00 7.1436e+00 1.1505e+01 1.0705e+01 1.6347e+01 -5.2408e+00 -2.0910e+01 -1.0342e+01 -1.2302e+01 -8.1823e+00 1.4040e+01 -1.5722e+01 -7.7426e+00 -1.1842e+01 3.9142e+00 -3.8481e+00 -1.8084e+01 -1.1207e+01 -1.4526e+01 -1.5670e+00 1.0162e+01 -2.1686e+01 -1.5150e+01 -1.5467e+01 -5.0296e+00 1.0165e+01
11 -4.3838e+00 1.5453e+01 1.4489e+00 -7.2626e+00 1.5856e+01 -2.7756e+00 -6.2388e+00 1.4722e+01 -1.5986e+00 -6.6893e+00 1.1422e+01 -1.0238e+00 -5.5741e+00 1.2847e+01 -1.7426e+00 -3.0481e+00 1.2803e+01 -2.5100e+00 1.7402e+01 -9.4866e+00 -1.7473e+00 -5.6506e+00 -5.3977e-01 7.5520e+00 -4.8784e+00 7.9188e+00 4.6151e+00 -7.4974e+00 5.9958e+00 -5.4888e+00 -4.6161e+00 1.6302e+01 -3.3913e+00 -7.6204e+00 1.3710e+01 1.6239e+00 -3.9605e+00 1.3906e+01 -3.1967e+00 4.5230e+00 6.9346e+00 -8.9241e-01 -2.0761e+01 -1.2356e+01 -1.8181e+01 2.9769e+00 4.3482e+00 -1.8223e+01 -1.1493e+01 -1.6399e+01 -9.7753e+00 1.5226e+01 -1.3477e+01 -7.1704e+00 -2.1241e+01 1.4517e+01 -4.6483e+00 -1.9850e+01 -9.7667e+00 -1.6416e+01 8.4592e+00 2.0366e+00 -1.7226e+01 -8.7260e+00 -1.1374e+01 2.2541e+00 -5.2157e+00 -7.2632e+00 -9.7485e+00 -1.3235e+01 -1.0347e+01 -1.2048e+01 1.6150e+01 -8.6247e+00 1.8607e+00 -8.1724e+00 -1.1905e+00 -1.8463e+01 -1.1032e+01 -8.6999e+00 -8.5029e+00 -1.3932e+01 2.7605e+00 8.9489e+00 7.0199e+00 1.5852e+01 -5.3565e+00 -1.3667e+01 -8.4698e+00 -1.7398e+01 -2.4634e+00 1.1198e+01 -1.5169e+01 -5.7232e+00 -9.9426e+00 1.9072e+00 -5.5114e+00 -1.1603e+01 -6.0443e+00 -1.7755e+01 9.1865e+00 2.0971e+00 -1.7052e+01 -1.3762e+01 -1.7430e+01 -5.5581e+00 1.1304e+01
12 -4.6497e+00 1.4490e+01 4.9382e-01 -6.8489e+00 1.5323e+01 -2.4470e+00 -6.3291e+00 1.3899e+01 -1.0042e+00 -7.5635e+00 1.2660e+01 6.9454e-02 -6.8035e+00 1.5177e+01 -1.6675e+00 -4.8752e+00 1.5062e+01 -6.7069e+00 1.6692e+01 -9.4141e+00 -2.3362e+00 3.3668e+00 -7.9730e+00 7.8490e+00 -7.0622e+00 8.0449e+00 6.2046e+00 -8.2668e+00 1.1001e+01 -4.8598e+00 -6.0809e+00 1.5591e+01 -3.1719e+00 -8.0200e+00 1.3249e+01 1.3342e+00 -6.0066e+00 1.4970e+01 -1.8165e+00 -2.7158e+00 1.1753e+01 -1.0909e+00 -2.1953e+01 -1.4254e+01 -1.8536e+01 5.8224e+00 6.6195e-01 -1.9533e+01 -1.2437e+01 -1.5294e+01 -1.0570e+01 1.5373e+01 -1.5289e+01 -9.7854e+00 -2.1956e+01 1.3292e+01 -6.4828e+00 -1.8108e+01 -8.6227e+00 -1.6764e+01 6.8547e+00 3.7260e+00 -1.5162e+01 -5.6930e+00 -5.4736e+00 -3.3600e+00 5.3188e+00 -1.0949e+01 -9.3266e+00 -8.3814e+00 -6.4375e+00 -1.1582e+01 1.5412e+01 -1.1392e+01 5.4190e+00 -8.7871e+00 -1.2254e+00 1.8836e+00 -1.1011e+01 -1.1241e+01 -2.0603e+01 3.8516e-02 4.2815e+00 1.1135e+01 1.0082e+01 1.7228e+01 -6.8029e+00 -2.2306e+01 -1.0834e+01 -9.9565e+00 -9.7766e+00 1.4474e+01 -1.6398e+01 -7.0199e+00 -1.0285e+01 1.7132e+00 -6.4099e-01 -1.6052e+01 -1.1801e+01 -1.7624e+01 9.6879e-01 6.8980e+00 -1.8638e+01 -1.3171e+01 -1.6700e+01 -1.0450e+01 1.3604e+01
13 -3.8846e+00 1.5236e+01 -5.4565e-01 -7.1456e+00 1.5206e+01 -2.6035e+00 -6.0602e+00 1.4101e+01 -8.0979e-01 -7.3214e+00 1.2522e+01 2.7620e-02 -5.7747e+00 1.4165e+01 -1.5842e+00 -6.7716e+00 1.4694e+01 1.7876e-01 1.4393e+01 -9.6749e+00 -5.6467e+00 -4.4696e+00 6.1563e+00 9.3556e+00 -6.7964e+00 8.7607e+00 5.9907e+00 -8.3695e+00 1.1927e+01 -4.2990e+00 -5.3767e+00 1.4818e+01 -3.1395e+00 -7.6469e+00 1.3217e+01 1.4149e+00 -5.0968e+00 1.4353e+01 -2.3413e+00 2.1090e+00 1.0587e+01 -1.2931e+00 -2.1452e+01 -1.3488e+01 -1.8619e+01 8.0593e+00 -5.6326e+00 -1.9516e+01 -1.3025e+01 -1.5527e+01 -1.0863e+01 1.5245e+01 -1.3435e+01 -7.1683e+00 -2.2427e+01 1.4586e+01 -6.9194e+00 -1.9322e+01 -9.1088e+00 -1.4984e+01 4.1310e+00 5.7106e+00 -1.6274e+01 -7.4433e+00 -1.1738e+01 2.9185e+00 -5.2011e+00 -1.2447e+01 -8.3614e+00 -1.3964e+01 -1.4184e+01 -1.9713e+00 1.3339e+01 -1.5022e+01 1.4595e+01 3.3591e+00 -2.8072e+00 -8.8346e+00 -1.6416e+01 -1.6340e+01 -1.9366e+01 3.1742e+00 -3.9102e+00 4.1977e+00 6.0575e+00 1.1929e+01 -2.7340e+00 -2.1721e+01 -1.1080e+01 -1.1151e+01 -8.5844e+00 1.4019e+01 -1.7441e+01 -7.5962e+00 -1.1860e+01 3.0594e+00 -1.5362e+00 -1.2505e+01 -8.7717e+00 -1.9754e+01 9.4105e+00 -6.8850e-01 -1.8448e+01 -1.2973e+01 -1.5744e+01 -9.9508e+00 1.4283e+01
14 -4.5802e+00 1.5709e+01 -2.7373e+00 -7.0218e+00 1.5752e+01 -2.9451e+00 -6.5894e+00 1.4678e+01 -1.1724e+00 -6.7312e+00 1.1395e+01 1.0628e-02 -5.8506e+00 1.3751e+01 -2.1047e+00 -6.1744e+00 1.4001e+01 -1.8321e+00 1.5995e+01 -9.6931e+00 -6.6000e+00 -7.3950e+00 9.7382e+00 8.9825e+00 2.4633e+00 1.2504e+01 2.2893e+00 -7.0652e+00 1.1402e+01 -4.6113e+00 -4.7923e+00 1.5798e+01 -3.1145e+00 -8.0957e+00 1.3398e+01 1.3000e+00 -6.5377e+00 1.5018e+01 -3.0983e+00 3.6829e+00 8.5594e+00 -2.8639e+00 -1.9621e+01 -1.0764e+01 -1.6367e+01 -2.3105e+00 9.9092e+00 -1.9281e+01 -1.2633e+01 -1.5959e+01 -1.0564e+01 1.5324e+01 -1.5386e+01 -8.2493e+00 -2.0602e+01 1.3574e+01 -4.6037e+00 -1.3985e+01 -5.0999e+00 -1.9737e+01 1.2798e+01 -1.2309e+00 -1.5834e+01 -5.2808e+00 -1.3278e+01 4.4138e+00 -2.4360e+00 -7.1799e+00 -7.5286e+00 -1.8867e+01 -1.7109e+01 4.3617e+00 1.3797e+01 -1.5027e+01 1.2967e+01 1.4448e-01 1.3028e+00 -2.0142e+01 -4.8890e+00 -6.4318e+00 -5.0291e+00 -1.0011e+01 4.9846e+00 6.5532e+00 -4.9125e+00 1.2744e+01 -1.6393e+00 -2.0677e+01 -1.0444e+01 -1.4393e+01 -6.5791e+00 1.3458e+01 -1.6033e+01 -6.5635e+00 -1.2859e+01 4.3232e+00 -4.6005e+00 -1.3735e+01 -9.8389e+00 -1.8969e+01 4.6830e+00 4.9258e+00 -1.7653e+01 -1.3006e+01 -1.4219e+01 -9.1957e+00 1.3591e+01
15 -5.0257e+00 1.5116e+01 1.1100e+00 -7.8837e+00 1.5191e+01 -2.2765e+00 -6.5884e+00 1.5432e+01 -9.5947e-01 -7.5226e+00 1.2743e+01 -7.4873e-01 -5.8665e+00 1.4299e+01 -2.3136e+00 -5.9010e+00 1.5298e+01 -7.4585e-02 1.5470e+01 -9.7400e+00 -4.7287e+00 5.1563e+00 -8.4706e+00 7.5302e+00 -7.1796e+00 6.8337e+00 6.0723e+00 -8.0825e+00 9.7444e+00 -5.1304e+00 -6.0982e+00 1.6967e+01 -3.3707e+00 -7.7503e+00 1.4364e+01 4.2479e-01 -4.7622e+00 1.2861e+01 -3.9526e+00 4.9485e+00 8.7743e+00 -1.3026e+00 -2.1391e+01 -1.3189e+01 -1.7336e+01 3.9416e+00 2.4368e+00 -1.8573e+01 -1.2567e+01 -1.7044e+01 -1.1151e+01 1.5045e+01 -1.4102e+01 -8.3894e+00 -2.2118e+01 1.4008e+01 -7.0552e+00 -1.8752e+01 -9.1907e+00 -1.6359e+01 5.5209e+00 4.9245e+00 -1.3680e+01 -6.0178e+00 -1.0810e+01 -7.8677e+00 7.0930e+00 -1.5117e+01 -8.0516e+00 -7.7419e+00 -6.0432e+00 -1.4224e+01 1.6099e+01 -7.2925e+00 4.5406e+00 -7.7921e+00 -1.7825e+00 4.9740e+00 -1.1281e+01 -6.6131e+00 -1.8615e+01 4.0809e+00 5.7755e+00 9.6972e+00 9.6302e+00 1.7263e+01 -6.6842e+00 -1.5560e+01 -8.9933e+00 -1.7267e+01 -3.7999e+00 1.1945e+01 -1.4997e+01 -7.1809e+00 -1.3019e+01 4.3678e+00 -5.0930e+00 -1.2202e+01 -7.7307e+00 -1.8763e+01 8.8645e+00 1.7676e+00 -1.6895e+01 -1.1340e+01 -1.4595e+01 -1.0750e+01 1.4434e+01
16 -4.8334e+00 1.5641e+01 -1.2942e+00 -8.1129e+00 1.5595e+01 -3.7658e+00 -6.2810e+00 1.5171e+01 -1.1062e+00 -6.8712e+00 1.2584e+01 8.2292e-01 -5.5722e+00 1.4193e+01 -1.0767e+00 -7.8157e+00 1.4808e+01 -8.6825e-01 1.7184e+01 -9.5318e+00 -4.5493e+00 8.1296e+00 -9.2539e+00 7.5527e+00 -7.5934e+00 1.4038e+01 7.3804e+00 -8.4204e+00 6.1546e+00 -5.5687e+00 -5.9725e+00 1.5742e+01 -2.9882e+00 -8.5372e+00 1.4995e+01 1.5270e-01 -6.2276e+00 1.3928e+01 -3.4446e+00 4.3825e+00 6.6938e+00 -2.1724e+00 -2.1193e+01 -1.3464e+01 -1.7727e+01 6.9037e+00 -4.2048e+00 -1.7307e+01 -1.2607e+01 -1.5023e+01 -1.1233e+01 1.5053e+01 -1.6702e+01 -8.3213e+00 -2.1420e+01 1.5131e+01 -5.0777e+00 -1.6708e+01 -7.2839e+00 -1.6936e+01 7.3194e+00 3.3343e+00 -1.3588e+01 -3.8546e+00 -1.6618e+01 1.0252e+01 -9.0440e+00 -8.7778e+00 -7.1551e+00 -9.1607e+00 -2.1542e+00 -2.1337e+01 1.4671e+01 -1.2398e+01 7.8678e+00 -5.2680e+00 -3.6312e+00 2.7353e-01 -1.1419e+01 -4.2825e+00 -2.1741e+01 3.6405e+00 5.2580e+00 1.0435e+01 1.4651e+01 1.6995e+01 -8.2117e+00 -1.7893e+01 -9.4920e+00 -1.4662e+01 -5.2720e+00 1.2798e+01 -1.4525e+01 -5.4372e+00 -1.5523e+01 1.0348e+01 -6.4183e+00 -1.8178e+01 -1.2223e+01 -1.6419e+01 -2.0625e+00 1.0123e+01 -1.8807e+01 -1.3803e+01 -1.4601e+01 -8.0231e+00 1.2713e+01
17 -4.7065e+00 1.3125e+01 7.3523e-02 -7.0803e+00 1.4562e+01 -1.9722e+00 -5.0457e+00 1.4144e+01 -1.2131e+00 -7.2238e+00 1.2700e+01 4.2919e-02 -5.6455e+00 1.3712e+01 -1.3083e+00 -4.7613e+00 1.3405e+01 -4.3582e-01 1.7760e+01 -9.6784e+00 -6.4132e+00 -6.1951e+00 8.5290e+00 8.6535e+00 -4.8701e+00 1.0068e+01 5.2887e+00 -7.7313e+00 8.7735e+00 -5.3560e+00 -5.5423e+00 1.6063e+01 -3.1605e+00 -7.4042e+00 1.2151e+01 1.7912e+00 -3.2104e+00 1.5014e+01 -3.3647e+00 -3.6483e+00 1.2827e+01 -1.5592e+00 -2.2408e+01 -1.4138e+01 -1.8214e+01 7.2246e+00 -5.2235e+00 -1.8821e+01 -1.2746e+01 -1.6614e+01 -1.0935e+01 1.5130e+01 -1.5202e+01 -7.6223e+00 -2.2157e+01 1.5417e+01 -6.1257e+00 -2.1097e+01 -1.0782e+01 -1.2850e+01 1.6282e+00 7.2938e+00 -1.5381e+01 -5.3244e+00 -1.3660e+01 6.2722e+00 -4.1977e+00 -7.7278e+00 -6.6091e+00 -1.5580e+01 -1.3283e+01 5.5036e+00 1.3008e+01 -1.5676e+01 1.4408e+01 5.5721e+00 -7.2427e+00 -2.1564e+01 -6.4044e+00 -5.3672e+00 -3.0345e+00 -1.5551e+01 5.9644e+00 2.7469e+00 -4.7819e+00 1.4854e+01 -7.4185e+00 -2.0975e+01 -1.0406e+01 -1.3792e+01 -7.0926e+00 1.3694e+01 -1.6072e+01 -7.0531e+00 -1.0358e+01 1.7127e+00 -1.2784e+00 -1.1270e+01 -7.2925e+00 -1.9574e+01 9.3437e+00 8.5194e-01 -1.9993e+01 -1.3264e+01 -1.6754e+01 -9.9676e+00 1.3746e+01
18 -5.8678e+00 1.3781e+01 -2.8576e+00 -7.7980e+00 1.6129e+01 -2.4178e+00 -5.9197e+00 1.5021e+01 -1.5307e+00 -6.4548e+00 1.1082e+01 4.9196e-01 -5.4827e+00 1.3638e+01 -1.9817e+00 -5.5168e+00 1.3426e+01 2.8629e-01 1.5990e+01 -9.6638e+00 -5.7070e+00 -1.1699e+00 8.7242e+00 9.4042e+00 -8.8400e+00 1.0754e+01 6.5690e+00 -8.5831e+00 5.6850e+00 -5.5584e+00 -5.4229e+00 1.6155e+01 -3.2429e+00 -8.2284e+00 1.3942e+01 5.8171e-01 -6.2145e+00 1.4237e+01 -2.5615e+00 -2.5089e+00 1.2754e+01 -1.3242e+00 -2.1610e+01 -1.2238e+01 -1.7556e+01 2.4605e+00 3.4276e+00 -1.5470e+01 -8.9569e+00 -1.3802e+01 -7.9925e+00 1.4659e+01 -1.7395e+01 -9.0484e+00 -2.1004e+01 1.4691e+01 -4.3317e+00 -1.3665e+01 -5.8339e+00 -1.9542e+01 1.2813e+01 -1.8908e+00 -1.6272e+01 -6.4489e+00 -1.3942e+01 6.3488e+00 -9.9795e+00 -1.5409e+01 -8.7401e+00 -9.8914e+00 -9.9911e+00 -1.6297e+00 1.3007e+01 -1.6056e+01 1.3338e+01 8.1598e+00 -1.0785e+01 -1.3120e+01 -1.6489e+01 -1.3850e+01 -1.8512e+01 3.5383e+00 6.2982e+00 1.1773e+01 1.1420e+01 1.5598e+01 -5.5570e+00 -1.9339e+01 -1.0032e+01 -1.2066e+01 -6.7967e+00 1.3128e+01 -1.4842e+01 -6.1718e+00 -1.4128e+01 7.4890e+00 -3.9611e+00 -1.8299e+01 -1.0159e+01 -1.7611e+01 2.6758e+00 6.8569e+00 -1.5735e+01 -1.2803e+01 -1.7818e+01 -8.1368e+00 1.2586e+01
19 -4.5021e+00 1.3445e+01 1.2771e+00 -7.5531e+00 1.5942e+01 -2.8193e+00 -6.1608e+00 1.5141e+01 -9.3952e-01 -6.0188e+00 1.2022e+01 1.3083e+00 -7.1533e+00 1.1239e+01 -7.5243e-01 -7.7700e+00 1.4435e+01 -2.4489e-02 1.5150e+01 -9.4646e+00 -2.9732e+00 1.2075e+01 -9.7340e+00 7.9399e+00 1.8738e+01 -9.5872e+00 -8.2843e+00 -7.3892e+00 6.3880e+00 -4.7763e+00 -5.6014e+00 1.5617e+01 -2.9545e+00 -7.8246e+00 1.4041e+01 1.0768e+00 -2.3374e+00 1.5144e+01 -3.3897e+00 -3.7576e+00 1.2560e+01 -1.3486e+00 -2.2430e+01 -1.5820e+01 -1.9977e+01 9.5764e+00 -6.6413e+00 -1.7507e+01 -1.2654e+01 -1.7281e+01 -8.1508e+00 1.4520e+01 -1.6434e+01 -7.6337e+00 -2.0089e+01 1.4504e+01 -3.6750e+00 -2.2187e+01 -1.3289e+01 -9.3983e+00 -1.3041e+00 -2.0934e+01 -1.2009e+01 -2.2213e+00 -1.5406e+01 1.0261e+01 -1.0001e+01 -1.2154e+01 -9.2498e+00 -7.8187e+00 -7.8182e-01 -2.1569e+01 1.5607e+01 -9.7898e+00 6.5940e+00 -3.9425e+00 -4.3694e+00 5.5039e+00 -4.4872e+00 1.8919e+00 -1.3587e+01 -1.1399e+01 -1.1433e+01 -7.2012e+00 1.7833e+00 1.5315e+01 -3.6935e+00 -1.7624e+01 -9.8025e+00 -1.5535e+01 -3.3677e+00 1.1489e+01 -1.6847e+01 -7.7130e+00 -1.1503e+01 2.9451e+00 -5.0535e+00 -1.4360e+01 -6.0576e+00 -1.5528e+01 2.4886e+00 7.5104e+00 -2.0771e+01 -1.2093e+01 -1.4739e+01 -1.2563e+01 1.5308e+01
