frame G2:C1-C2 G2:C3-C4 G2:C1-CC G3:C1-C2 G3:C3-C4 G3:C1-CC G4:C1-C2 G4:C3-C4 G4:C1-CC C5:C1-C2 C5:C3-C4 C5:C1-CC G6:C1-C2 G6:C3-C4 G6:C1-CC C7:C1-C2 C7:C3-C4 C7:C1-CC A8:C1-C2 A8:C3-C4 A8:C1-CC A9:C1-C2 A9:C3-C4 A9:C1-CC G10:C1-C2 G10:C3-C4 G10:C1-CC C11:C1-C2 C11:C3-C4 C11:C1-CC C12:C1-C2 C12:C3-C4 C12:C1-CC U13:C1-C2 U13:C3-C4 U13:C1-CC G2:C4p-P-plus G2:C3p-P-plus G3:C4p-P G3:C5p-P G3:C5s-P G3:C4p-P-plus G3:C3p-P-plus G4:C4p-P G4:C5p-P G4:C5s-P G4:C4p-P-plus G4:C3p-P-plus C5:C4p-P C5:C5p-P C5:C5s-P C5:C4p-P-plus C5:C3p-P-plus G6:C4p-P G6:C5p-P G6:C5s-P G6:C4p-P-plus G6:C3p-P-plus C7:C4p-P C7:C5p-P C7:C5s-P C7:C4p-P-plus C7:C3p-P-plus A8:C4p-P A8:C5p-P A8:C5s-P A8:C4p-P-plus A8:C3p-P-plus A9:C4p-P A9:C5p-P A9:C5s-P A9:C4p-P-plus A9:C3p-P-plus G10:C4p-P G10:C5p-P G10:C5s-P G10:C4p-P-plus G10:C3p-P-plus C11:C4p-P C11:C5p-P C11:C5s-P C11:C4p-P-plus C11:C3p-P-plus C12:C4p-P C12:C5p-P C12:C5s-P C12:C4p-P-plus C12:C3p-P-plus U13:C4p-P U13:C5p-P U13:C5s-P
0 -9.4121e+00 1.5028e+01 -2.6808e+00 -8.5409e+00 1.6262e+01 -4.2261e+00 -9.1046e+00 1.5981e+01 -1.2071e+00 -9.0566e+00 1.5519e+01 -8.4543e-01 -9.0328e+00 1.4807e+01 1.2942e+00 -8.7380e+00 1.5428e+01 -7.4202e-02 -9.2227e+00 1.3539e+01 1.6680e+00 -9.4900e+00 1.1510e+01 -3.8333e+00 -9.1325e+00 1.6023e+01 1.7743e-01 -9.5433e+00 1.6112e+01 -8.2184e-01 -8.2779e+00 1.7371e+01 -4.5545e+00 -7.3580e+00 1.8360e+01 -6.1653e+00 -1.4439e+01 -1.4650e+01 -1.7601e+01 -2.5085e+00 9.8740e+00 -2.0266e+01 -1.5063e+01 -1.7692e+01 -2.2850e+00 9.8502e+00 -1.8253e+01 -1.6969e+01 -1.7990e+01 -1.0767e+00 7.5200e+00 -1.5373e+01 -1.6273e+01 -1.7840e+01 -1.1046e+00 8.0275e+00 -4.4070e+00 -2.1801e+00 1.9121e+00 -1.7455e+01 7.4074e+00 -1.1165e+01 -1.1294e+01 -1.7415e+01 -1.3022e-01 9.2747e+00 -2.1110e+01 -1.8545e+01 -1.8227e+01 -2.0423e+01 5.1042e+00 1.6917e+00 4.5582e+00 -1.0294e+01 -1.8524e-01 8.9496e+00 -2.0682e+01 -1.8644e+01 -1.7942e+01 -3.6830e+00 9.5332e+00 -1.5331e+01 -1.6673e+01 -1.7449e+01 -2.6892e+00 1.0416e+01 -1.6033e+01 -1.5698e+01 -1.7163e+01 -3.2438e+00 1.1008e+01
1 -9.3149e+00 1.5158e+01 -2.7646e+00 -7.6126e+00 1.6644e+01 -5.1679e+00 -8.9278e+00 1.6400e+01 -1.5620e-01 -8.9016e+00 1.5849e+01 -1.9393e-02 -9.2594e+00 1.4829e+01 1.0869e+00 1.6006e+01 -8.2102e+00 2.4743e+00 -9.2908e+00 1.5030e+01 1.5453e-01 -9.2319e+00 1.5830e+01 2.4219e+00 -8.7236e+00 1.6649e+01 -2.3075e+00 -9.5088e+00 1.6457e+01 -1.0638e+00 -8.0933e+00 1.7770e+01 -5.0629e+00 -6.8908e+00 1.8335e+01 -6.8792e+00 -1.3857e+01 -1.4338e+01 -1.7284e+01 -3.6876e+00 1.0726e+01 -2.0302e+01 -1.4700e+01 -1.8195e+01 -1.6957e+00 8.2267e+00 -1.8428e+01 -1.6756e+01 -1.7933e+01 -8.3295e-01 6.9492e+00 -1.5435e+01 -1.2837e+01 -1.7545e+01 1.2677e+00 6.2464e+00 -1.5511e+00 2.1531e+00 -1.2136e+01 4.8951e-01 3.2845e+00 -7.1035e-01 -1.0750e+01 -1.8697e+01 7.1430e+00 2.4917e+00 -1.7641e+01 -1.8554e+01 -1.8167e+01 -1.3941e+00 7.6961e+00 -4.1254e+00 -1.5748e+00 -7.0354e+00 -4.0827e+00 1.1404e+01 -2.0625e+01 -1.8262e+01 -1.7400e+01 -2.5078e+00 5.4916e+00 -1.6263e+01 -1.6894e+01 -1.6829e+01 -2.6798e+00 1.0909e+01 -1.7187e+01 -1.6018e+01 -1.6330e+01 -4.4541e+00 1.1856e+01
2 -9.4054e+00 1.5160e+01 -2.8470e+00 -8.5762e+00 1.6380e+01 -4.0290e+00 -9.0309e+00 1.6104e+01 -5.5609e-01 -9.0303e+00 1.5249e+01 -4.2835e-02 -9.1127e+00 1.4973e+01 8.6138e-01 -8.9359e+00 1.5232e+01 -8.8134e-01 -9.4072e+00 1.4563e+01 8.7620e-01 -9.2361e+00 1.5886e+01 2.5686e+00 -8.9742e+00 1.6300e+01 -1.6499e+00 -9.5384e+00 1.6254e+01 -7.2452e-01 -8.3697e+00 1.7646e+01 -3.9960e+00 -7.6013e+00 1.8317e+01 -6.2091e+00 -1.4456e+01 -1.4537e+01 -1.7597e+01 -2.5546e+00 9.9313e+00 -2.0244e+01 -1.4988e+01 -1.7909e+01 -2.1312e+00 9.4765e+00 -1.9038e+01 -1.7286e+01 -1.7903e+01 -1.1128e+00 7.0152e+00 -1.5073e+01 -1.3045e+01 -1.7915e+01 1.7787e+00 6.7178e+00 -5.0292e+00 -3.5349e+00 3.5968e+00 -1.8044e+01 6.8645e+00 -1.0388e+01 -1.0820e+01 -1.7992e+01 2.0334e+00 7.5687e+00 -1.7223e+01 -1.8693e+01 -1.8233e+01 -6.5528e-01 7.0856e+00 -4.3937e+00 -2.0813e+00 -7.2236e+00 -3.7235e+00 1.1198e+01 -2.0714e+01 -1.8726e+01 -1.8059e+01 -4.0311e+00 8.4259e+00 -1.6767e+01 -1.7911e+01 -1.7381e+01 -3.1163e+00 1.0718e+01 -1.6497e+01 -1.5753e+01 -1.6926e+01 -2.7898e+00 1.0874e+01
3 -9.3768e+00 1.5079e+01 -1.7954e+00 -8.7580e+00 1.5705e+01 -2.5916e+00 -7.7550e+00 1.5580e+01 1.8464e+00 -9.0612e+00 1.4975e+01 -4.2172e+00 -9.1351e+00 1.4927e+01 4.0820e-01 -8.9383e+00 1.5434e+01 -1.6650e+00 -9.3744e+00 1.4546e+01 9.2525e-01 -9.1675e+00 1.6055e+01 2.5021e+00 -8.9466e+00 1.6204e+01 -2.0018e+00 -9.5450e+00 1.6116e+01 -1.0568e+00 -8.3899e+00 1.7717e+01 -4.6104e+00 -7.8661e+00 1.8223e+01 -6.1229e+00 -1.4306e+01 -1.4152e+01 -1.7093e+01 -1.3777e+00 9.9174e+00 -1.8647e+01 -1.5527e+01 -1.7968e+01 -2.5121e+00 7.5139e+00 -2.1004e+01 -1.7036e+01 -1.7575e+01 -1.8450e+01 7.1763e+00 -1.4132e+01 -1.0973e+01 -1.7748e+01 2.7118e+00 5.5970e+00 -4.4430e+00 -2.9617e+00 3.7560e+00 -1.8214e+01 6.8694e+00 -1.0433e+01 -1.0631e+01 -1.7872e+01 1.3572e+00 8.1007e+00 -1.7488e+01 -1.8636e+01 -1.8128e+01 -1.5524e+00 7.5378e+00 -3.4027e+00 -1.0994e+00 -5.8314e+00 -5.2654e+00 1.2133e+01 -2.1395e+01 -1.8357e+01 -1.8032e+01 -3.8424e+00 7.7105e+00 -1.5602e+01 -1.6798e+01 -1.7627e+01 -3.1147e+00 1.0588e+01 -1.5941e+01 -1.4719e+01 -1.6769e+01 -2.2104e+00 1.0729e+01
4 -9.3048e+00 1.5225e+01 -2.7325e+00 -7.8639e+00 1.6358e+01 -4.9451e+00 -8.0737e+00 1.5430e+01 8.8926e-01 -9.1274e+00 1.4607e+01 -4.8768e+00 -9.1769e+00 1.4819e+01 1.9765e-01 -8.9176e+00 1.5234e+01 -1.2135e+00 -9.3302e+00 1.4665e+01 1.0004e+00 -9.2358e+00 1.6025e+01 2.5177e+00 -8.8950e+00 1.6303e+01 -2.2821e+00 -9.4914e+00 1.6327e+01 -1.2461e+00 -8.1674e+00 1.7670e+01 -4.5600e+00 -7.3187e+00 1.8356e+01 -6.4921e+00 -1.3763e+01 -1.4233e+01 -1.7252e+01 -3.4624e+00 1.0645e+01 -2.0182e+01 -1.5228e+01 -1.8049e+01 -3.5516e+00 9.6025e+00 -2.1283e+01 -1.6673e+01 -1.7860e+01 -1.8521e+01 6.6267e+00 -1.3449e+01 -1.0453e+01 -1.7627e+01 2.3989e+00 5.4442e+00 -3.6092e+00 -2.5646e+00 3.7882e+00 -1.7571e+01 6.4953e+00 -9.6323e+00 -1.0265e+01 -1.7905e+01 1.5391e+00 8.0169e+00 -1.7279e+01 -1.8289e+01 -1.7982e+01 5.4162e-02 5.9150e+00 -3.5651e+00 -1.2532e+00 -5.8350e+00 -5.2008e+00 1.2133e+01 -2.1375e+01 -1.8782e+01 -1.8049e+01 -4.1169e+00 7.0231e+00 -1.6059e+01 -1.6793e+01 -1.7339e+01 -2.8387e+00 1.0698e+01 -1.6417e+01 -1.5784e+01 -1.7073e+01 -3.3533e+00 1.1091e+01
5 -9.0401e+00 1.6322e+01 -2.2529e+00 -8.7281e+00 1.5707e+01 -2.4912e+00 -7.4133e+00 1.6074e+01 1.1832e+00 -8.8269e+00 1.4705e+01 -4.2852e+00 -9.0505e+00 1.4984e+01 1.7455e+00 1.5233e+01 -9.0347e+00 2.5745e+00 -8.9204e+00 1.5276e+01 3.7514e+00 -9.2538e+00 1.5737e+01 2.8593e+00 -8.5793e+00 1.6521e+01 -1.5260e+00 -9.5917e+00 1.5985e+01 -1.4863e+00 -8.3951e+00 1.7343e+01 -4.8668e+00 -7.6902e+00 1.8133e+01 -6.0110e+00 -1.5737e+01 -1.4799e+01 -1.7338e+01 -9.7515e-01 9.5332e+00 -1.8083e+01 -1.5600e+01 -1.8147e+01 -2.9777e+00 8.8969e+00 -2.0909e+01 -1.7141e+01 -1.7817e+01 -1.8443e+01 7.1379e+00 -1.1870e+01 -1.0712e+01 -1.7100e+01 7.2006e-01 6.3496e+00 -2.5725e+00 -3.6811e+00 -1.1304e+01 4.3813e+00 -4.6995e+00 2.5375e+00 -9.4612e+00 -1.6669e+01 9.0846e+00 -3.8281e-01 -1.9378e+01 -1.7995e+01 -1.7899e+01 -8.0464e-01 9.2930e+00 -3.8000e+00 -1.3380e+00 -8.6239e+00 -2.1898e+00 1.0254e+01 -2.1691e+01 -1.7391e+01 -1.7958e+01 -2.9224e+00 7.5076e+00 -1.5256e+01 -1.6656e+01 -1.7491e+01 -3.3286e+00 1.0754e+01 -1.5195e+01 -1.4450e+01 -1.7003e+01 -2.3114e+00 1.0605e+01
6 -9.4250e+00 1.5095e+01 -2.0148e+00 -8.7235e+00 1.5789e+01 -3.5815e+00 -7.0990e+00 1.5966e+01 5.3612e-01 -9.0920e+00 1.5079e+01 -4.1692e+00 -9.0479e+00 1.5017e+01 5.4286e-01 -8.5774e+00 1.5444e+01 -3.1249e+00 -9.1592e+00 1.4734e+01 5.2869e-02 -9.4723e+00 1.0647e+01 -4.1973e+00 -8.0123e+00 1.6164e+01 8.7403e-01 -9.4037e+00 1.6034e+01 -2.0852e-01 -8.0507e+00 1.7594e+01 -4.7239e+00 -7.4505e+00 1.8382e+01 -6.2664e+00 -1.4660e+01 -1.4614e+01 -1.6657e+01 -1.9895e+00 1.0389e+01 -1.8280e+01 -1.5609e+01 -1.7825e+01 -5.0778e+00 1.0902e+01 -2.1222e+01 -1.6854e+01 -1.7606e+01 -1.8379e+01 7.4939e+00 -1.3304e+01 -1.2022e+01 -1.8021e+01 2.1654e-01 8.1857e+00 8.1545e+00 3.9563e+00 -6.3890e+00 7.1107e+00 -1.4485e+01 4.5987e-01 -1.7678e+00 -1.7830e+01 7.0823e-01 8.7419e+00 -2.1921e+01 -1.7993e+01 -1.8386e+01 -2.0088e+01 3.6522e+00 2.1748e+00 4.9946e+00 -9.2756e+00 -2.0749e+00 1.0147e+01 -2.2104e+01 -1.7464e+01 -1.7639e+01 -4.1346e+00 1.0211e+01 -1.4518e+01 -1.6534e+01 -1.7988e+01 -3.2469e+00 1.0165e+01 -1.5553e+01 -1.4722e+01 -1.6618e+01 -2.7719e+00 1.1042e+01
7 -9.4005e+00 1.5038e+01 -2.0418e+00 -8.5104e+00 1.5979e+01 -3.9126e+00 -8.2535e+00 1.5336e+01 7.6990e-01 -9.1332e+00 1.4890e+01 -5.0317e+00 -9.1987e+00 1.5022e+01 -1.8717e-02 -8.5919e+00 1.5857e+01 -2.5795e+00 -9.3314e+00 1.4359e+01 2.8648e-01 -9.4125e+00 1.5922e+01 1.8204e+00 -8.9449e+00 1.6340e+01 -2.1470e+00 -9.4965e+00 1.6178e+01 -1.3553e+00 -8.1788e+00 1.7570e+01 -4.7183e+00 -7.3187e+00 1.8330e+01 -6.1983e+00 -1.3931e+01 -1.3927e+01 -1.6799e+01 -1.9313e+00 1.0341e+01 -1.9608e+01 -1.5480e+01 -1.8063e+01 -2.8114e+00 7.8099e+00 -2.1021e+01 -1.6984e+01 -1.7964e+01 -1.8497e+01 6.8434e+00 -1.2778e+01 -1.0923e+01 -1.7555e+01 1.0923e+00 6.0929e+00 -4.1906e+00 -3.0418e+00 3.0332e+00 -1.6993e+01 6.2825e+00 -9.1673e+00 -9.4401e+00 -1.7431e+01 -1.2671e-02 9.1986e+00 -1.5150e+01 -1.7335e+01 -1.7717e+01 1.8182e+00 4.0752e+00 -5.8244e+00 -3.5898e+00 -6.5533e+00 -4.5229e+00 1.1713e+01 -2.1404e+01 -1.8821e+01 -1.8157e+01 -4.4570e+00 8.0572e+00 -1.5645e+01 -1.6722e+01 -1.7350e+01 -3.4090e+00 1.0920e+01 -1.5908e+01 -1.4911e+01 -1.6825e+01 -3.2762e+00 1.1197e+01
8 -9.3876e+00 1.5088e+01 -2.3731e+00 -8.3971e+00 1.5832e+01 -3.8536e+00 -7.5918e+00 1.5623e+01 1.3538e+00 -8.9544e+00 1.4861e+01 -4.1942e+00 -9.0732e+00 1.4945e+01 9.0051e-01 -8.8933e+00 1.5133e+01 -7.8900e-01 -9.1392e+00 1.3485e+01 1.9436e+00 -9.4634e+00 1.1568e+01 -3.5237e+00 -8.7940e+00 1.6418e+01 -2.4455e-01 -9.4713e+00 1.6350e+01 -9.4531e-01 -8.0992e+00 1.7639e+01 -4.5923e+00 -7.3279e+00 1.8340e+01 -6.3075e+00 -1.4080e+01 -1.4466e+01 -1.7041e+01 -2.8719e+00 1.0571e+01 -1.9203e+01 -1.5627e+01 -1.8187e+01 -3.5822e+00 9.2164e+00 -2.1154e+01 -1.6947e+01 -1.7589e+01 -1.8469e+01 6.9569e+00 -1.2109e+01 -1.0514e+01 -1.7853e+01 1.6386e+00 6.7404e+00 -5.2001e+00 -3.5024e+00 3.1431e+00 -1.8244e+01 7.0948e+00 -1.1563e+01 -1.1522e+01 -1.7519e+01 -2.7864e-01 9.4171e+00 -2.1928e+01 -1.8228e+01 -1.7716e+01 -1.9742e+01 4.4465e+00 3.1365e+00 6.4185e+00 -1.0206e+01 -3.2865e-01 9.0872e+00 -2.1274e+01 -1.8435e+01 -1.7782e+01 -2.5353e+00 6.0632e+00 -1.6027e+01 -1.7042e+01 -1.7440e+01 -3.0465e+00 1.0644e+01 -1.5916e+01 -1.4901e+01 -1.6679e+01 -3.2539e+00 1.1303e+01
9 -8.7691e+00 1.6354e+01 -3.9671e+00 -7.8025e+00 1.6728e+01 -4.2528e+00 -8.9516e+00 1.6261e+01 5.2543e-01 -8.8039e+00 1.5649e+01 -3.0737e-02 -9.1462e+00 1.5028e+01 7.2560e-01 -8.9632e+00 1.5551e+01 -1.0959e+00 -9.3654e+00 1.4565e+01 6.0404e-01 -9.1605e+00 1.5920e+01 2.7364e+00 -8.7947e+00 1.6549e+01 -2.2202e+00 -9.5399e+00 1.6371e+01 -1.1011e+00 -8.1598e+00 1.7638e+01 -4.7507e+00 -7.0807e+00 1.8330e+01 -6.7525e+00 -1.5683e+01 -1.4826e+01 -1.7891e+01 -2.8715e+00 9.7398e+00 -2.0248e+01 -1.4795e+01 -1.8157e+01 -1.3352e+00 7.8104e+00 -1.8400e+01 -1.6506e+01 -1.7978e+01 -6.1734e-01 7.8984e+00 -1.5521e+01 -1.2306e+01 -1.7834e+01 2.8771e+00 5.6711e+00 -4.2693e+00 -2.9005e+00 3.4271e+00 -1.7735e+01 6.7166e+00 -9.6520e+00 -9.9697e+00 -1.7836e+01 1.2094e+00 8.2799e+00 -1.7201e+01 -1.8558e+01 -1.8205e+01 -1.3449e+00 7.7183e+00 -3.0073e+00 -5.3470e-01 -6.0890e+00 -5.0915e+00 1.1978e+01 -2.0793e+01 -1.8234e+01 -1.7550e+01 -2.5630e+00 5.5647e+00 -1.6065e+01 -1.6728e+01 -1.7239e+01 -2.0124e+00 1.0364e+01 -1.6687e+01 -1.5927e+01 -1.6650e+01 -4.0153e+00 1.1558e+01
