frame G1:C1-C2 G1:C3-C4 G1:C1-CC G2:C1-C2 G2:C3-C4 G2:C1-CC C3:C1-C2 C3:C3-C4 C3:C1-CC A4:C1-C2 A4:C3-C4 A4:C1-CC C5:C1-C2 C5:C3-C4 C5:C1-CC G6:C1-C2 G6:C3-C4 G6:C1-CC C7:C1-C2 C7:C3-C4 C7:C1-CC A8:C1-C2 A8:C3-C4 A8:C1-CC A9:C1-C2 A9:C3-C4 A9:C1-CC G10:C1-C2 G10:C3-C4 G10:C1-CC U11:C1-C2 U11:C3-C4 U11:C1-CC G12:C1-C2 G12:C3-C4 G12:C1-CC C13:C1-C2 C13:C3-C4 C13:C1-CC C14:C1-C2 C14:C3-C4 C14:C1-CC G1:C4p-P-plus G1:C3p-P-plus G2:C4p-P G2:C5p-P G2:C5s-P G2:C4p-P-plus G2:C3p-P-plus C3:C4p-P C3:C5p-P C3:C5s-P C3:C4p-P-plus C3:C3p-P-plus A4:C4p-P A4:C5p-P A4:C5s-P A4:C4p-P-plus A4:C3p-P-plus C5:C4p-P C5:C5p-P C5:C5s-P C5:C4p-P-plus C5:C3p-P-plus G6:C4p-P G6:C5p-P G6:C5s-P G6:C4p-P-plus G6:C3p-P-plus C7:C4p-P C7:C5p-P C7:C5s-P C7:C4p-P-plus C7:C3p-P-plus A8:C4p-P A8:C5p-P A8:C5s-P A8:C4p-P-plus A8:C3p-P-plus A9:C4p-P A9:C5p-P A9:C5s-P A9:C4p-P-plus A9:C3p-P-plus G10:C4p-P G10:C5p-P G10:C5s-P G10:C4p-P-plus G10:C3p-P-plus U11:C4p-P U11:C5p-P U11:C5s-P U11:C4p-P-plus U11:C3p-P-plus G12:C4p-P G12:C5p-P G12:C5s-P G12:C4p-P-plus G12:C3p-P-plus C13:C4p-P C13:C5p-P C13:C5s-P C13:C4p-P-plus C13:C3p-P-plus C14:C4p-P C14:C5p-P C14:C5s-P
0 -5.4987e+00 1.9343e+01 -5.5089e+00 -9.1405e+00 1.7073e+01 -2.8056e+00 -9.4024e+00 1.9291e+01 -7.3376e-01 -8.1568e+00 1.7371e+01 3.4703e+00 -7.7419e+00 1.9000e+01 1.7581e+00 -5.3056e+00 1.6213e+01 7.2686e+00 -6.5730e+00 1.2778e+01 -5.8591e+00 -9.5406e+00 1.4675e+01 -2.6429e+00 -9.7541e+00 1.2874e+01 1.2482e+00 -8.0953e+00 1.6344e+01 -3.0882e+00 -4.2686e+00 1.8779e+01 -5.4790e+00 -8.6011e+00 1.6522e+01 1.0374e+00 -7.1268e+00 1.8222e+01 2.0693e+00 -2.2435e+00 1.8205e+01 -1.1905e+00 -1.8050e+01 -1.6358e+01 -1.3855e+01 -1.0011e+00 9.1244e+00 -2.1284e+01 -1.8657e+01 -1.3919e+01 -9.9037e+00 9.0167e+00 -2.1298e+01 -2.1607e+01 -1.6305e+01 5.8842e+00 -1.9541e+00 -2.1386e+01 -1.6859e+01 -1.5514e+01 2.4939e-01 7.6227e+00 -1.6975e+01 -1.4641e+01 -1.9168e+01 -3.3742e+00 1.1759e+01 -1.8349e+01 -1.8728e+01 1.4356e+01 -2.1126e+01 1.2655e+00 3.9697e+00 4.1170e+00 -4.8664e+00 1.1128e+01 5.1630e+00 -1.1112e+01 -1.6673e+01 -1.9621e+01 -5.8975e-01 4.5660e+00 -3.8945e-01 1.6070e+00 -1.1148e+01 8.7755e-01 5.8308e+00 -1.8330e+01 -1.4572e+01 -1.1342e+01 -8.3378e+00 1.2845e+01 -1.7660e+01 -1.7261e+01 -1.6229e+01 -6.5952e+00 7.5347e+00 -1.9133e+01 -1.5452e+01 -1.7091e+01 -1.0593e+01 1.2552e+01 -1.9620e+01 -2.0780e+01 -1.6918e+01 8.0038e-01 9.8992e-01
1 -9.1542e+00 1.9447e+01 3.2675e+00 -7.3200e+00 1.5615e+01 -4.0582e+00 -5.7448e+00 1.6716e+01 -2.7273e+00 -9.3960e+00 1.8689e+01 -5.0374e-01 -3.8132e+00 1.9446e+01 3.7194e+00 -6.1139e+00 1.8109e+01 7.3116e-01 -9.3059e+00 1.8010e+01 6.9522e-01 -9.2243e+00 1.6401e+01 3.6686e+00 -9.3198e+00 1.8353e+01 2.5006e-01 -9.6349e+00 1.9075e+01 -4.9438e+00 -8.8672e+00 1.8728e+01 -3.8686e+00 -9.5943e+00 1.6057e+01 -5.7704e-01 -8.9160e+00 1.9329e+01 -7.2962e-01 -9.0597e+00 1.7263e+01 -3.8790e+00 -2.0275e+01 -2.0426e+01 -1.5069e+01 1.2066e+00 6.3189e+00 -1.8793e+01 -1.1300e+01 -1.8791e+01 -2.4908e+00 5.6784e+00 -2.0692e+01 -1.7728e+01 -1.8755e+01 2.1945e-01 9.2335e+00 -1.9405e+01 -2.0081e+01 -1.0029e+01 2.9909e+00 -4.5993e+00 -1.6586e+01 -1.5360e+01 -1.5699e+01 -8.6531e+00 9.7182e+00 -1.8809e+01 -1.4510e+01 1.4925e+01 -1.8947e+01 -4.4930e+00 -1.1231e+01 -1.0226e+01 -2.2476e+01 7.2830e+00 5.3569e+00 -2.1221e+01 -1.8008e+01 -1.6134e+01 -4.5811e+00 7.2064e+00 7.6246e+00 5.3827e+00 -1.1531e+01 -1.2126e+01 1.5444e+01 -1.7525e+01 -1.8696e+01 -1.6709e+01 -3.8395e+00 7.8826e+00 -1.8233e+01 -1.5328e+01 -1.4736e+01 -7.3777e+00 9.8733e+00 -2.0404e+01 -1.6510e+01 -1.2630e+01 -3.1135e+00 2.2076e+00 -2.0062e+01 -1.8673e+01 -1.8740e+01 -2.9733e+00 1.3548e+01
2 -9.5197e+00 1.6675e+01 5.6821e+00 -6.2966e+00 1.7679e+01 1.4887e+00 -7.1522e+00 1.9400e+01 -4.7700e+00 -6.3222e+00 1.6677e+01 3.7142e+00 -6.8940e+00 1.8906e+01 -1.1399e+00 -7.7817e+00 1.8227e+01 5.7216e+00 -9.7540e+00 1.6852e+01 -5.7337e+00 -9.7327e+00 1.6461e+01 4.5425e-01 -8.9781e+00 1.7547e+01 -5.5737e+00 -8.7942e+00 1.7220e+01 1.0336e+00 -8.1940e+00 1.6488e+01 -2.5910e+00 -8.2401e+00 1.8202e+01 2.2586e+00 -5.6677e+00 1.7087e+01 -4.7491e+00 -8.0372e+00 1.8202e+01 1.6719e+00 -1.5901e+01 -1.1988e+01 -1.9230e+01 -7.2120e+00 1.0618e+01 -2.1371e+01 -1.9421e+01 -1.3022e+01 -3.2787e+00 6.0867e+00 -1.6522e+01 -1.5002e+01 -1.2549e+01 4.9922e+00 6.7847e+00 -1.4860e+01 -1.4610e+01 -1.3239e+01 -7.2017e+00 9.3058e+00 -1.4703e+01 -1.3823e+01 -1.4329e+01 4.8073e+00 3.6923e+00 -1.6266e+01 -1.2935e+01 1.1406e+01 -2.1881e+01 5.9721e+00 -1.1090e+01 -1.3112e+01 -1.9920e+01 7.3630e+00 7.4995e+00 -1.8814e+01 -2.0431e+01 -1.8616e+01 -2.8049e+00 8.0558e+00 5.1404e-01 2.4298e+00 -1.2261e+01 -6.9378e+00 9.1220e+00 -1.8907e+01 -1.9657e+01 -1.8621e+01 -4.3508e+00 8.1185e+00 -1.7348e+01 -1.8432e+01 -1.7562e+01 -2.7806e+00 9.1344e+00 -1.8527e+01 -1.6793e+01 -1.3767e+01 -1.1490e+01 1.3231e+01 -1.0632e+01 -1.1362e+01 -1.5593e+01 -9.0866e+00 1.2722e+01
3 -9.0125e+00 1.5511e+01 -4.8443e+00 -8.8290e+00 1.8227e+01 2.3597e+00 -8.7694e+00 1.8239e+01 -7.9564e-01 -9.2339e+00 1.5209e+01 5.1652e+00 -9.4718e+00 1.8730e+01 1.5026e-01 -8.2095e+00 1.8119e+01 -2.1647e+00 -1.8093e+00 1.7091e+01 -4.5890e+00 -9.7265e+00 1.3656e+01 2.8830e+00 -9.6569e+00 1.8247e+01 2.8404e+00 -9.4216e+00 1.8454e+01 2.8133e+00 -6.0181e+00 1.8310e+01 -2.8149e+00 -5.5759e+00 1.6305e+01 3.3994e+00 -3.7270e+00 1.6133e+01 1.4171e+00 -6.8319e+00 1.8489e+01 -3.7111e-01 -1.6704e+01 -1.2792e+01 -1.4716e+01 -8.8669e+00 1.0899e+01 -2.1984e+01 -1.9649e+01 -1.7184e+01 3.7380e+00 7.4004e-01 -1.9912e+01 -1.6699e+01 -1.6206e+01 -3.3351e+00 2.1460e+00 -1.8559e+01 -1.9266e+01 -2.0294e+01 1.2843e+00 7.5966e+00 -1.2936e+01 -1.5471e+01 -1.7196e+01 4.9324e+00 4.2701e+00 -6.1367e+00 -8.6357e+00 1.4316e+01 -2.2278e+01 2.8950e+00 -2.6101e+00 -8.7330e+00 -2.0008e+01 3.3866e+00 9.9089e+00 -1.5643e+01 -1.1661e+01 -1.6928e+01 -3.9471e+00 1.2812e+01 9.7817e+00 8.3922e+00 -1.2951e+01 -3.4455e+00 1.0120e+01 -1.9098e+01 -1.7344e+01 -1.1064e+01 -7.2278e+00 1.1828e+01 -1.6217e+01 -1.6062e+01 -1.4169e+01 -1.2415e+01 1.3670e+01 -2.0391e+01 -1.4348e+01 -1.4004e+01 -4.1846e+00 1.1085e+01 -1.8411e+01 -1.6357e+01 -1.8485e+01 4.9063e-01 6.7667e+00
4 -8.3722e+00 1.8937e+01 -8.0172e+00 -6.9623e+00 1.7446e+01 -2.4868e+00 -6.5452e+00 1.8343e+01 -3.1594e-01 -7.8116e+00 1.7957e+01 2.7313e+00 -8.9451e+00 1.8435e+01 -2.8308e+00 -8.4362e+00 1.9483e+01 2.4868e+00 -4.0956e+00 1.9364e+01 8.2092e-02 -9.2494e+00 1.8238e+01 6.3662e+00 -9.7261e+00 1.8928e+01 5.8102e+00 -9.1820e+00 1.4745e+01 1.4347e+00 -8.8754e+00 1.7041e+01 -1.8603e+00 -7.8200e+00 1.7098e+01 5.0224e+00 -4.7574e+00 1.6744e+01 -4.6173e+00 -8.5337e+00 1.8911e+01 -3.7540e+00 -1.8008e+01 -1.5468e+01 -1.8712e+01 -2.9390e+00 7.9745e+00 -1.7493e+01 -1.4737e+01 -1.5467e+01 -9.5290e-02 6.7737e+00 -1.8981e+01 -1.5951e+01 -1.3731e+01 -2.4872e-01 4.4069e+00 -1.7511e+01 -2.1340e+01 -1.1329e+01 -3.0858e+00 4.5922e+00 -1.3918e+01 -7.2547e+00 -1.1453e+01 -1.6127e+00 7.3753e+00 -1.6735e+01 -1.6650e+01 1.6611e+01 -2.0498e+01 -1.9659e+00 -1.1465e+01 -1.0158e+01 -1.7165e+01 1.0525e+01 -6.9329e-01 -1.7244e+01 -2.0842e+01 -1.8772e+01 3.6120e+00 2.0930e+00 3.7466e-01 1.2190e+00 -1.4220e+01 -2.2702e+00 9.0124e+00 -1.8968e+01 -1.6268e+01 -1.8989e+01 -2.5193e-01 7.2214e+00 -1.7850e+01 -1.4159e+01 -1.4148e+01 -6.7591e+00 7.0202e+00 -2.2387e+01 -1.8460e+01 -1.7282e+01 5.0751e+00 1.3573e+00 -1.5811e+01 -1.5378e+01 -1.7067e+01 9.8416e-01 6.0727e+00
5 -9.4208e+00 1.9211e+01 -7.4413e+00 -9.6051e+00 1.5310e+01 -2.1637e+00 -5.5058e+00 1.6169e+01 8.7451e-01 -7.2436e+00 1.6289e+01 1.2266e+01 -6.9351e+00 1.9458e+01 -4.1067e+00 -7.4404e+00 1.8082e+01 2.9141e+00 -8.6905e+00 1.9017e+01 -2.5985e+00 -5.7085e+00 1.2755e+01 2.1922e+00 -9.4953e+00 1.7322e+01 5.2689e+00 -5.5337e+00 1.7473e+01 -4.2348e+00 -5.0584e+00 1.7895e+01 -6.6782e+00 -9.7545e+00 1.8943e+01 5.2264e+00 -9.6853e+00 1.8732e+01 -1.9446e+00 -6.9940e+00 1.5689e+01 -1.0237e+00 -1.4709e+01 -1.6119e+01 -1.5940e+01 -6.8339e+00 5.5489e+00 -1.6757e+01 -1.5294e+01 -1.8048e+01 -3.7735e+00 7.6868e+00 -1.9069e+01 -1.8966e+01 -1.9517e+01 4.4728e+00 1.9751e+00 -2.1630e+01 -1.6658e+01 -1.4631e+01 1.5188e+00 1.8324e+00 -1.1131e+01 -1.0986e+01 -1.0074e+01 -5.3767e+00 1.1439e+01 -7.4329e+00 -3.2917e+00 1.3577e+01 -1.3459e+01 5.0753e+00 -9.3949e+00 -1.0059e+01 -1.8600e+01 9.1771e-01 5.1376e+00 -2.1586e+01 -1.7466e+01 -1.7210e+01 -2.3403e+00 9.6321e+00 3.5335e+00 1.2813e+00 -1.6231e+01 1.0609e+01 -2.9340e+00 -1.5025e+01 -1.6958e+01 -1.9358e+01 1.9924e-01 6.8532e+00 -1.8704e+01 -1.7409e+01 -1.9635e+01 -7.2079e+00 1.0926e+01 -2.2151e+01 -2.1331e+01 -1.3950e+01 -4.8510e+00 1.0162e+01 -1.6646e+01 -1.5558e+01 -2.0849e+01 1.8281e+00 8.4080e+00
6 -8.6614e+00 1.9488e+01 -8.6976e+00 -9.3780e+00 1.6046e+01 1.0377e+00 -9.6631e+00 1.8247e+01 -1.4813e-03 -7.0334e+00 1.9106e+01 1.4464e+00 -6.3847e+00 1.9062e+01 -6.1441e+00 -8.0062e+00 1.9399e+01 6.0357e+00 -6.7930e+00 1.8314e+01 -2.8888e+00 -8.5975e+00 1.6225e+01 4.3046e+00 -9.2567e+00 1.7577e+01 6.2578e+00 -8.7935e+00 1.9197e+01 -2.4689e+00 -8.1667e+00 1.9259e+01 -4.5100e+00 -9.6868e+00 1.7904e+01 4.3834e+00 -7.3916e+00 1.7932e+01 -2.8278e+00 -6.2723e+00 1.7254e+01 -1.5738e+00 -1.4806e+01 -1.3984e+01 -1.7191e+01 -1.5623e+00 5.2927e+00 -2.0319e+01 -1.8668e+01 -1.8864e+01 -5.8932e+00 1.1961e+01 -1.8519e+01 -1.8388e+01 -1.5487e+01 4.1974e+00 9.9923e-01 -1.9903e+01 -1.7855e+01 -1.6251e+01 5.4386e-01 1.2028e+00 -1.2543e+01 -8.0119e+00 -1.3198e+01 -5.8379e+00 1.0936e+01 -1.7792e+01 -1.6574e+01 1.5351e+01 -2.2755e+01 3.2534e+00 -1.6011e+01 -1.5164e+01 -1.3356e+01 -2.1519e-01 5.5551e+00 -2.2619e+01 -1.7926e+01 -1.4615e+01 -2.9805e+00 2.0475e+00 -1.0239e+00 -7.8293e+00 -1.2565e+01 4.5711e+00 2.3190e+00 -1.4464e+01 -1.4787e+01 -1.7102e+01 3.4041e-01 1.0679e+01 -1.7641e+01 -1.7859e+01 -1.2171e+01 -6.9614e+00 1.1957e+01 -1.6659e+01 -1.4213e+01 -1.6748e+01 6.0788e-01 4.4619e+00 -1.9792e+01 -1.4828e+01 -1.6753e+01 -2.5215e+00 8.0406e+00
7 -8.9014e+00 1.8206e+01 -3.9023e+00 -9.7039e+00 1.5271e+01 -2.2419e-02 -8.9941e+00 1.9468e+01 -8.3151e-01 -8.5049e+00 1.8999e+01 2.4122e+00 -5.8601e+00 9.1706e+00 6.1029e+00 -5.0176e-01 1.9231e+01 2.0862e+00 -7.3444e+00 1.3629e+01 -8.7327e+00 -9.6670e+00 1.6786e+01 3.1781e+00 -8.5125e+00 1.9004e+01 -2.2295e+00 -8.6743e+00 1.8680e+01 -5.7898e-01 -9.1977e+00 1.7211e+01 -3.8525e+00 -9.7530e+00 1.7603e+01 9.9679e-01 -9.6762e+00 1.9016e+01 -1.8989e+00 -4.8376e+00 1.5975e+01 -1.3144e+00 -1.9864e+01 -1.6615e+01 -1.4922e+01 -5.8508e+00 1.1923e+01 -1.7846e+01 -1.9303e+01 -1.4521e+01 1.3937e+00 -1.8862e+00 -1.6475e+01 -1.6918e+01 -1.2736e+01 -6.6475e-01 5.8812e+00 -2.0664e+01 -1.9385e+01 -1.5785e+01 -6.0589e+00 6.6743e+00 -7.8515e+00 -5.3889e+00 -1.6485e+01 5.5709e+00 -3.5203e-01 -1.3669e+01 -1.3346e+01 7.9104e+00 -2.2427e+01 2.1019e-01 -2.6317e+00 -7.9577e+00 -1.8988e+01 -1.2180e+00 7.1399e+00 -1.8745e+01 -2.1221e+01 -2.0913e+01 4.9613e+00 -9.3133e-01 5.4453e+00 4.1709e+00 -6.0298e+00 1.0401e+01 -1.9302e+01 -1.8853e+01 -1.9761e+01 -1.9305e+01 -3.4936e-01 3.5618e+00 -2.1721e+01 -1.6852e+01 -1.8190e+01 -1.2705e+01 1.1132e+01 -1.2335e+01 -8.0850e+00 -1.8221e+01 -5.8678e+00 1.4050e+01 -1.5444e+01 -1.5165e+01 -1.4663e+01 -3.3028e+00 4.4430e+00
8 -9.7495e+00 1.5748e+01 -1.7771e+00 -8.3624e+00 1.7944e+01 3.6900e+00 -3.9718e+00 1.9253e+01 -2.4650e+00 -1.9467e+00 1.7650e+01 4.8929e+00 -8.0585e+00 1.8516e+01 -8.0314e-01 -9.2051e+00 1.8692e+01 5.7293e+00 -7.2034e+00 1.5462e+01 3.6845e-01 -7.8786e+00 1.7771e+01 4.7003e+00 -9.4472e+00 1.7739e+01 6.2013e-01 -5.0528e+00 9.7732e+00 7.1754e-01 -4.7606e+00 1.5604e+01 1.3364e+00 -9.4092e+00 1.6423e+01 5.2225e+00 -7.8770e+00 1.8282e+01 -5.5096e+00 -5.0301e+00 1.6380e+01 -5.2080e+00 -1.5969e+01 -1.7857e+01 -1.9761e+01 2.7238e+00 1.0055e+01 -1.4370e+01 -1.2923e+01 -1.6502e+01 2.3539e+00 7.0411e+00 -1.3585e+01 -1.5365e+01 -1.1334e+01 -7.8850e+00 1.3751e+01 -1.9421e+01 -1.3535e+01 -1.0254e+01 9.3846e-01 1.6458e+00 -1.7785e+01 -1.6673e+01 -1.4894e+01 -5.4758e+00 8.7474e+00 -1.6172e+01 -1.7205e+01 8.5419e+00 -2.2737e+01 3.1089e+00 -1.3702e+01 -1.4700e+01 -2.0013e+01 9.7365e+00 1.7638e+00 -2.0915e+01 -1.8329e+01 -1.6310e+01 -9.6891e-01 4.9719e+00 2.9552e+00 -4.4936e+00 -1.5384e+01 2.0496e+00 2.4478e+00 -2.0219e+01 -1.4431e+01 -1.5139e+01 -2.9318e-01 7.4262e+00 -2.0275e+01 -1.7235e+01 -2.0479e+01 6.9620e-01 8.3950e+00 -1.2532e+01 -1.4837e+01 -1.9437e+01 -5.7059e+00 1.4620e+01 -1.1360e+01 -1.3774e+01 -1.9761e+01 -5.2445e-01 6.0721e+00
9 1.8731e+01 -6.9745e+00 -4.7565e+00 -5.7356e+00 1.9375e+01 1.8006e+00 -5.7664e+00 1.9012e+01 -2.7116e+00 -8.8467e+00 1.9033e+01 6.6141e+00 -9.5889e+00 1.7513e+01 2.1474e+00 -5.0846e+00 1.6657e+01 2.6183e+00 -6.0302e+00 1.4576e+01 -3.0997e+00 -6.2126e+00 1.8718e+01 -3.3163e+00 -8.3824e+00 1.6153e+01 5.2932e+00 -7.1857e+00 1.8299e+01 -3.8819e+00 -9.2544e+00 1.8452e+01 4.9486e+00 -8.6525e+00 1.7052e+01 1.8775e+00 -6.0226e+00 1.9359e+01 -1.7171e+00 2.7638e+00 1.3987e+01 -3.5942e+00 -1.7393e+01 6.3138e+00 -1.4747e+01 1.6562e+00 6.4775e+00 -1.8173e+01 -1.6565e+01 -1.7218e+01 8.0927e+00 -1.5475e+00 -1.9068e+01 -1.8914e+01 -1.0193e+01 -4.4434e+00 1.0319e+00 -1.5201e+01 -1.3692e+01 -1.7177e+01 -1.4402e+00 8.8507e+00 -1.4459e+01 -1.1609e+01 -1.7628e+01 -7.8896e+00 8.6607e+00 -1.3879e+01 -1.6635e+01 1.4210e+01 -2.1804e+01 -1.0221e+00 -1.4764e+01 -1.5591e+01 -1.2233e+01 -2.6150e+00 7.7835e+00 -2.0814e+01 -1.8262e+01 -1.8749e+01 -3.8942e+00 7.6624e+00 6.1335e+00 -1.1215e+00 -1.4050e+01 3.3801e-01 8.4546e+00 -1.8916e+01 -1.5614e+01 -1.4719e+01 8.3399e+00 -1.0504e+01 -1.8793e+01 -1.4385e+01 -1.7318e+01 -6.6581e+00 1.0675e+01 -1.6403e+01 -1.4568e+01 -1.8029e+01 1.1346e+00 6.6036e+00 -1.7097e+01 -1.7922e+01 -1.8882e+01 -7.0967e+00 1.0138e+01
10 -9.0155e+00 1.5786e+01 -7.8356e+00 -8.7088e+00 1.8268e+01 -8.5286e-01 -8.0649e+00 1.9150e+01 -5.3536e+00 -8.6120e+00 1.6763e+01 1.0325e+00 -9.6458e+00 1.7151e+01 -2.6873e+00 -5.5822e+00 1.9119e+01 3.7416e+00 -9.0843e+00 1.6509e+01 3.8720e-01 -9.6789e+00 1.7926e+01 3.7107e+00 -9.6424e+00 1.7337e+01 9.2730e+00 -9.2815e+00 1.6856e+01 1.8009e+00 -7.9643e+00 1.9006e+01 -3.0967e+00 -7.9615e+00 1.5085e+01 -2.9465e+00 -8.7629e+00 1.7199e+01 -9.5921e-01 -7.9005e+00 1.6894e+01 -3.5098e+00 -1.9154e+01 -1.7326e+01 -1.8248e+01 -4.9279e+00 1.1855e+01 -1.4698e+01 -1.4286e+01 -1.6587e+01 -7.2247e+00 1.4492e+01 -1.8382e+01 -1.7602e+01 -1.7444e+01 -3.7310e+00 9.3616e+00 -1.5883e+01 -1.3046e+01 -1.9464e+01 -5.4554e+00 1.1252e+01 -5.5517e+00 -7.8281e+00 -1.3698e+01 -2.8262e+00 7.1479e+00 -5.9383e+00 -3.2855e+00 5.5480e+00 -2.2007e+01 4.5311e+00 -2.8905e+00 -5.4400e+00 -1.3577e+01 -1.8641e-01 1.1567e+01 -2.0979e+01 -2.1758e+01 -1.5586e+01 4.1696e+00 -4.1282e+00 5.6141e+00 2.2240e+00 -1.4494e+01 9.2469e+00 -1.2188e+01 -2.0712e+01 -1.8204e+01 -1.4293e+01 -5.2928e+00 1.1263e+01 -1.6654e+01 -1.7360e+01 -1.9815e+01 -1.8907e+00 6.7053e+00 -1.3791e+01 -1.8813e+01 -1.8366e+01 4.3859e+00 2.7675e+00 -2.0183e+01 -1.8809e+01 -2.0059e+01 -4.3824e+00 8.5711e+00
11 -9.4514e+00 1.4219e+01 -5.2954e+00 -9.6823e+00 1.4924e+01 -8.5988e-01 -7.1145e+00 1.8206e+01 -3.7489e+00 -8.6446e+00 1.6671e+01 2.5116e+00 -6.7762e+00 1.8405e+01 2.3889e+00 -8.6029e+00 1.8517e+01 5.3587e+00 -7.0175e+00 1.5512e+01 -7.4861e+00 -7.5149e+00 1.6895e+01 1.9123e+00 -9.7092e+00 1.6119e+01 1.2018e+01 -8.8809e+00 1.4499e+01 -2.3863e+00 -6.5936e+00 1.5135e+01 -4.3132e+00 -8.5761e+00 1.7160e+01 1.9147e+00 -6.7711e+00 1.8437e+01 -2.2628e+00 -5.8941e+00 1.9449e+01 -1.7378e+00 -1.8334e+01 -1.5072e+01 -1.7055e+01 -7.6492e+00 9.7206e+00 -2.0294e+01 -1.3555e+01 -1.6710e+01 5.5825e-01 6.8662e+00 -1.9191e+01 -1.8073e+01 -1.5801e+01 -4.7088e+00 9.6659e+00 -2.0202e+01 -1.7644e+01 -1.4472e+01 -3.8478e+00 6.6253e+00 -1.4454e+01 -1.2392e+01 -1.5783e+01 -2.0416e-01 5.4885e+00 -1.4110e+01 -1.4067e+01 1.2906e+01 -2.2800e+01 4.4212e+00 -4.9060e+00 -6.5158e+00 -1.5081e+01 -1.7724e+00 1.1575e+01 -2.1271e+01 -1.9701e+01 -2.0360e+01 5.4589e+00 -2.1579e-01 -9.6187e-01 -1.1109e+00 -1.4632e+01 -5.8017e-02 3.8714e+00 -2.0216e+01 -1.5475e+01 -1.0747e+01 -1.5283e+00 7.4534e+00 -2.2819e+01 -1.8435e+01 -1.3142e+01 4.2216e+00 1.8059e+00 -1.2974e+01 -1.5673e+01 -1.6693e+01 3.1181e+00 -1.5670e+00 -1.8786e+01 -1.3500e+01 -1.0895e+01 -5.1091e+00 8.1315e+00
12 -9.0948e+00 1.9050e+01 -3.8419e+00 -9.5867e+00 1.7562e+01 1.5936e+00 -9.6340e+00 1.9443e+01 -3.1196e-01 -8.1889e+00 1.7138e+01 6.4865e-01 -8.5318e+00 1.8688e+01 -1.5045e+00 -7.8318e+00 1.7229e+01 4.4288e+00 -9.7537e+00 1.7275e+01 1.5855e+00 -8.1971e+00 1.8337e+01 3.9640e+00 -9.5012e+00 1.7350e+01 5.4750e+00 -9.5138e+00 1.4957e+01 -1.1625e+00 -8.6727e+00 1.7303e+01 -4.5968e+00 -6.7939e+00 1.8735e+01 2.9794e+00 -9.7521e+00 1.8439e+01 -3.4858e+00 -9.5031e+00 1.7882e+01 5.9452e+00 -2.0381e+01 -1.9372e+01 -1.9071e+01 -5.1859e+00 6.1667e+00 -1.7414e+01 -1.7962e+01 -1.5996e+01 1.3509e+00 6.6666e+00 -1.9137e+01 -1.9204e+01 -1.6982e+01 -1.0734e+01 9.5774e+00 -1.7790e+01 -1.6614e+01 -2.0610e+01 -3.7502e+00 9.1175e+00 -1.3657e+01 -1.4503e+01 -1.3653e+01 -2.7667e+00 5.0009e+00 -1.2184e+01 -1.2005e+01 1.0272e+01 -1.1405e+01 2.7712e+00 -1.1234e+00 -6.8635e+00 -1.8194e+01 4.0286e+00 -3.4275e-01 -1.7826e+01 -1.5257e+01 -1.6141e+01 3.9478e-01 7.2327e+00 3.8162e+00 1.6787e+00 -1.7586e+01 2.6306e+00 2.1739e+00 -1.5576e+01 -1.7911e+01 -1.8916e+01 -2.3817e+00 1.0568e+01 -1.9374e+01 -1.5903e+01 -1.1591e+01 -4.7254e+00 7.3081e+00 -2.0618e+01 -1.9443e+01 -1.8016e+01 -6.3270e+00 1.0359e+01 -1.7541e+01 -1.5394e+01 -1.6437e+01 -2.8788e+00 5.6280e+00
13 -9.7502e+00 1.9209e+01 -2.0551e+00 -7.9409e+00 1.6413e+01 1.3382e+00 -8.6074e+00 1.5426e+01 -7.8758e-01 -8.3361e+00 1.8286e+01 5.0309e+00 -6.9047e+00 1.7475e+01 -2.4594e+00 -3.4664e+00 1.7791e+01 -1.3152e+00 -9.2118e+00 1.8133e+01 -1.4002e+00 -5.1349e+00 1.4732e+01 -1.0280e+00 -9.5556e+00 1.7191e+01 3.8396e+00 -9.7131e+00 1.8362e+01 -4.4946e+00 -9.3920e+00 1.6050e+01 -3.5266e+00 -9.0785e+00 1.7714e+01 -2.6946e+00 -9.4294e+00 1.7652e+01 -1.4473e+00 -9.7365e+00 1.7730e+01 -1.9525e+00 -1.9630e+01 -1.7197e+01 -1.4736e+01 -5.7472e+00 4.1264e+00 -2.1430e+01 -1.7125e+01 -1.7473e+01 -1.1545e+01 1.2976e+01 -1.6223e+01 -1.2028e+01 -1.8143e+01 2.0109e+00 7.3837e+00 -2.1435e+01 -1.8282e+01 -1.4804e+01 -5.8860e+00 1.0200e+01 -4.0799e+00 -9.7610e+00 -2.1360e+01 -3.0123e+00 1.1665e+01 -1.9072e+01 -1.8996e+01 1.2392e+01 -2.2556e+01 2.4954e+00 -1.0659e+01 -8.6413e+00 -1.2394e+01 1.0470e+00 9.8930e+00 -2.2813e+01 -1.7643e+01 -1.8876e+01 6.1151e+00 -4.4140e+00 6.3489e+00 3.7784e-01 -1.7757e+01 3.0908e+00 3.7997e+00 -1.9486e+01 -1.4716e+01 -1.5773e+01 2.2515e-01 7.7768e+00 -1.8828e+01 -1.4382e+01 -1.6611e+01 -1.3787e+01 8.7436e+00 -1.6713e+01 -2.0148e+01 -1.7516e+01 4.1275e+00 3.8076e+00 -1.8150e+01 -1.9736e+01 -2.0453e+01 -4.3420e+00 1.0234e+01
14 -9.6950e+00 1.7008e+01 -2.5679e-01 -9.5866e+00 1.5701e+01 6.6390e+00 -5.9290e+00 1.7521e+01 -4.4115e+00 -9.3162e+00 1.7224e+01 1.0311e+01 -6.2218e+00 1.8871e+01 2.0908e+00 -8.8604e+00 1.8247e+01 5.6273e-01 -9.7481e+00 1.7282e+01 -4.6988e+00 -9.4751e+00 1.0345e+01 -6.9026e+00 -7.7074e+00 1.6543e+01 -4.2861e+00 -9.7501e+00 1.5059e+01 -1.2571e+00 -5.7104e+00 1.2568e+01 -2.4353e+00 -7.5600e+00 1.8096e+01 2.8687e+00 -8.5732e+00 1.7081e+01 3.9944e+00 1.9146e+01 -6.8154e+00 2.4250e+00 -2.2729e+01 -2.0215e+01 -1.7496e+01 -6.5016e+00 4.3331e+00 -1.6121e+01 -1.4283e+01 -1.3708e+01 -4.9713e+00 9.9400e+00 -2.0574e+01 -1.6271e+01 -1.8275e+01 4.3721e-01 4.3753e+00 -2.2125e+01 -1.7890e+01 -1.2673e+01 4.6832e+00 -1.7882e+00 -1.3507e+01 -1.5061e+01 -1.5915e+01 8.5909e+00 1.5893e+00 -1.1144e+01 -1.6488e+01 1.3877e+01 -2.1167e+01 1.7875e+00 9.2291e+00 1.2307e+01 2.2571e+00 1.1017e+01 5.6981e+00 -8.0229e+00 -8.3359e+00 -1.7830e+01 1.9695e+00 1.0734e+01 -1.8291e+00 -2.5973e+00 -1.6066e+01 3.0343e+00 6.1107e+00 -1.8067e+01 -1.8002e+01 -1.7078e+01 4.4899e+00 -3.1089e+00 -1.9344e+01 -1.8041e+01 -1.6160e+01 -1.8548e+00 5.8394e+00 -1.1882e+01 -1.5170e+01 -1.2360e+01 -1.2005e+01 1.1166e+01 -1.3534e+01 -1.0862e+01 -1.7784e+01 -4.3868e+00 1.1706e+01
15 -9.7200e+00 1.7703e+01 4.3718e+00 -8.8842e+00 1.6228e+01 8.0776e-01 -8.0660e+00 1.8484e+01 -7.6272e+00 -9.1743e+00 1.8123e+01 -1.6560e+00 -9.7530e+00 1.9133e+01 -2.0659e+00 -4.9961e+00 1.7795e+01 -3.6208e+00 -8.9190e+00 1.0338e+01 -2.0357e+00 -9.2878e+00 1.8073e+01 4.9616e+00 -9.1549e+00 1.7527e+01 5.2331e+00 -9.7536e+00 1.6448e+01 2.2668e+00 -7.4856e+00 1.7296e+01 -8.2553e+00 -9.3549e+00 1.8750e+01 -4.4022e+00 -8.7636e+00 1.5003e+01 -9.7252e-01 -4.9221e+00 1.5628e+01 -1.9354e+00 -1.4381e+01 -1.3755e+01 -1.4855e+01 -6.8923e+00 9.6235e+00 -1.6728e+01 -1.6665e+01 -1.9469e+01 4.3406e+00 2.0195e+00 -1.8318e+01 -1.5955e+01 -1.8870e+01 -2.7671e+00 8.0726e+00 -2.1337e+01 -2.0491e+01 -1.6649e+01 -6.2184e-01 3.3070e+00 -1.3315e+01 -1.5610e+01 -1.8590e+01 4.8254e+00 9.0618e+00 -9.3211e+00 -1.3683e+01 1.1832e+01 -1.9017e+01 5.4370e+00 -5.9067e+00 -1.0686e+01 -1.8445e+01 8.7709e-01 7.2197e+00 -2.1839e+01 -1.8741e+01 -2.0719e+01 5.5555e+00 2.2572e+00 1.9688e+00 2.9438e+00 -1.0475e+01 1.4202e+00 5.8585e+00 -1.1625e+01 -1.2284e+01 -2.0587e+01 -1.8194e+00 6.3515e+00 -2.2237e+01 -1.8315e+01 -1.6075e+01 -5.5928e+00 3.3171e+00 -1.5760e+01 -1.4028e+01 -1.7516e+01 -6.1043e+00 1.2242e+01 -1.8683e+01 -1.7121e+01 -1.7579e+01 -4.9259e+00 2.9924e+00
16 -9.5067e+00 1.7418e+01 5.7355e+00 -9.6386e+00 1.6520e+01 7.7439e+00 -5.9867e+00 1.8243e+01 4.0987e-01 -2.2325e+00 1.6646e+01 -1.3411e+00 -5.1275e+00 1.5405e+01 4.7433e+00 -1.5698e+00 1.7343e+01 7.0047e+00 -9.1465e+00 1.7910e+01 1.8802e+00 -6.2720e+00 1.8427e+01 6.4592e+00 -9.6899e+00 1.5686e+01 8.5725e+00 -9.2022e+00 1.7392e+01 6.7956e-02 -8.3866e+00 1.6689e+01 1.3358e+00 -7.9608e+00 1.8522e+01 6.0337e-02 -9.6303e+00 1.4793e+01 -2.7112e+00 -8.6481e+00 1.3531e+01 -7.6925e-01 -1.7815e+01 -1.6075e+01 -1.6910e+01 -5.2086e-01 9.4131e+00 -1.8462e+01 -1.7689e+01 -1.4614e+01 -6.5534e+00 1.2508e+01 -1.5385e+01 -1.3734e+01 -2.1095e+01 -1.0851e+00 1.0982e+01 -2.1516e+01 -2.1577e+01 -1.4642e+01 -2.2034e+00 1.5053e+00 -1.8807e+01 -1.6705e+01 -1.1857e+01 -2.4886e+00 5.9907e+00 -1.3263e+01 -1.4743e+01 1.5153e+01 -2.0019e+01 5.7805e+00 -1.1053e+01 -8.5676e+00 -1.7120e+01 4.7053e+00 8.4076e+00 -1.9231e+01 -1.6020e+01 -1.7354e+01 4.2926e+00 -4.1664e+00 4.3147e+00 3.6813e+00 -1.2363e+01 -2.2759e+00 8.9809e+00 -1.5311e+01 -9.8188e+00 -1.6850e+01 -1.7420e+00 1.0841e+01 -2.0614e+01 -1.5307e+01 -1.5013e+01 -8.7832e+00 1.3172e+01 -1.3686e+01 -1.6025e+01 -2.1342e+01 -4.8222e+00 8.6806e+00 -1.4463e+01 -1.2652e+01 -1.9448e+01 -5.4130e+00 7.9823e+00
17 -8.0882e+00 1.5279e+01 -2.4999e+00 -5.8028e-02 1.8831e+01 -2.7480e+00 -7.7427e+00 1.8838e+01 -5.0850e+00 -7.9347e+00 1.7042e+01 1.3697e+00 -9.2230e+00 1.7080e+01 1.3025e+00 -5.3316e+00 1.7423e+01 1.1150e+00 -9.7280e+00 1.6654e+01 -1.7451e+00 -8.9085e+00 1.5283e+01 8.4899e+00 -8.7895e+00 1.8270e+01 2.3922e+00 -8.9813e+00 1.5649e+01 -1.1212e+00 -7.8979e+00 1.8910e+01 -2.2120e-01 -8.9136e+00 1.6067e+01 1.3954e+00 -9.4770e+00 1.6616e+01 -2.1085e+00 -7.6449e+00 1.9178e+01 -8.5056e-01 -1.2297e+01 -1.1339e+01 -1.3382e+01 -4.9028e+00 9.2335e+00 -1.9732e+01 -1.6936e+01 -1.9180e+01 -1.8593e-01 7.6552e+00 -1.8645e+01 -1.5991e+01 -2.0099e+01 -2.2219e+00 9.1223e+00 -1.9961e+01 -1.7704e+01 -1.2370e+01 3.1739e+00 3.2540e-01 -1.7947e+01 -1.2646e+01 -1.7086e+01 -2.7079e+00 5.3838e+00 -6.7083e+00 -6.8845e+00 6.6148e+00 1.3505e+01 -1.7701e+01 -8.1810e-01 6.0673e-01 -1.6956e+01 -2.8954e+00 8.2215e+00 -1.8558e+01 -1.4667e+01 -1.9090e+01 -2.1861e+00 1.0406e+01 8.8236e+00 7.1616e+00 -1.0561e+01 -3.5225e+00 8.7100e+00 -1.8173e+01 -1.4755e+01 -1.6010e+01 2.6718e+00 2.9577e+00 -2.1458e+01 -1.9046e+01 -1.9217e+01 -2.3987e+00 1.4790e+00 -1.4036e+01 -1.2705e+01 -1.8322e+01 -5.3782e+00 1.0308e+01 -2.0293e+01 -1.5606e+01 -1.3967e+01 -2.5456e+00 1.0204e+01
18 -9.6221e+00 1.7940e+01 3.2429e+00 -5.7331e+00 1.6536e+01 -1.8042e+00 -7.4394e+00 1.7590e+01 -4.2811e+00 -7.8504e+00 1.6284e+01 -2.3637e+00 -4.6828e+00 1.8173e+01 -3.4706e+00 -9.1108e+00 1.9310e+01 7.9631e+00 1.4346e+01 -8.4388e+00 2.3392e+00 -6.2412e+00 1.8538e+01 1.2764e+01 -9.7404e+00 1.4648e+01 1.3325e+01 -8.7444e+00 1.4133e+01 2.2708e+00 -9.7542e+00 1.6575e+01 -9.4091e-01 -8.1123e+00 1.5144e+01 -4.0489e+00 -8.3822e+00 1.7897e+01 2.8387e+00 -8.2682e+00 1.4366e+01 -9.7894e-02 -1.6946e+01 -1.4469e+01 -1.6247e+01 -3.3386e+00 5.6509e+00 -2.1501e+01 -1.8245e+01 -1.4893e+01 -9.4470e+00 5.8358e+00 -2.0627e+01 -1.5470e+01 -1.6458e+01 -1.1151e+01 1.2208e+01 -1.1173e+01 -1.5660e+01 -1.9658e+01 -1.4841e+00 8.8684e+00 -1.7490e+01 -1.6489e+01 -1.2045e+01 3.4514e+00 -1.3574e+00 -9.9884e+00 -9.5918e+00 -1.1704e+01 1.8784e+00 -4.3176e+00 6.6259e+00 -1.1263e+01 -1.7916e+01 1.4805e+01 -7.4961e+00 -1.8984e+01 -1.7738e+01 -1.0680e+01 3.4959e+00 -4.1646e+00 -1.8573e+00 1.4494e+00 -1.4905e+01 7.5479e+00 1.5034e+00 -2.0263e+01 -1.7417e+01 -1.0081e+01 -1.2187e-01 8.6171e-01 -1.9764e+01 -1.2009e+01 -1.9080e+01 -7.6275e-01 3.5053e+00 -2.0939e+01 -1.7790e+01 -1.4926e+01 -4.0276e+00 1.0637e+01 -1.5512e+01 -1.1633e+01 -2.1067e+01 3.8352e+00 7.5063e+00
19 -9.7368e+00 1.9253e+01 3.7485e+00 -8.2509e+00 1.8536e+01 -3.5813e-01 -9.3461e+00 1.8527e+01 1.2189e+00 -8.2534e+00 1.5977e+01 5.3517e+00 -8.4300e+00 1.7472e+01 4.9472e+00 -9.5366e+00 1.8666e+01 3.1836e+00 8.5605e+00 -9.4570e+00 -6.3300e+00 1.9299e+01 -7.4986e+00 -1.2101e+00 -6.3056e+00 1.9233e+01 2.3906e+00 -9.3398e+00 1.6613e+01 6.8448e+00 -9.2863e+00 1.8268e+01 -1.5673e-01 -8.7478e+00 1.6656e+01 8.3539e+00 -4.2824e+00 1.8994e+01 -5.0616e-01 -4.5394e+00 1.8242e+01 -3.9637e+00 -1.4812e+01 -1.4287e+01 -1.7317e+01 -1.3921e+00 3.8322e+00 -1.6100e+01 -1.0716e+01 -1.9104e+01 -6.5974e+00 1.2443e+01 -1.8976e+01 -1.8108e+01 -1.5894e+01 -5.5535e+00 6.2083e+00 -2.0844e+01 -1.6526e+01 -1.7918e+01 6.3777e+00 1.4114e+00 -1.7150e+01 -1.5082e+01 -1.1475e+01 -3.0749e+00 4.5134e+00 -1.4507e+00 -3.9874e+00 4.3207e+00 7.4841e+00 -1.8033e+01 3.6929e+00 6.0634e+00 -1.7554e+01 2.5195e+00 1.8851e+00 -2.1642e+01 3.4853e+00 -1.6635e+01 -3.6724e+00 6.5978e+00 1.2478e+01 1.2517e+01 1.4893e+01 1.5856e+01 -6.2486e+00 -1.3009e+01 -1.0762e+01 -1.8402e+01 -7.1032e-01 6.4563e+00 -2.0896e+01 -2.0084e+01 -1.9256e+01 -3.2419e+00 9.3659e+00 -1.0744e+01 -1.8059e+01 -1.8869e+01 5.9678e+00 7.3664e+00 -1.9150e+01 -1.6506e+01 -1.8745e+01 5.7595e-01 5.8680e+00
20 -9.6977e+00 1.8545e+01 -9.8079e-02 -7.9552e+00 1.8931e+01 -1.2372e+00 -8.4142e+00 1.9058e+01 -1.6797e+00 -7.8316e+00 1.8073e+01 4.3263e-01 -7.0180e+00 1.6555e+01 2.0007e+00 -9.6900e+00 1.8931e+01 1.2023e+01 -9.6398e+00 1.4605e+01 -6.7384e+00 -9.6519e+00 1.6910e+01 4.6947e+00 -9.2120e+00 1.6706e+01 1.0982e+00 -9.7308e+00 1.8172e+01 5.1691e+00 -8.5513e+00 1.7895e+01 -3.6084e-01 -7.1617e+00 1.7289e+01 3.0955e+00 -9.5172e+00 1.8940e+01 2.8229e+00 -7.9903e+00 1.8315e+01 2.7557e-01 -1.7745e+01 -1.6597e+01 -1.8808e+01 9.9141e-01 8.0647e+00 -2.2138e+01 -2.0851e+01 -1.3629e+01 -4.0389e+00 7.7624e+00 -1.3912e+01 -1.4797e+01 -9.7273e+00 -6.7537e+00 7.1601e+00 -1.4741e+01 -1.3012e+01 -1.7182e+01 -4.7565e-01 8.9438e+00 -1.5353e+01 -1.3174e+01 -1.5042e+01 -6.8137e+00 9.5130e+00 -1.9729e+01 -1.8848e+01 1.3350e+01 -1.8180e+01 -6.7422e+00 -1.4567e+01 -9.7452e+00 -2.1464e+01 6.1954e+00 3.9412e+00 -1.8973e+01 -1.8783e+01 -2.0475e+01 4.1531e+00 7.7256e-01 3.7355e+00 1.6594e+00 -8.5834e+00 -6.8818e+00 1.0383e+01 -1.7870e+01 -1.4864e+01 -1.7520e+01 -1.3153e+00 7.8311e+00 -7.1508e+00 -1.3451e+01 -1.3553e+01 -7.7423e+00 1.3449e+01 -1.4601e+01 -1.3784e+01 -2.1477e+01 -2.6751e+00 1.1869e+01 -1.8576e+01 -1.7805e+01 -1.4947e+01 2.0364e+00 2.1329e+00
21 -5.7459e+00 1.6378e+01 -3.3661e+00 -9.1937e+00 1.3986e+01 3.5141e-01 3.5249e+00 1.6889e+01 -7.8575e+00 -9.7439e+00 1.6954e+01 9.3879e+00 -9.1004e+00 1.9269e+01 1.7618e+00 -3.9960e+00 1.7523e+01 7.4679e-01 -6.0121e+00 1.8026e+01 -2.7565e+00 -8.3545e+00 1.8791e+01 2.5175e+00 -8.2809e+00 1.5565e+01 3.1859e+00 -6.7001e+00 1.4279e+01 -2.4813e+00 -6.3551e+00 1.3905e+01 1.0696e+00 -9.6286e+00 1.7867e+01 7.4943e+00 -8.2344e+00 1.6282e+01 -1.9985e+00 1.7959e+01 -3.8719e+00 -1.6268e+00 -1.7497e+01 -1.5557e+01 -1.8561e+01 4.0865e+00 2.7513e+00 -1.3226e+01 -1.5881e+01 -1.9063e+01 -1.3896e+00 7.9765e+00 -1.9862e+01 -1.4259e+01 -1.6124e+01 -6.5998e+00 7.9107e+00 -1.7106e+01 -1.5499e+01 -1.4610e+01 -2.6237e+00 9.5391e+00 -7.5191e+00 -7.9840e+00 -1.3301e+01 -7.4174e+00 1.0426e+01 -2.0855e+01 -1.5438e+01 1.5821e+01 -2.0712e+01 5.7299e+00 -1.3353e+01 -9.0971e+00 -1.4956e+01 -4.9313e+00 9.2233e+00 -2.0620e+01 -1.7503e+01 -1.5783e+01 -3.2101e+00 9.1275e+00 1.1733e+00 -6.5308e+00 -2.0536e+01 6.7795e+00 7.1660e+00 -1.7408e+01 -1.3339e+01 -1.8517e+01 -9.2163e+00 1.2196e+01 -2.0895e+01 -2.0946e+01 -1.6135e+01 3.7077e+00 3.1175e+00 -2.0995e+01 -1.5764e+01 -1.5624e+01 -3.2949e+00 1.1006e+01 -1.4382e+01 -9.8902e+00 -1.3355e+01 -1.2739e+01 1.4458e+01
22 -9.5735e+00 1.8389e+01 -6.9391e+00 -9.7292e+00 1.7422e+01 -3.3559e+00 -9.1159e+00 1.8245e+01 -3.5519e+00 -9.5888e+00 1.5506e+01 5.9959e+00 -5.6088e+00 1.7111e+01 6.6966e-01 -7.9894e+00 1.7211e+01 1.0337e+01 -9.4259e+00 1.0459e+01 -7.0193e+00 -7.9108e+00 1.8255e+01 1.2249e+00 -8.3958e+00 1.7750e+01 4.6545e+00 -9.0225e+00 1.5905e+01 1.2252e+00 -6.3007e+00 1.2276e+01 9.3556e-01 -7.5349e+00 1.5517e+01 4.2837e+00 -5.7411e+00 1.8884e+01 -1.9994e+00 -7.6946e+00 1.8856e+01 -1.4934e+00 -1.5794e+01 -1.7433e+01 -1.5564e+01 -3.3589e+00 1.2764e+01 -2.1700e+01 -1.8699e+01 -1.7363e+01 -4.7400e+00 8.2421e+00 -1.3256e+01 -1.3298e+01 -1.8066e+01 -9.6586e+00 1.4468e+01 -2.2172e+01 -1.8074e+01 -1.0208e+01 -2.4109e+00 5.2551e+00 -1.2607e+01 -1.3916e+01 -1.7954e+01 -2.2559e+00 6.7606e+00 -1.5749e+01 -1.7277e+01 1.0801e+01 -2.1862e+01 5.3491e+00 -1.4273e+01 -7.0935e+00 -1.8833e+01 1.1291e+01 1.8154e+00 -1.7688e+01 -1.5654e+01 -1.9711e+01 1.4105e+00 3.7088e+00 1.1155e+00 -1.7627e+00 -1.2570e+01 -3.2732e+00 1.3061e+01 -1.4501e+01 -1.2638e+01 -1.6759e+01 -2.9357e+00 1.6356e+00 -2.2233e+01 -1.2762e+01 -1.8250e+01 1.7996e+00 1.0823e+01 -1.3737e+01 -1.8245e+01 -1.8096e+01 -3.1878e+00 1.0272e+01 -2.1064e+01 -1.8534e+01 -1.7883e+01 -7.7498e+00 1.1363e+01
23 -9.7315e+00 1.4554e+01 -5.1644e+00 -9.5344e+00 1.8732e+01 -3.3344e+00 -9.3072e+00 1.8600e+01 -1.3841e+00 -8.8582e+00 1.9057e+01 4.2693e+00 -3.5919e+00 1.0408e+01 2.7638e+00 -4.9124e+00 1.6919e+01 9.7262e+00 -6.7498e+00 1.5114e+01 -3.4613e+00 -9.3666e+00 1.6276e+01 6.3390e+00 -9.3805e+00 1.6480e+01 -5.3762e-01 -8.5893e+00 1.5065e+01 -2.8794e+00 -7.8526e+00 1.7487e+01 7.0341e+00 -8.7995e+00 1.8613e+01 7.9325e-01 -7.4751e+00 1.3017e+01 2.3800e+00 -6.6616e+00 1.4808e+01 1.6008e+00 -1.4313e+01 -1.5625e+01 -1.6265e+01 2.6701e+00 3.5623e+00 -2.0383e+01 -1.6878e+01 -4.3103e+00 -1.1444e+01 1.3697e+01 -2.1241e+01 -1.8078e+01 -1.7198e+01 -4.4581e+00 7.7182e+00 -1.1555e+01 -1.3658e+01 -1.9772e+01 1.7528e+00 7.4099e+00 -7.2761e+00 -6.8900e+00 -1.9810e+01 6.5243e+00 1.5561e+00 -1.9408e+01 -1.3571e+01 1.0726e+01 -2.1288e+01 -2.7532e+00 -1.5730e+01 -1.2066e+01 -1.7577e+01 4.7957e+00 4.4227e+00 -2.2516e+01 -1.9270e+01 -1.7689e+01 -8.6764e-01 7.3173e+00 -7.0214e+00 -8.8898e+00 -1.0956e+01 -2.4845e+00 1.2219e+01 -1.8699e+01 -1.6829e+01 -1.4176e+01 -1.5749e+00 1.0899e+01 -1.1947e+01 -1.4016e+01 -1.8499e+01 2.9031e+00 6.4142e+00 -2.2318e+01 -1.9989e+01 -1.8057e+01 1.5456e+00 9.2230e+00 -2.1077e+01 -1.0912e+01 -1.5840e+01 1.5501e-01 3.7854e+00
