0	2.8400059	4.1541486	3.9323304	5.5247073	3.0773404	4.5879	6.60614	4.0354366	1.7694259	1.7731838	3.5882602	3.720973	3.0093107	2.4223332	4.0153284	2.9096932	3.9445426	3.5678086	1.7740284	3.6310456	2.8728719	2.9836812	4.212057	4.5419374	3.387744	4.38587	3.7512054	4.387141	3.050009	4.755316	5.6657104	3.844776	4.4865875	4.118027	3.3730154	2.6719568	4.179622	4.4505963	3.0989192	3.6537468	2.6985025	1.7764056	1.7554785	2.961209	2.4026735	3.8102393	4.8207293	3.698793	5.335883	4.3754086	2.0402768	2.4279456	5.611441	3.5028305	3.0215616	1.9668539	3.386686	2.8058126	2.570209	3.4162273	4.512158	3.670967	2.5338001	1.770696	2.8246772	3.8919234	2.8248188	2.8069737	3.3270047	2.9414096	5.3053994	3.8147333	2.8238702	3.4068456	2.6956534	3.705106	3.942432	4.6753225
1	2.8388162	4.3597164	3.9064696	5.4763103	3.056858	4.495745	6.517238	4.035062	1.7683507	1.7727352	3.5769696	3.744399	2.9587724	2.4240034	4.0083714	2.8986897	3.9295723	3.9601612	1.7732018	3.691727	2.6001241	2.968739	4.2643366	4.570853	3.5436125	4.387743	4.1233535	4.2628207	3.0245364	5.4270053	5.7443595	3.9212618	4.138524	4.0519204	3.5145853	2.6703286	3.8931375	4.4729676	2.928127	3.6699696	2.6568925	1.771308	1.756679	3.1002533	2.4010177	3.753743	4.929776	3.553994	5.283018	4.733384	2.1492214	2.4247258	5.7114296	3.4303448	3.0001326	1.9395747	3.495743	2.8090646	2.629064	3.619516	4.5919166	3.6731148	2.445948	1.7745354	2.4709404	3.900317	2.8267524	2.9312644	3.5502973	2.9566832	5.446945	3.8128302	2.7690473	3.528758	2.4193635	3.7420895	3.9140978	4.5682745
2	2.8357718	4.0087075	3.930214	4.813635	3.066794	4.6755443	6.552233	4.102847	1.7688816	1.7722878	3.6016173	3.676839	2.924476	2.4232602	4.0469337	2.8752327	3.8674932	3.681149	1.7733295	3.5970407	3.0876942	3.0093799	4.47935	4.5170765	3.6160681	4.183705	4.1622405	4.287158	3.0354924	5.017504	5.647455	3.8650014	4.5630593	3.953867	3.5297503	2.6351845	3.9322805	4.4734087	3.8087358	3.7602603	2.8700354	1.7763894	1.7557455	2.6961708	2.4080327	3.6629198	4.104493	3.5755944	5.572997	4.9203105	2.0558128	2.4335468	5.6298103	3.0731492	2.4433665	1.9887602	3.89788	2.931077	2.2931776	3.1872618	4.2736964	3.6690118	2.7826862	1.772778	2.476254	3.8812695	2.937736	3.056786	3.5585392	2.7955804	5.7555056	3.8369303	2.773859	3.469589	2.40856	3.3537219	4.0053835	5.246887
3	2.7905157	4.0074735	3.9118872	4.890684	3.0835273	4.5424685	6.5457864	4.0095325	1.7719543	1.7743337	3.5983875	3.8229682	2.7886028	2.4226222	2.499266	2.8801236	3.9006848	3.8416576	1.7718221	3.6685781	2.6717048	3.0028713	4.49529	4.557897	3.3446195	4.253318	4.1693096	4.1692476	3.0647972	6.013339	5.7197165	3.7920892	4.473933	4.0703344	3.3491745	2.6673408	4.2393103	4.4727516	2.723055	3.7273405	2.7676296	1.7725927	1.7553307	2.6350734	2.4149718	3.7629974	4.561516	3.563427	5.4765124	4.738746	2.1252937	2.4244177	5.5243297	3.4815383	2.4726233	2.0287328	3.2949302	3.3162138	3.0072176	3.2735326	4.24211	3.677162	2.6237395	1.7747122	2.7401533	3.8977027	2.7931073	2.742496	3.4439852	2.892637	5.1243696	3.8135648	2.8192422	3.4159636	2.7167182	3.8469229	4.123669	4.605596
4	2.8406973	4.3768253	3.895748	5.70924	3.05472	4.749699	6.3658423	3.9302459	1.7704011	1.7763698	3.6031685	3.686842	2.7803218	2.4191458	4.03359	2.8177	3.8640347	3.6265996	1.7709082	3.5504506	3.2680292	3.0076602	5.0051017	4.563165	3.5858798	4.2160163	4.2649994	4.3594503	3.2784367	4.7789755	5.68068	3.8962567	4.616273	3.8491156	3.579577	2.627149	3.8584492	4.4805775	2.3658106	3.5503592	2.934782	1.7704294	1.7573918	3.1226609	2.3961637	3.7328043	4.9982333	3.5107374	5.6041174	4.358359	2.164941	2.4210992	5.803508	3.32633	2.597184	4.153261	3.6047845	3.148477	2.4964068	3.551774	4.6067	3.6693332	3.0707707	1.7737892	2.1882808	3.922418	2.8180332	3.030721	4.0580764	2.2274976	5.232472	3.8158226	2.7767224	3.5031116	2.4849455	3.4550974	4.109798	4.8557525
5	2.7905061	4.1371417	3.8973618	5.2656	3.0726395	4.608324	6.5854216	4.056728	1.7707502	1.7734318	3.6034977	3.8039093	2.7542593	2.4226847	2.708704	2.8236475	3.8519862	3.5172443	1.7726241	3.6035335	3.060106	2.980111	3.9947934	4.505829	3.5979133	4.2793317	4.192949	4.3303986	3.21257	4.94577	5.665688	3.8781478	4.522604	4.0109534	3.3416975	2.7130842	4.3193326	4.501929	4.1287665	3.6013854	2.6772764	1.7750969	1.7581384	3.0790508	2.3884451	3.8263643	4.699877	3.579193	5.140533	4.6084633	2.1233315	2.4217322	5.540595	3.025775	3.4223633	1.9695904	3.7299676	2.7671204	2.6802661	3.209556	4.5784626	3.6618214	2.4153216	1.7683313	3.0671513	3.8780546	3.0056772	2.999227	3.482346	2.945957	5.7492733	3.834024	2.7826185	3.4569287	2.426752	3.5335257	3.931478	4.962402
6	2.7899604	3.905795	3.8485456	5.3870573	3.0495632	4.800331	6.542254	3.9884644	1.7689719	1.7697482	3.6173406	3.7600694	2.5664005	2.4231148	2.9363723	2.8232388	3.8748055	3.1982422	1.7746542	3.5184503	3.3496432	2.9698992	4.996904	4.546822	3.1584954	4.2593927	4.040681	4.3716855	3.324315	5.3451734	5.6077533	3.9088318	4.637701	3.6284175	3.571344	2.6375623	3.80378	4.4397945	2.6200285	3.5918567	2.9053106	1.7742746	1.7573518	3.1425085	2.384068	3.914083	4.611747	3.6679544	5.1013813	4.187622	2.2843547	2.417671	5.2717896	3.3160388	2.5378256	4.06198	3.8284087	2.3376708	2.665275	3.009304	4.623045	3.6566184	3.2351184	1.7710063	2.0917525	3.9098067	2.8235266	2.5612104	3.8416634	2.2100093	5.000986	3.8225868	2.8913965	3.182816	3.1399467	3.4285965	3.9688537	5.056412
7	2.8344204	3.7269788	3.920635	5.4169965	3.0477931	4.830587	6.54748	4.0254965	1.7667745	1.7738379	3.5991251	3.6922865	2.9221158	2.4213572	4.0312343	2.8572102	3.9392707	3.3111558	1.7755508	3.4969077	3.3861861	2.9709933	4.9637656	4.544288	3.603369	4.291686	3.866735	4.315428	3.2737372	5.327841	5.6580167	3.8906908	4.677775	3.8867953	3.5023088	2.6481614	3.9497507	4.4508605	3.0303564	3.4000373	2.7876358	1.7721941	1.7562337	3.0112336	2.385633	3.752645	4.4298034	3.7017906	5.5096207	4.1635284	2.1124377	2.4287086	5.5097895	3.148122	3.1704774	4.490433	3.5638614	2.918189	2.4474049	2.670965	4.5593233	3.6588864	3.19514	1.7759382	2.2517297	3.8964021	2.883736	2.7977595	4.119789	2.19631	5.074558	3.8416343	2.7379572	3.4876037	2.3256578	3.5284007	4.025874	4.491287
8	2.7750797	4.141224	3.842068	5.126647	3.0433846	4.684014	6.581635	4.099661	1.770413	1.7747318	3.5948439	3.9086244	2.667067	2.4193656	2.5056229	2.8522224	3.9163795	3.2550836	1.7742593	3.6067083	3.1156359	3.0069356	4.315874	4.521884	3.6010447	4.289343	3.9117732	4.3316154	3.2785668	5.8665953	5.6271005	3.90736	4.4748144	4.0937414	3.5792475	2.6273541	3.7978644	4.469658	3.911314	3.7160783	2.8448381	1.7756035	1.756873	3.0949006	2.4034827	3.77034	4.7936463	3.708999	5.4808145	4.1510034	1.9481864	2.416287	5.5804577	3.0584078	2.6302958	2.022852	3.7320864	2.9980102	3.6481116	3.0768576	4.6170964	3.6734247	2.7167692	1.7761325	2.400067	3.8892326	2.9678226	2.9831898	3.7733533	2.8153837	5.658679	3.8323212	2.7684581	3.4803004	2.407634	3.5443964	4.095891	4.85344
9	2.839253	3.9748204	3.9390323	6.0012693	3.05821	4.668806	6.336925	4.0576077	1.7703216	1.772775	3.6005661	3.6654572	2.9367006	2.4209924	3.9597187	2.8300178	3.906361	3.0602775	1.7751657	3.5804467	3.1100237	3.0067823	4.325937	4.497597	3.64473	4.2652197	3.8537402	4.3847075	3.3347583	4.897066	5.6127605	3.8531277	4.555342	3.8802495	3.430098	2.667697	4.092862	4.501375	4.128169	3.7213242	2.883711	1.7777576	1.7575147	2.948565	2.385681	3.7563052	4.951278	3.7269583	5.4542546	3.788849	2.0369055	2.4271693	5.736151	2.9247131	2.540703	2.026114	3.6560721	2.9806993	2.5113711	3.210597	4.460762	3.6618843	2.6863875	1.7711489	2.6411433	3.891808	3.005738	3.1673524	3.6125984	2.7747774	5.745513	3.8458781	2.7809806	3.3963766	2.3271194	3.4412155	4.045948	4.7224083
10	2.8299782	4.048909	3.8801491	5.030148	3.070145	4.620524	6.408894	4.085918	1.7722048	1.7748251	3.5993884	3.7230182	2.7740357	2.4230428	4.0398307	2.8687243	3.9106536	3.8677835	1.7716947	3.606965	3.0380855	3.0177119	4.4316354	4.513112	3.5368347	4.2558603	4.186391	4.3598166	3.1074188	5.1746464	5.608095	3.865485	4.527399	3.8163617	3.4711995	2.6561759	4.014382	4.479477	3.977365	3.7615087	2.9173303	1.7803156	1.7566628	3.082481	2.399804	3.753536	4.431667	3.5500636	4.7153993	4.7351546	2.0858047	2.4298568	5.758959	3.0828154	2.2827618	2.116745	3.9187431	2.6916778	2.372018	3.3899212	4.5844975	3.6692939	2.8655627	1.7724576	2.4024343	3.8998084	2.952614	3.043005	3.7215528	2.7298357	5.5751057	3.8403485	2.783049	3.3646827	2.2463064	3.4379604	4.0408854	4.5606785
11	2.8302894	4.312984	3.9352765	5.7949133	3.0764034	4.557469	6.581678	4.0567827	1.767051	1.7722355	3.6052706	3.7190757	3.006201	2.4242089	4.025046	2.8735123	3.9444435	3.5368826	1.7696844	3.636247	2.8717184	3.001223	4.317609	4.50988	3.4468203	4.3261156	3.8993526	4.38733	3.1702824	4.9088745	5.657689	3.8286092	4.5336485	4.0211663	3.393916	2.6629033	4.152104	4.4507604	3.1640258	3.7182312	2.7618103	1.7747545	1.7581553	3.0633302	2.3859417	3.8121936	4.9131494	3.6716685	5.4663157	4.2219443	2.0965745	2.42788	5.612295	3.4817939	2.6907945	1.9704425	3.3674645	3.0752132	2.5365605	3.3088098	4.5768747	3.6629627	2.6797905	1.7748548	2.683605	3.9040556	2.8195782	2.8112032	3.2176795	2.8891945	5.2352386	3.814148	2.8483157	3.384975	2.8899918	3.8722024	4.109779	4.9990087
12	2.8257813	4.0943727	3.8723545	5.5437193	3.0687892	4.571233	6.52072	4.099552	1.770774	1.7748	3.614912	3.7167642	2.7032197	2.4228861	3.9979763	2.8461742	3.8937817	3.6621847	1.7717054	3.6312115	2.9296458	3.0111818	4.2657776	4.539121	3.5645514	4.24176	4.1679564	4.3679714	3.1819572	5.150983	5.606504	3.8579197	4.496787	3.8527145	3.4227278	2.668247	4.087126	4.4725537	3.845159	3.7321486	2.8498712	1.7746131	1.7594717	3.084661	2.3890636	3.7442741	4.9981666	3.5954514	5.2807217	4.403919	2.1341472	2.4299457	5.652228	3.0878475	2.5584147	2.0025535	3.974457	2.6909447	3.0952582	3.5538807	4.5686836	3.6643803	2.7217784	1.7743461	2.551855	3.8965702	2.9532025	3.0178282	3.5785503	2.8071454	5.6867237	3.8245234	2.8124647	3.3626537	2.5260446	3.3912416	4.0883355	5.0879216
13	2.8396263	4.2940774	3.9104161	5.9778786	3.0532513	4.7591853	6.5932436	4.0110345	1.7687947	1.7723875	3.6105685	3.6466389	2.8013692	2.4222276	4.0266876	2.8294702	3.892052	3.0001788	1.7734647	3.5509298	3.3147953	3.0062551	4.819421	4.506236	3.5210795	4.2138877	3.9045622	4.4578886	3.316625	5.3940825	5.5989485	3.918325	4.596221	3.7481017	3.5947037	2.633945	3.8482985	4.435242	2.8084943	3.4989772	2.9100924	1.7763476	1.7537551	3.158195	2.4081573	3.7305703	5.208501	3.728453	5.3836846	3.8128326	2.0628996	2.4156895	5.7192764	3.2080956	2.649853	4.241683	3.6692529	3.1372552	3.0540824	3.540317	4.608933	3.6736002	3.0463064	1.7734545	2.1885314	3.911097	2.8620913	3.044261	4.2680874	2.211542	4.80696	3.831088	2.8073654	3.3638299	2.5996172	3.3038573	4.0875063	5.203189
14	2.8378067	3.7338529	3.9176939	5.5936403	3.0624592	4.756752	6.667524	3.9247072	1.7756851	1.7715095	3.5959232	3.725376	2.933463	2.4226096	3.9218168	2.8326252	3.8965626	3.227703	1.7744528	3.5243573	3.3175263	2.9873714	4.86353	4.5792913	2.931437	4.1746764	3.9882421	4.3595943	3.332748	5.071312	5.6790667	3.8739598	4.6872444	3.865763	3.5473297	2.6301732	3.9193802	4.4305234	2.3868313	3.573565	2.9834337	1.7735	1.7561029	2.9524114	2.3880796	3.9341083	4.614	3.6796918	5.5901375	4.067607	2.1293495	2.4207785	4.916706	3.3776865	2.352234	4.026976	3.1774375	3.4248188	2.3452067	2.7679548	4.504093	3.6604252	3.171473	1.774585	2.218057	3.9186807	2.8151813	2.4319172	4.0305405	2.2776856	4.67639	3.7977765	2.9370382	3.3456373	3.464029	3.4936743	4.1866136	5.2619863
15	2.8361268	4.06084	3.9011197	5.2063937	3.0550363	4.695449	6.587697	4.086314	1.76881	1.769272	3.5954425	3.7179062	2.8767607	2.4239278	4.074716	2.8490052	3.8851402	3.0481524	1.7710863	3.57858	3.1699	3.0081973	4.3781013	4.507374	3.5885549	4.2557297	3.8791661	4.368569	3.255146	5.3890996	5.6054716	3.8916287	4.562857	4.061052	3.5916245	2.6216426	3.846567	4.4861856	4.0397243	3.705853	2.8362288	1.7774587	1.7558498	3.1001832	2.3970501	3.7517235	4.490574	3.732336	4.978736	4.2788444	1.9682719	2.4223447	5.336182	3.1058278	2.765179	1.9734776	3.9089	2.7253141	2.672516	2.9596791	4.6269073	3.6681507	2.803775	1.7732984	2.3741171	3.8852267	2.9730244	2.8392484	3.5906038	2.832602	5.6920805	3.833427	2.793837	3.4082475	2.6584005	3.517343	4.092457	5.1046534
16	2.8489337	3.4835296	3.9116416	5.6270666	3.0643585	4.7241664	6.5351095	4.0384254	1.7702923	1.7722	3.6180701	3.628055	2.7961447	2.4253798	4.0112057	2.7994752	3.8510075	2.9635417	1.7732996	3.580523	3.1124163	3.000926	4.372748	4.504424	3.4238272	4.305954	4.018463	4.397151	3.396402	5.719596	5.661039	3.8166382	4.6206884	3.9286819	3.4350708	2.6529512	4.149922	4.466281	4.251587	3.6868005	2.8996696	1.7757723	1.7547586	3.0563462	2.4081674	3.8412879	4.7175665	3.7133682	5.5922403	3.6657667	2.1274312	2.4340754	5.5201573	3.0404549	2.6609015	2.1522381	3.9194176	2.3242173	2.7915087	3.0369372	4.584354	3.673986	2.5930715	1.7723794	2.854397	3.901585	2.9987767	2.9905238	3.597847	2.7624834	5.7362504	3.8552847	2.7974522	3.300297	2.2078493	3.6275516	3.8353128	4.4189997
17	2.8423114	3.7057993	3.9189548	5.531773	3.0689077	4.7669716	6.5691586	3.9755416	1.7708297	1.7726328	3.614023	3.6140702	2.7973475	2.4299402	4.042939	2.8619373	3.9304707	3.2431328	1.7738582	3.532032	3.2391062	2.988033	5.0095634	4.5494943	3.3707902	4.2729177	3.8505342	4.349803	3.2522478	4.8220415	5.6215405	3.7909696	4.7503157	3.7518752	3.4463706	2.6357057	4.0630026	4.444168	2.6261723	3.5110426	2.8666914	1.76984	1.7566435	2.7632484	2.389195	3.680646	4.6439214	3.7090456	6.037816	4.0470448	2.2077274	2.433146	5.4070807	3.3107903	2.8399305	4.273001	3.407611	2.9630063	2.6077006	3.0673158	4.3501673	3.6607432	3.170149	1.7712426	2.3735864	3.9087133	2.8285635	2.6489089	3.7979386	2.1862254	4.991988	3.8222904	2.8251262	3.33668	2.8441274	3.6351542	4.1073985	4.585709
18	2.8418903	4.180198	3.9250855	5.996341	3.0542898	4.69955	6.4893146	3.9949899	1.7723619	1.772806	3.5971026	3.69381	2.9407153	2.4266717	3.9229057	2.8477118	3.9257	3.120327	1.7751286	3.559256	3.2294867	3.0012205	5.085127	4.5363007	3.627067	4.3316846	3.8340302	4.3745317	3.3103032	5.7527566	5.6739073	3.8634334	4.63688	4.0006266	3.5172362	2.6376686	3.958918	4.439782	3.0667927	3.263011	2.7381349	1.774243	1.7542101	2.9700027	2.3948083	3.9456472	5.1409507	3.715458	5.765852	3.7716675	2.1304023	2.4297547	5.8072085	3.104033	3.5990717	4.773607	3.5913014	2.6535082	2.8006468	3.3626447	4.490237	3.6652951	3.0483117	1.7763172	2.2794845	3.9154222	2.904142	3.048794	4.3311796	2.2174773	4.978803	3.8408659	2.7544246	3.4858937	2.2179673	3.686491	3.8788452	4.378318
19	2.8138616	3.702386	3.9287372	6.061084	3.052822	4.642163	5.5659876	3.9829848	1.7718434	1.7731739	3.6176171	3.6808536	2.717441	2.422038	2.708981	2.7948694	3.8635347	2.844892	1.7732459	3.620305	3.051851	2.9852185	4.152719	5.1631308	3.275855	4.2352877	3.9103153	4.3501897	3.4086587	5.6024857	5.6103015	3.8959675	4.465373	3.9355683	3.5108411	2.6599073	3.9436219	4.4680037	4.442122	3.6614797	2.8512502	1.7675579	1.7522206	3.0170214	2.4087198	3.8503065	5.2490954	3.7332485	5.9479194	3.39345	2.0655613	2.4190676	6.5316577	2.8965557	2.9087565	2.0534632	5.2387037	2.7466905	3.6225643	3.4528828	4.5486145	3.6706438	2.578566	1.7718718	2.6297827	3.8946786	3.0462804	3.547205	3.8225684	2.8186755	5.3927116	3.4394627	3.0672383	2.462635	4.7129383	3.7207546	4.065507	4.996507
