0	-25.427	-32.8801	-15.8603	-4.6185	6.3175	10.3111	7.6029	-9.147	-0.3227	-17.4246	1.893	5.5259	14.163	15.1938	13.192	14.6388	22.0735	24.1366	22.2084	17.8565	12.5306	16.7532	14.1932	12.1773	17.7904	23.9437	19.0958	13.9901	18.6268	10.8571	16.4353	10.6613	20.8205	14.7059	15.6108	20.6601	18.1204
1	-27.4386	-29.4897	-13.7116	-4.2082	6.2216	8.2266	7.982	-5.5814	-0.1099	-22.2196	2.5727	2.385	13.7822	19.7425	14.7405	18.0548	22.0905	23.4862	22.3559	14.4922	12.9987	17.2292	14.7669	15.4662	17.9955	23.2868	19.7575	17.0412	18.8118	12.4734	16.6089	15.5144	20.0395	16.1558	17.7498	20.3802	16.8288
2	-21.8901	-25.445	-10.3707	-0.2383	9.7701	14.5929	-2.5587	-5.0912	0.2734	-19.8819	-2.7854	2.5062	15.696	21.2718	14.4819	15.4312	23.9884	26.5093	24.5191	12.2121	11.5681	15.6195	9.6146	15.4536	21.5255	27.2354	19.748	13.9702	17.4341	13.9001	15.6179	13.4022	22.0946	12.278	14.6067	23.2003	18.7898
3	-16.6026	-27.1006	-18.2552	-7.0595	4.7792	1.2579	6.6917	3.1587	6.8534	-24.195	-6.231	-5.9743	3.7896	17.0407	15.8266	18.2546	25.2853	27.1187	18.5229	13.7471	20.5922	23.4947	18.5267	14.6501	21.8264	27.096	22.6167	16.9273	22.5383	19.1435	22.5255	13.2746	25.1539	16.0031	15.3807	23.7978	23.3563
4	-19.4005	-27.3353	-10.5816	-0.1205	12.6074	10.6186	-3.1217	1.1217	0.7341	-21.1969	-3.5122	1.5048	11.2238	20.5188	14.849	17.43	24.732	26.2933	21.5639	11.1835	13.0552	18.5697	13.6465	14.2207	19.5973	25.6446	21.5425	15.542	19.7848	16.2102	18.2158	13.6606	22.3808	13.0161	14.8406	22.1554	19.7941
5	-25.3235	-29.488	-14.1343	-0.7834	11.3819	10.3237	2.9528	-6.9416	3.7963	-20.0975	-2.3616	0.9792	13.3474	18.1959	12.5633	17.4314	25.8807	26.9135	20.5271	9.4282	14.6786	19.6793	14.507	12.1658	18.6718	26.6688	23.0022	15.8948	21.6864	12.9073	18.8212	11.9532	23.9528	15.071	14.4449	21.2871	20.9109
6	-16.5431	-19.6947	-5.5215	5.7469	17.3678	14.8938	-12.3179	-2.0384	-4.0993	-26.4209	-8.1309	-0.1353	14.9567	22.1096	12.608	14.4738	24.2227	26.8343	20.7719	14.1402	9.0477	11.8298	5.0931	14.6957	21.5055	26.6483	17.2956	12.3235	16.7131	14.0407	13.6834	12.7557	22.1372	7.2462	12.2095	24.8619	17.8168
7	-26.463	-28.9761	-13.8507	-2.5796	8.6392	13.655	-2.1553	0.3679	2.9273	-14.3283	0.0796	5.6216	14.5628	16.7254	5.558	12.7277	23.3303	24.8293	19.0441	11.1355	13.9391	17.9464	12.0801	7.3407	16.9921	24.5291	18.7121	9.908	19.1027	15.051	17.2984	6.5257	22.2989	9.9445	10.4678	20.3714	19.2764
8	-24.3857	-32.1224	-22.2703	-11.0052	3.3938	10.4841	6.0723	3.9359	7.1014	-13.246	2.9737	4.5171	13.086	13.3285	6.0896	13.173	19.4919	23.2584	22.7085	17.3682	16.1784	17.1448	14.4135	13.5396	20.8311	24.2435	17.8351	11.4137	17.4414	17.3324	16.9833	7.1171	21.0361	14.6156	16.3186	22.4316	19.0024
9	-16.7265	-22.5063	-9.4945	1.091	10.0845	6.7341	-5.0754	-0.2348	7.3473	-22.9499	-8.4374	-4.6523	9.8018	22.8423	11.5825	16.4707	26.5149	27.4964	16.6622	9.7253	16.6782	20.5805	13.4332	10.9446	19.084	26.692	23.0993	13.0255	22.4944	16.5359	20.3311	11.459	25.0484	12.1693	11.3336	22.0617	21.6181
10	-23.0931	-23.7301	-6.4344	4.4658	15.2369	13.3487	-1.0984	-9.057	-1.615	-16.8506	-0.9471	5.783	15.4843	18.0458	13.1085	16.3307	22.0813	22.0977	18.8679	7.8503	8.9727	14.5027	10.3625	10.3878	13.9179	21.6819	18.1509	14.1587	17.188	9.3654	13.7697	12.7998	18.619	11.413	12.6402	18.7058	15.9623
11	-25.2377	-28.6371	-12.3252	0.3619	9.8038	14.1277	0.4555	-9.0806	-0.3134	-20.5527	0.1852	5.8717	16.4143	22.9944	10.3436	14.6027	23.9365	27.4869	23.6082	15.3531	13.0967	16.9774	9.8081	13.1424	22.0987	28.1288	18.6731	12.0928	18.2984	12.753	16.6157	11.2129	23.0158	11.2675	14.2579	24.7117	17.9322
12	-20.684	-26.7879	-12.2442	-1.2585	12.1653	8.4682	0.0817	-3.0924	3.8254	-18.3179	-2.457	0.4472	13.8289	21.3702	13.8695	17.0656	24.3668	25.9688	21.6422	11.8376	13.8635	17.7016	11.6763	13.075	19.7426	26.3536	20.6469	15.221	19.7866	14.7766	17.2907	12.2817	22.5187	13.0039	14.6989	23.1484	19.5085
13	-20.0098	-27.9889	-14.0902	-2.8743	9.79	11.669	-4.6536	4.8352	5.2665	-17.9875	-3.1682	0.3736	13.4486	19.6665	10.7225	12.6237	24.1572	27.6632	21.9597	13.097	15.6177	16.821	11.1244	12.3121	22.4735	28.2376	18.3716	10.5357	18.7882	18.7435	18.9549	7.3076	23.5954	9.5792	11.7053	25.6071	20.961
14	-18.011	-23.9039	-11.5111	-1.5959	7.7302	9.9735	-4.483	1.4686	-4.9591	-19.1831	-2.1009	1.5507	12.1647	15.7134	12.8683	13.4734	20.51	23.5586	21.7635	13.6827	11.1813	14.4438	12.1803	15.5905	20.5867	24.751	16.6987	12.2185	15.5577	14.6492	15.6418	11.522	19.5134	10.4538	13.9339	22.6634	16.3504
15	-20.8675	-28.3989	-13.5392	-4.1638	8.4961	14.0415	-1.1054	-0.8696	2.6247	-17.9277	-0.894	5.0902	13.962	17.8719	7.2928	11.1406	21.2	24.817	21.7382	11.8834	13.4952	15.0764	8.1495	12.8485	19.8901	25.0954	15.9923	8.9104	16.2691	15.5981	14.4265	7.1089	20.5299	9.6151	12.2285	22.7696	17.4972
16	-14.8862	-22.511	-8.6229	0.8156	12.1186	9.4576	-8.2567	-0.4132	2.7152	-21.5455	-6.2857	-0.1505	10.1228	16.0799	10.8748	13.2118	22.3591	24.0721	18.4703	9.5468	11.9249	14.9875	6.1093	11.7889	19.6297	24.1994	17.2185	11.4365	16.5867	15.2785	12.5419	9.5296	20.2683	7.4864	10.6654	21.7208	17.6389
17	-18.6466	-28.775	-14.3845	-4.5386	5.8072	7.2878	-4.6294	4.1833	5.3089	-18.839	-2.8835	-1.2281	12.0849	15.7436	10.2477	13.5649	23.8741	26.5357	19.7495	12.5876	16.8583	20.0219	13.5707	12.1402	20.8752	27.1384	19.4383	11.4174	19.5974	18.5995	19.9065	9.1308	23.7398	10.8354	11.7417	23.5957	21.8718
18	-22.8346	-28.8841	-14.9699	-3.3995	7.8159	10.1667	-6.2248	5.5796	6.9316	-21.5856	-4.6576	-0.8131	14.3609	21.7396	12.2196	14.6909	25.2231	27.2547	19.8941	12.2144	16.5552	19.602	13.0629	12.3062	21.2192	27.4789	21.8691	12.2202	20.7399	19.316	19.5535	10.0739	24.3481	10.3064	12.5339	21.9535	21.746
19	-19.6301	-27.3017	-12.1533	-0.0141	11.3354	6.908	-5.4122	1.9964	-24.5804	-23.2453	-6.7275	-1.4781	16.9132	18.2063	15.9192	18.2115	24.9008	26.9832	21.0429	14.8634	15.5355	17.7154	14.141	16.247	22.4453	27.477	21.7569	17.2738	20.0591	17.6837	20.4556	14.3385	23.9527	12.727	16.1287	23.98	21.0305
