0	-31.6195	-24.0414	-15.7905	2.8929	13.7688	26.8957	-39.4472	-36.1511	-16.6503	-11.9134	7.529	17.7647	15.8808	15.1082	5.9261	10.9331	15.195	15.1341	20.1125	25.3861	14.9951	20.4972	17.7042	19.1726	17.4751	12.3684	12.636	9.0017	12.531	17.8335	18.9033	3.8838	8.0833	7.02	17.9519	16.0882	9.8071
1	-34.9911	-20.6237	-12.6358	4.7075	14.4638	28.8294	-42.1631	-43.3605	-17.2015	-4.4868	11.9451	16.8688	17.5128	16.7149	10.6349	14.425	15.0978	12.925	18.1307	30.6401	7.6028	18.0779	19.9568	18.4216	16.1776	11.1082	14.0016	12.715	11.5	10.915	19.0441	9.1408	5.3849	6.7179	20.3368	14.4536	7.222
2	-30.8159	-28.4076	-16.8803	1.038	12.1331	24.5736	-34.5182	-35.2355	-22.5111	-0.8572	7.5414	16.1799	14.795	12.0125	3.7809	9.1716	13.1068	14.0393	18.947	26.8568	16.5312	16.5041	18.7858	19.4551	17.5923	12.2737	11.1052	6.7373	11.9116	15.7706	16.6411	3.7771	6.2166	13.6879	19.1385	14.5188	10.1526
3	-34.2313	-22.8776	-12.6628	4.0541	14.0487	27.7787	-40.9101	-42.6857	-22.6744	-0.8361	12.8961	16.5011	16.3418	15.1522	8.553	13.7083	15.0787	13.4671	17.6944	29.4063	9.9922	17.8919	20.0641	18.3216	16.3107	12.8301	13.7661	11.1931	12.5848	12.3268	19.1974	7.2807	6.4864	8.2009	18.9407	15.6967	8.6096
4	-32.8755	-30.0634	-15.4456	4.2642	14.2064	26.0816	-42.5228	-35.3353	-10.7131	-8.5014	6.3144	16.6769	14.8485	13.3938	1.4556	10.4041	15.8308	14.7121	17.7154	26.4554	12.9348	21.3318	19.1053	17.8347	17.2035	13.1627	13.3502	8.2527	14.192	16.2514	20.9262	4.7552	9.8388	5.1512	18.1865	14.2788	10.8497
5	-34.7963	-21.9746	-11.3986	6.2184	14.838	28.2467	-37.8824	-45.3496	-27.7595	3.2521	13.1464	17.3341	16.8954	16.0486	9.6617	14.3422	15.3589	13.5403	17.9334	30.4483	7.9631	15.8156	21.6158	17.3476	15.1522	12.2134	14.1735	11.8777	12.3573	9.7502	17.9541	8.0513	4.5791	11.9165	19.5345	15.7441	7.7873
6	-35.7472	-25.6765	-12.5249	6.3922	12.8444	26.5736	-37.411	-42.2489	-26.1787	1.334	7.4604	17.6107	17.164	14.8102	6.6535	12.9048	14.4325	11.7549	17.0217	29.9854	10.7548	16.5549	21.2926	18.1797	16.319	10.0303	13.6584	10.8169	11.9713	12.8647	18.2056	6.2076	6.0026	12.9746	19.9687	12.7387	7.3849
7	-33.4612	-24.5796	-12.403	2.6623	13.7292	28.075	-41.5174	-37.2681	-16.0813	-10.4941	7.0895	19.6896	16.9798	15.3959	6.4627	11.8162	15.0323	14.683	20.0355	26.6495	14.9695	20.9502	17.6002	18.7875	19.1461	13.4959	12.8569	8.9586	12.2688	17.5645	19.1344	5.5156	8.6739	5.8147	18.2458	17.1722	9.8282
8	-30.9573	-24.9912	-16.2483	2.2363	13.7114	25.0952	-35.3418	-38.3596	-22.5008	-0.2385	7.6089	16.8116	13.0297	12.513	7.0545	11.4941	14.5196	14.8522	17.6806	26.8022	12.9859	17.4083	19.992	17.81	16.6515	13.0791	12.1298	8.4459	13.2635	14.1066	18.78	3.4405	7.091	12.2881	18.4172	16.3679	11.1123
9	-31.3729	-25.0566	-16.2032	3.0171	13.889	24.8482	-36.0889	-37.6255	-22.1527	-0.0059	7.4581	17.0792	13.049	12.4344	6.9748	11.6705	14.6389	14.6355	17.6197	26.7927	13.253	17.8081	20.3298	17.9229	16.5369	12.9719	12.4088	8.7362	13.2308	14.5371	18.7476	3.5489	6.9571	12.445	18.5486	16.1876	11.2281
