0 -16.574 -9.7673 16.354 -16.524 -13.979 -7.9183 7.9136 -15.716 -7.2292 -13.92 7.7787 -19.436
1 -13.222 -10.218 15.342 -12.072 -11.058 -8.7854 4.101 -16.025 -14.336 -17.196 6.3944 -20.811
2 -11.199 -9.0619 16.317 -12.986 -21.819 -6.3744 5.8277 -10.887 -9.4076 -21.334 8.6897 -20.576
3 -15.764 -5.311 10.705 -14.178 -6.1243 -6.1324 13.377 -16.185 -12.886 -11.632 11.612 -17.346
4 -18.92 -3.9132 13.877 -13.76 1.3436 -6.8039 10.241 -15.951 -14.87 0.78525 10.985 -21.477
5 -14.808 -7.425 16.1 -19.565 -7.4077 -8.4631 8.0898 -14.807 -11.606 -7.0205 10.295 -17.67
6 -16.617 -9.4703 14.777 -20.336 -3.5718 -8.7203 12.525 -15.801 -5.1438 -4.7227 11.245 -21.547
7 -17.198 -7.9674 14.195 -9.0958 -5.1522 -7.4498 14.106 -16.671 -2.72 -7.4383 10.953 -22.293
8 -15.359 -10.374 12.348 -13.902 -11.896 -6.6285 6.7551 -14.972 -4.7396 -16.524 8.8058 -20.66
9 -13.937 -8.6577 16.378 -13.446 -10.969 -7.1049 13.451 -16.624 -15.738 -16.274 9.7042 -18.98
10 -19.496 -9.5406 16.21 -19.711 -9.0616 -4.4884 13.505 -12.585 -5.0663 -15.877 11.294 -19.413
11 -16.414 -8.2244 15.627 -17.401 -3.4866 -4.6699 3.2331 -11.694 -8.6683 -6.5669 7.279 -22.524
12 -14.374 -9.8959 13.268 -12.297 -3.2898 -7.7075 11.934 -17.136 -14.707 4.1084 8.8978 -20.573
13 -14.367 -9.1939 14.16 -17.867 -8.126 -6.3901 10.401 -16.021 -3.575 -15.469 7.5667 -21.822
14 -16.915 -10.078 16.708 -11.153 -11.566 -7.9955 10.308 -16.583 -13.579 -3.2125 9.8402 -19.648
15 -7.9902 -8.8672 13.876 -14.128 -8.1674 -2.782 7.54 -12.046 -3.8684 -7.0004 9.8369 -11.925
16 -15.814 -9.5927 16.084 -8.1267 -2.7685 -7.5487 10.063 -14.387 -11.319 4.2719 9.2856 -18.733
17 -15.454 -9.3722 15.979 -13.323 -10.386 -8.2343 15.145 -17.177 -14.715 -11.816 10.275 -20.441
18 -14.202 -9.9245 15.963 -13.121 -5.7669 -7.5587 10.824 -12.368 -10.496 -10.086 11.823 -17.795
19 -6.629 -9.5064 14.215 -12.395 -7.5409 -6.9688 12.178 -13.294 -13.123 -10.752 9.9455 -15.0
