0	2.7068567	3.766842	3.813195	5.029452	2.72102	5.076991	8.353867	3.843149	1.7746701	1.7746553	3.658272	3.6582842	2.3613544	2.4485896	3.5539112	2.7086573	3.8255632	2.7528458	1.7757404	3.676798	3.5509763	2.4709768	4.910629	4.8586802	3.6885822	3.945489	3.884854	2.9468212	3.498363	7.83671	2.482892	3.8257787	2.2992225	2.300503	3.444445	3.0403018	3.4096243	4.6610966	2.7406132	3.5673907	2.4432154	1.7741153	1.7516124	4.1564627	3.6738217	3.3140063	4.105839	3.7920153	3.9150286	3.8981378	5.019274	2.4495373	4.564301	3.8890471	3.4060006	3.6543167	2.062037	3.8895657	1.9407263	2.521043	2.7470713	2.4109223	2.8498683	1.7753328	3.6124513	3.7931876	2.6987906	2.0663536	3.0184197	2.4901638	4.5201254	3.6636124	2.6735878	4.130633	3.1222014	2.7721307	3.7451336	4.3596215
1	2.7170334	4.025653	3.8139117	5.1528444	3.0354116	4.2747097	8.160342	3.80977	1.7755805	1.7740417	3.6801732	3.548057	2.2346504	2.4479594	3.607829	2.6973226	3.8096695	2.7033482	1.7745918	3.7295702	2.1448972	2.4396567	5.1242404	4.6439953	3.494624	4.031035	3.902006	3.0638022	3.529515	9.710085	3.8366082	3.8429835	4.0581293	2.7357516	3.3686862	2.7513852	3.6058524	4.7024817	2.8110337	3.522738	2.43779	1.7747341	1.7496325	3.9976265	3.6691456	3.396288	4.1413617	3.789698	4.980042	3.8126106	5.0323873	2.4539666	4.7018046	3.9859297	3.530724	3.8151164	2.0940518	4.1687164	2.1156166	2.5421846	2.6074162	2.405645	2.4722009	1.7724675	4.22066	3.7734575	2.695973	2.0610635	3.0038147	2.4970384	4.9368677	3.8061433	2.7016902	3.7990785	2.5078633	3.006705	3.8973088	3.5098004
2	2.7105138	3.7725494	3.8200064	5.081425	2.715832	5.1431327	8.048486	3.81084	1.7741578	1.7740029	3.6777518	3.5674033	2.2465782	2.4486027	3.5114858	2.7064798	3.818571	2.7478452	1.7758499	3.6610696	3.6405292	2.4708405	4.8968797	4.638994	3.49255	4.0192595	3.9034219	3.0035782	3.5038888	7.5743675	2.476997	3.8237188	2.3773232	2.2785614	3.474823	3.0393052	3.3153105	4.6864934	2.7076147	3.5595603	2.433833	1.7754139	1.7505331	4.0780964	3.6687148	3.3212364	4.0806904	3.7858615	4.7571917	3.8677905	5.014905	2.4484267	4.6916466	3.9383187	3.4501922	3.6638477	2.1431737	4.04471	2.1103384	2.479961	2.668045	2.403911	2.8445518	1.7753837	3.568075	3.781992	2.6877987	2.0612268	3.005825	2.5011876	4.8767176	3.8098388	2.7006533	3.7882152	2.4886954	2.9353662	3.8151093	3.6281524
3	2.7096841	4.060747	3.8197067	5.5850077	2.7148666	5.1931753	8.145284	3.8108711	1.7743227	1.7740713	3.572517	3.9314046	2.8008447	2.448257	2.0462298	2.7054477	3.8179567	2.7822437	1.7764562	3.640357	3.7133517	2.4703515	4.8956957	4.63899	3.4742036	4.0336366	3.92748	3.001235	3.5091841	7.6532536	2.484954	3.8176289	2.4723477	2.2717748	3.4698317	3.0403304	3.2979062	4.6852922	2.7112079	3.5588229	2.43814	1.7743598	1.7509482	4.071627	3.6715198	3.7069223	4.6987624	3.7780132	4.920667	3.8852487	5.015037	2.4492285	4.6222525	3.9329193	3.446845	3.6769638	2.1818385	4.057147	2.2177126	2.447773	2.6227772	2.40611	2.8527007	1.7754023	3.6141827	3.7831032	2.6880317	2.0013418	3.0203915	2.4959257	4.8513308	3.809794	2.70565	3.7852597	2.5028877	2.9716733	3.8093967	3.6505928
4	2.706564	4.1504207	3.824448	5.649129	2.7160769	5.166941	8.093728	3.813125	1.7754838	1.7750759	3.550383	3.9815297	2.8882303	2.4474778	2.0468345	2.7023616	3.8164463	2.8070688	1.7753301	3.6514444	3.6717198	2.470986	4.8582845	4.6400723	3.485814	4.038589	3.9500008	2.9956784	3.5158978	7.61781	2.509027	3.8231587	2.426508	2.237135	3.472359	3.0384655	3.3026462	4.683894	2.7244296	3.5436168	2.4386516	1.7756064	1.7509558	4.051762	3.6701164	3.710526	4.7748857	3.7711537	4.826082	3.8801777	5.0129747	2.4493191	4.682346	3.9327674	3.4817758	3.7179897	2.173792	4.0959682	2.2257717	2.4230611	2.6071289	2.4039583	2.844791	1.7742914	3.585341	3.7854757	2.6922789	2.046827	3.0060344	2.4976943	4.863039	3.8100064	2.7010515	3.779926	2.4737508	2.9933758	3.8396225	3.5849476
5	2.7183855	4.103171	3.8379579	5.450102	3.0294929	4.2736726	7.459878	3.8208363	1.7755992	1.7751498	3.5659285	3.9244392	2.8675017	2.4487462	2.0964723	2.7084765	3.8184035	2.6810913	1.7764957	3.7303467	2.172545	2.4677553	4.997333	4.6299386	3.5016341	4.005892	3.844265	3.5432625	3.4968257	9.16848	3.797576	3.8618426	4.0455565	2.6563854	3.484287	2.7205372	3.4008482	4.588047	2.5435605	3.4746284	2.4680223	1.7744546	1.7519099	4.0275955	3.6722393	3.7559633	4.5916486	3.8058207	4.520595	3.9088488	5.0259156	2.450174	4.7094307	3.724865	3.633956	3.8605664	2.0213757	4.177748	2.250018	2.3879986	2.5731802	2.4065952	2.4321473	1.7739843	3.9359677	3.8395696	2.7095845	2.0192342	3.0243766	2.4683652	4.687541	3.818725	2.700489	3.7816768	2.4758925	3.0049691	3.9178643	3.3806353
6	2.708297	3.7513468	3.8168585	5.366296	2.7193878	5.2776866	8.430811	3.8258996	1.7746353	1.7741753	3.5712836	3.9307475	2.792245	2.4473839	2.046117	2.7066205	3.8216577	2.8089867	1.7748907	3.5896645	3.8219345	2.4191546	4.3905773	4.876657	3.7068202	3.8354194	3.9336743	2.9641728	3.499073	9.037314	2.9386165	3.8127246	2.7316773	1.8326979	3.4323401	3.0340803	3.199634	4.7072816	2.8200042	3.518453	2.4384043	1.7745211	1.7512418	4.077746	3.6717148	3.7060263	4.523513	3.7740924	4.107818	3.9043977	4.81733	2.4489126	4.5891376	3.9542987	3.5085459	3.8105905	2.033882	4.1663833	2.1772776	2.3716476	2.630584	2.4057965	2.9456358	1.7765738	3.8670382	3.758973	2.7024841	2.063213	3.0290282	2.4920952	4.6623363	3.6495066	2.6726322	4.1482244	3.1950145	2.885176	3.9292822	4.2193947
7	2.7062573	4.1407247	3.8170443	5.5168467	2.7269983	4.17375	8.15043	3.8198936	1.7747581	1.7744379	3.546823	3.9949	2.8957999	2.4477682	2.072709	2.7010136	3.812277	2.8120182	1.7746286	2.781409	2.1022484	2.4641478	4.8116875	4.6639047	3.5185373	4.0327435	3.9644027	2.969788	3.5119834	11.382737	2.5659695	3.8189218	3.9808278	2.1782744	3.4144754	3.043529	6.539692	4.7062006	2.8019433	3.5534272	2.4393282	1.7748653	1.7517473	4.1398654	3.6703358	3.7338638	4.6831856	3.7680545	4.409971	3.907274	4.9835615	2.444056	4.665088	3.9730153	3.4430768	3.727223	2.175298	4.078496	2.1505961	2.4062703	2.7094755	2.4052458	2.8817499	1.7756493	6.5268145	3.7699394	2.690762	2.0311275	2.8041444	2.4963713	4.781815	3.7979178	2.691143	3.8373485	2.4886851	2.9745073	3.8276532	3.6865635
8	2.7144015	3.8514302	3.8275242	5.4083486	2.7157426	5.149203	8.169903	3.8484695	1.7754171	1.7753861	3.5702782	3.9281516	2.8279495	2.4479792	2.0690742	2.7093766	3.8227434	2.7539244	1.7757713	3.6586304	3.636499	2.4668314	4.9387703	4.85023	3.6818564	3.9493635	3.8971071	3.0149481	3.4983215	7.6361847	2.4676657	3.8267002	2.392656	2.3241994	3.4715543	3.0377097	3.3087974	4.6526384	2.7173076	3.5607543	2.4495642	1.7741628	1.7523986	4.085927	3.6735363	3.7285476	4.543823	3.7839112	4.2469506	3.8912978	5.0262446	2.4488578	4.5322614	3.851721	3.402986	3.6641738	1.9995891	4.056652	2.2721348	2.3322604	2.6483464	2.4087784	2.847817	1.7762214	3.5798929	3.7992609	2.7033617	1.9964213	3.038645	2.4815316	4.5440874	3.6691105	2.674589	4.12251	3.1160834	2.8655767	3.863449	4.095975
9	2.7201822	3.929795	3.8224614	5.1827836	2.7152462	5.1567183	8.071888	3.8138306	1.774614	1.7739482	3.6781523	3.5527377	2.279686	2.448445	3.6139414	2.7048187	3.814834	2.745341	1.7755146	3.6546307	3.6631513	2.4717202	4.860906	4.6312714	3.4778025	4.031495	3.9099922	2.9753277	3.505385	7.655835	2.5262055	3.8144674	2.388132	2.235611	3.4664133	3.0419612	3.3272638	4.695939	2.7418377	3.5519476	2.4355605	1.7749434	1.7500277	3.9938676	3.6716757	3.4175227	4.1542063	3.7822294	5.076957	3.8672128	5.0125623	2.4496927	4.702086	3.9489677	3.4580073	3.6972637	2.1624887	4.1438985	2.1407225	2.5100863	2.597072	2.4081357	2.8594146	1.7745075	3.591802	3.7755504	2.6905537	2.0745049	3.0127282	2.498779	4.8885527	3.8123238	2.7055547	3.765488	2.4876282	2.9991367	3.8831522	3.5331578
