0 -6.0005 -6.5932 12.105 -0.48776 -8.1929 15.702 -5.1907 7.7409 9.5139
1 -5.4563 -7.7308 -0.33585 -6.781 -7.9509 15.811 6.5382 11.646 9.8044
2 -7.3299 -7.0808 -0.15491 -4.9249 -6.5873 14.804 7.2122 9.015 10.568
3 -6.1363 -6.8245 1.1877 -5.6701 -7.8183 16.51 7.4932 12.691 10.02
4 -6.5759 -8.287 -1.3694 -5.2955 -5.7603 16.147 9.7739 13.303 7.7075
5 -5.6776 -5.1934 0.5829 2.6281 -7.8699 13.127 7.517 11.05 9.118
6 -5.4757 -7.6007 -0.74182 -4.2042 -5.6777 15.976 8.7591 11.355 9.8966
7 -5.8514 -8.21 -1.0712 -4.1764 -6.273 15.709 9.2906 15.18 9.2058
8 -5.6165 -8.4313 0.71376 -7.295 -7.6371 16.334 5.2664 14.15 11.753
9 -5.343 -6.6941 -2.6306 0.22863 -8.0541 14.96 7.8178 11.976 11.601
10 -5.9106 -6.6848 -0.049956 0.47505 -8.6089 16.419 6.0893 11.821 12.3
11 -5.5682 -6.9638 -1.3567 1.3042 -6.0871 15.05 7.9224 9.7947 8.3424
12 -5.5839 -8.5487 -2.2881 -4.1233 -8.2437 16.991 10.453 14.53 10.25
13 -5.912 -8.4635 1.6586 -6.6282 -8.6709 16.158 2.8201 10.407 10.48
14 -5.9353 -8.3633 -4.5926 -5.1259 -8.8624 17.114 9.3153 7.696 8.5088
15 -8.3668 -8.4513 -0.23231 -6.4346 -8.0142 17.036 8.7845 12.197 8.7962
16 -5.2826 -7.8569 -5.8774 -0.21904 -7.976 16.819 13.187 11.674 9.2074
17 -5.7088 -6.6526 0.46023 -5.9007 -6.6416 17.125 6.1287 12.738 7.5827
18 -5.5103 -7.6025 -2.0066 -6.6295 -7.812 16.459 8.8706 14.555 11.417
19 -6.3785 -8.0891 0.51556 -1.9586 -8.3887 16.114 7.199 12.529 9.9031
