0 1.1527748107910156 0.9098824262619019 8.592325210571289 3.3849050998687744 0.5735835433006287 0.35151243209838867 9.73873233795166 10.211691856384277 1.718507170677185 9.865705490112305 6.957672595977783 8.817072868347168 8.247681617736816 0.8624103665351868 10.969122886657715 4.974322319030762 10.997642517089844 5.691434383392334 10.354411125183105 7.2063307762146 6.430066108703613 9.9312105178833 5.921863555908203 7.7954487800598145 8.492328643798828 8.229467391967773 10.694183349609375 2.5094170570373535 1.022660493850708 9.5022611618042 10.061952590942383 10.34456729888916 5.104006290435791 3.3078389167785645 4.386231899261475 5.173146724700928
1 1.4094712734222412 0.4828948676586151 3.467203140258789 0.8736335039138794 0.47818514704704285 0.44838565587997437 9.06103229522705 10.285894393920898 6.457329750061035 8.86356258392334 8.564411163330078 9.261998176574707 8.16193962097168 1.0179855823516846 10.950843811035156 6.646378040313721 10.994903564453125 5.91185188293457 10.537086486816406 5.7075395584106445 8.346485137939453 9.505660057067871 8.569019317626953 7.163111686706543 8.587711334228516 8.576590538024902 9.921684265136719 2.1865806579589844 1.1062005758285522 10.444025039672852 8.379460334777832 8.113187789916992 4.631097316741943 5.523970127105713 2.0166397094726562 1.8107850551605225
2 0.6725226044654846 0.7411189079284668 3.5281496047973633 1.6004605293273926 1.421781063079834 0.9679548144340515 7.8705735206604 9.846673011779785 6.7572503089904785 9.548379898071289 7.463510036468506 8.143566131591797 8.975785255432129 0.9889363050460815 10.935468673706055 6.369925498962402 10.903735160827637 9.492300033569336 10.418856620788574 6.698077201843262 8.300684928894043 10.722591400146484 9.087942123413086 8.6078462600708 7.579637050628662 8.51601791381836 10.098827362060547 1.6428354978561401 1.0448675155639648 9.886381149291992 8.43217945098877 7.420794486999512 4.944451808929443 3.9968066215515137 2.06105375289917 1.4011505842208862
3 1.0992785692214966 0.8305454850196838 4.090698719024658 1.3185200691223145 0.39052119851112366 0.49314427375793457 9.95528793334961 10.548240661621094 6.853999137878418 8.75040054321289 8.966483116149902 9.478711128234863 10.340331077575684 1.195583462715149 6.928532600402832 6.279332637786865 10.98773193359375 6.243066310882568 10.518017768859863 6.051224708557129 7.330809116363525 1.105790138244629 8.411103248596191 6.82140588760376 5.137959957122803 8.912389755249023 10.152632713317871 2.6886487007141113 1.0942479372024536 10.278863906860352 9.397738456726074 8.303889274597168 4.683699131011963 4.9668450355529785 3.1492509841918945 1.9551455974578857
4 0.9441364407539368 0.3088782727718353 3.051027774810791 1.4484646320343018 0.7899065613746643 1.3098242282867432 9.93251895904541 10.417167663574219 7.785457611083984 8.371808052062988 9.230027198791504 8.901707649230957 10.71431827545166 0.8424710035324097 7.544046401977539 6.557316780090332 10.945834159851074 6.039717674255371 10.086411476135254 5.670053958892822 4.561197280883789 0.48156362771987915 9.012722969055176 7.681636810302734 4.090286731719971 8.18049430847168 9.980886459350586 1.8038872480392456 0.9929691553115845 10.460212707519531 10.771472930908203 7.527922630310059 5.704670429229736 5.586483478546143 7.595622539520264 1.4538542032241821
5 1.3130757808685303 1.4802093505859375 3.831449031829834 4.661304473876953 0.497458815574646 0.47740745544433594 9.442490577697754 9.150575637817383 6.866456508636475 8.578134536743164 8.309123039245605 9.274870872497559 7.662318229675293 1.0255074501037598 6.153764724731445 6.7937421798706055 10.915441513061523 6.346889495849609 10.516278266906738 5.687993049621582 4.072375774383545 2.7652390003204346 8.265769004821777 7.1434855461120605 9.098596572875977 8.591992378234863 9.81923770904541 3.248574733734131 1.093199610710144 10.452510833740234 10.799572944641113 8.471905708312988 4.688459396362305 5.556529998779297 8.584738731384277 2.0953664779663086
6 1.3803608417510986 0.5357915163040161 3.2882397174835205 1.90212082862854 1.4811735153198242 1.3195366859436035 9.404609680175781 10.318830490112305 7.382235050201416 8.788056373596191 8.419154167175293 9.164531707763672 8.982972145080566 1.7783153057098389 6.326106071472168 6.7603759765625 10.977458953857422 6.210684776306152 10.51818561553955 7.635612487792969 7.04012393951416 0.9610393643379211 9.813301086425781 7.309136867523193 7.569619178771973 9.720043182373047 9.842924118041992 1.9920612573623657 1.0943498611450195 9.123836517333984 9.635347366333008 6.240233421325684 4.6832404136657715 2.7783961296081543 3.5258936882019043 1.0389370918273926
7 1.223684310913086 0.31876102089881897 3.1644937992095947 1.9028794765472412 0.438149094581604 1.1125776767730713 9.679919242858887 10.218979835510254 7.570498466491699 8.447232246398926 10.005928993225098 9.302987098693848 10.029889106750488 0.5197398662567139 7.467782020568848 2.6919474601745605 10.912554740905762 5.643770217895508 10.480706214904785 9.16064453125 4.851214408874512 1.3789594173431396 8.913366317749023 7.100333213806152 5.8209404945373535 7.159050941467285 10.44320297241211 1.6718767881393433 1.073277235031128 7.314867973327637 10.722155570983887 7.665733337402344 4.784208297729492 1.3525643348693848 7.03963041305542 1.5271198749542236
8 1.3203411102294922 0.2262933999300003 3.9045047760009766 0.691223680973053 0.364025741815567 0.5598777532577515 9.62070083618164 10.479744911193848 5.941738128662109 8.918037414550781 9.580042839050293 8.457534790039062 9.775862693786621 0.9407781362533569 10.992630958557129 6.708181381225586 10.986166000366211 5.212322235107422 10.562654495239258 7.584428787231445 8.38078498840332 10.108110427856445 10.749966621398926 8.2487154006958 6.308955192565918 8.411534309387207 9.879400253295898 2.708865165710449 1.12364661693573 9.171645164489746 8.339521408081055 3.966216564178467 4.559144496917725 2.8389041423797607 1.983826756477356 1.3171608448028564
9 1.456929087638855 0.8772177696228027 2.525080680847168 3.6880691051483154 0.5976648330688477 0.41374361515045166 9.122787475585938 9.907275199890137 7.000325679779053 8.753202438354492 8.684721946716309 8.630020141601562 7.751357078552246 1.4466204643249512 8.588212013244629 2.806338310241699 10.998017311096191 5.435340881347656 10.48140811920166 5.691239833831787 7.591327667236328 3.030341386795044 8.915566444396973 8.037164688110352 9.012969017028809 9.306295394897461 10.50152587890625 2.256168842315674 1.0736440420150757 10.451107025146484 9.165243148803711 7.662726879119873 4.782343864440918 5.551112174987793 2.830705165863037 1.5254513025283813
10 1.2246332168579102 0.8769211769104004 3.580594062805176 3.789733409881592 0.5974162817001343 0.20420962572097778 9.503349304199219 10.51318073272705 6.285689830780029 9.04240894317627 8.613615036010742 7.070466995239258 9.777788162231445 0.9122973680496216 7.539267539978027 5.987752914428711 10.988387107849121 5.439655780792236 10.49228286743164 6.740355968475342 6.638802528381348 2.161607503890991 9.868590354919434 9.61159896850586 6.305444717407227 8.347187042236328 10.311634063720703 2.6798348426818848 1.0794553756713867 9.856998443603516 9.926797866821289 6.136837005615234 4.753353595733643 3.9370079040527344 4.081396579742432 1.024635910987854
11 1.3308963775634766 0.794502854347229 3.0446906089782715 4.129815101623535 0.34887418150901794 1.1965796947479248 9.401627540588379 9.973584175109863 7.021202087402344 7.573817253112793 7.792723655700684 7.347134590148926 10.274099349975586 1.6625679731369019 7.082191467285156 6.920030117034912 10.95909595489502 5.914206504821777 10.501906394958496 5.616961479187012 7.5246076583862305 1.4953081607818604 9.479089736938477 9.38371753692627 5.293708801269531 9.587357521057129 9.726963996887207 1.871397614479065 1.0848133563995361 10.482519149780273 9.226581573486328 6.8207879066467285 4.727479457855225 5.675623416900635 2.9105372428894043 1.1695432662963867
12 1.3609709739685059 0.2036958932876587 2.6682419776916504 1.9224445819854736 0.5826810598373413 0.3410143256187439 8.84102725982666 10.764966011047363 8.066278457641602 8.24598217010498 9.735350608825684 8.633041381835938 10.7688570022583 1.8592586517333984 5.6143341064453125 3.054138422012329 10.968873023986816 6.652355194091797 10.45053768157959 5.511465549468994 4.905986785888672 1.3243330717086792 6.66939640045166 8.033363342285156 3.8975324630737305 9.806242942810059 10.60792350769043 1.9303561449050903 1.0584845542907715 10.524686813354492 10.710220336914062 9.906049728393555 4.863308906555176 5.854813098907471 6.937107563018799 4.037628173828125
13 1.2093364000320435 0.21469271183013916 4.300774574279785 0.9385523200035095 0.4695656895637512 0.1766839325428009 9.482276916503906 10.3901948928833 4.920175552368164 8.978248596191406 8.060349464416504 8.934087753295898 9.648063659667969 0.36817172169685364 10.999402046203613 3.475311040878296 10.96241569519043 6.625338554382324 10.6154146194458 8.734986305236816 5.4274773597717285 8.363541603088379 5.234450340270996 7.637329578399658 6.53619384765625 6.350815773010254 10.731861114501953 2.939835548400879 1.1653345823287964 7.903151988983154 10.556193351745605 10.621623992919922 4.404966354370117 1.6685181856155396 5.999433994293213 6.338493824005127
14 1.1843842267990112 0.25183966755867004 1.7453365325927734 1.531500220298767 0.5509004592895508 0.11341087520122528 9.785261154174805 10.797139167785645 7.593896389007568 7.64664363861084 6.958587646484375 9.16892147064209 9.595470428466797 0.28129005432128906 8.054729461669922 6.9651007652282715 10.999896049499512 6.910210609436035 10.41612434387207 6.025758266448975 4.48994255065918 4.036601543426514 4.8755903244018555 7.302656650543213 6.626616954803467 5.028716564178467 9.693025588989258 2.4027719497680664 1.0437809228897095 10.292135238647461 10.779953002929688 10.716947555541992 4.95136022567749 5.0071282386779785 7.735670566558838 6.993905544281006
15 0.2802865505218506 0.23200681805610657 3.4987692832946777 1.0047664642333984 0.414628267288208 0.41775333881378174 8.485750198364258 10.77469253540039 7.368773937225342 9.254722595214844 8.78061294555664 6.01486873626709 9.488714218139648 1.7391712665557861 7.826658248901367 6.760511875152588 10.824898719787598 8.771571159362793 10.459128379821777 7.5683183670043945 8.526618957519531 2.1428325176239014 9.907784461975098 10.297760009765625 6.805027484893799 9.67645263671875 9.842827796936035 3.678757667541504 1.0625102519989014 9.186538696289062 8.16524600982666 6.062093257904053 4.840970993041992 2.858098268508911 1.8487064838409424 1.0159316062927246
16 1.479120135307312 0.4485602378845215 1.226759672164917 3.5011839866638184 1.2448344230651855 0.42578423023223877 9.121766090393066 10.679349899291992 9.1902437210083 6.322554588317871 8.5748291015625 8.648833274841309 10.670243263244629 0.5128089785575867 7.562333106994629 4.855992794036865 10.98959732055664 6.472905158996582 10.474373817443848 6.066964149475098 4.081234455108643 1.604496955871582 6.609833240509033 8.013445854187012 4.235260009765625 7.129822254180908 10.721147537231445 2.1092896461486816 1.0700178146362305 10.270578384399414 10.799704551696777 9.946223258972168 4.80096435546875 4.942018985748291 8.56621265411377 4.123063564300537
17 1.2774627208709717 0.8870664834976196 3.7782390117645264 1.2220838069915771 0.6262776851654053 0.9667917490005493 9.399292945861816 10.817005157470703 6.281191825866699 8.104982376098633 9.018917083740234 9.456643104553223 10.045425415039062 0.7367194890975952 7.338748931884766 2.0497958660125732 10.999735832214355 6.17445182800293 10.440770149230957 5.546506881713867 6.965697765350342 2.711495876312256 7.402660369873047 6.857344150543213 5.789292812347412 7.899525165557861 9.98978042602539 2.4193496704101562 1.0540845394134521 10.510997772216797 9.692571640014648 9.335489273071289 4.8885297775268555 5.794988632202148 3.6258397102355957 3.059569835662842
18 1.386059284210205 0.531501054763794 2.7709603309631348 0.9459136724472046 0.7050665616989136 0.4949289560317993 9.319764137268066 10.530852317810059 7.4403228759765625 8.469637870788574 9.735836029052734 9.04531192779541 6.503787040710449 0.9930980205535889 9.836518287658691 6.773066520690918 10.999397277832031 6.229354381561279 10.593729019165039 5.638806343078613 8.47359848022461 2.2263495922088623 10.99150276184082 7.481810569763184 10.015493392944336 8.524803161621094 9.833949089050293 2.442326545715332 1.1472148895263672 10.473428726196289 8.229455947875977 2.1338396072387695 4.469321250915527 5.638864040374756 1.8969976902008057 2.634289264678955
19 1.0458248853683472 0.3608962297439575 3.8089993000030518 2.8147997856140137 0.19542048871517181 0.2755904793739319 8.573464393615723 10.376530647277832 6.725555896759033 7.159524440765381 8.924263000488281 8.674817085266113 9.824102401733398 0.8479571342468262 9.263310432434082 4.041932106018066 10.801630973815918 8.429815292358398 10.54617977142334 5.632560729980469 6.584846496582031 4.323232173919678 8.216065406799316 7.980472564697266 6.220216274261475 8.194083213806152 10.798933029174805 3.7726516723632812 1.1122145652770996 10.47603988647461 9.96280288696289 8.527775764465332 4.60569953918457 5.649361610412598 4.159158229827881 2.1448872089385986
