0	2.6151528	4.200875	3.5861764	4.7874975	2.6164832	5.200147	8.5741625	3.614705	1.5963591	1.5960193	3.4917357	3.7142732	2.6890187	2.319554	4.1305857	2.598383	3.5885408	2.8766446	1.596347	3.4760695	3.7546797	2.3544953	5.030731	4.6596727	3.3319564	4.0385118	3.903303	3.8969536	3.19939	6.8931684	2.5744593	3.6106799	2.819239	2.3110416	3.2062902	2.8361938	3.6405146	4.7116704	2.9976645	3.2816162	2.335421	1.5955911	1.698116	3.984098	3.596518	3.6319125	4.243788	3.6142037	4.5373707	4.24281	5.0351357	2.3191667	4.6539207	3.9466648	3.5948129	4.1051183	3.9041936	2.6728246	2.3599691	3.0652	2.493954	2.4151607	2.8769994	1.5955043	4.0203867	3.6058333	2.594192	2.2654078	2.7041993	2.3320816	4.4380503	3.6397908	2.5838394	3.883481	2.8017426	3.1323483	4.149037	5.0755267
1	2.617613	7.7428145	3.5538414	8.104794	2.6192002	5.2871795	8.553868	3.658407	1.5956105	1.5954757	3.4859517	3.712976	2.6888492	2.3192544	4.161453	2.6069143	3.6132374	3.119547	1.5957422	3.418415	3.886528	2.316116	5.423089	4.6633854	3.246939	4.088913	4.0002775	6.4273615	3.2683697	6.5674634	2.1325939	3.6150815	3.099214	2.516914	3.2015932	2.837409	3.5452852	4.6985006	3.074384	3.3141706	2.3996596	1.5952296	1.6977881	4.020037	3.5969245	3.68895	7.1585875	3.5728683	10.926752	4.2186527	5.0649953	2.3192043	4.759316	3.9011083	3.4284785	4.156436	2.981976	2.7534244	4.992637	4.8355985	2.527525	2.4156153	2.9516718	1.5958524	4.2124887	3.615645	2.6022127	2.3988738	2.6026704	2.2730355	4.289731	3.6366148	2.5983646	3.860253	2.7984774	3.1506705	4.215075	4.0416045
2	2.6155612	4.2347693	3.6086962	4.8247495	2.6079834	5.290339	8.547304	3.6077743	1.5951806	1.5959789	3.4743476	3.7649562	2.8164706	2.3186483	4.1301427	2.597923	3.5818014	2.8153415	1.5951474	3.4361095	3.8754253	2.359235	5.1259	4.6694646	3.3407533	4.009139	3.8478742	3.7465582	3.176404	7.3177724	2.768815	3.5971327	2.9379592	2.4428685	3.2053003	2.8394744	3.6214015	4.709086	2.9913893	3.2330203	2.3206606	1.5951346	1.6975918	3.9877548	3.5974476	3.5416207	4.298771	3.628624	4.367264	4.216499	5.185708	2.31937	4.611405	3.9266124	3.7053785	4.137922	3.6084523	2.7147055	2.4563339	2.9910028	2.4954386	2.416422	2.8797889	1.5961623	4.0592074	3.6092758	2.605095	2.2366047	2.5783691	2.3472948	4.275687	3.6330125	2.5777712	3.8825824	2.83242	3.0506299	4.2061124	4.8437862
3	2.6160762	4.224516	3.60181	4.269148	2.6149082	5.3119416	8.605622	3.6214113	1.5960381	1.5963774	3.482819	3.734016	2.7746735	2.3184662	4.092115	2.5915928	3.6232262	3.093003	1.595721	3.4171686	3.9107895	2.3581278	4.8830256	4.667428	3.323166	4.0340357	3.998888	3.9411335	3.295652	6.52188	2.623334	3.592853	3.0254223	2.1794624	3.1900823	2.8454237	3.6182795	4.7244983	3.0305328	3.2655778	2.3657093	1.5958291	1.6968776	4.0152416	3.5966067	3.5244608	4.2570286	3.5814347	4.29205	2.6873884	4.951026	2.319112	4.6491556	3.9747434	3.5896208	4.1947885	3.5242095	2.6789422	3.4890003	3.5267763	2.5246596	2.416127	2.8846314	1.5964789	4.112756	3.5988622	2.5967085	2.2697752	2.7195892	2.302846	4.4685016	3.635154	2.588141	3.8633502	2.8954597	3.0841584	4.170022	4.7902937
4	2.6087248	4.1967	3.6014376	4.813672	2.6116002	5.256094	8.502559	3.6019235	1.5952908	1.5953225	3.4715497	3.7520373	2.8372812	2.3193045	4.0559955	2.6042275	3.5687006	2.8069139	1.5955727	3.4515846	3.830733	2.3416593	5.2276635	4.677557	3.319284	4.0127544	3.8619738	3.8193488	3.1790802	7.07412	2.614784	3.6020236	2.8945706	2.4492455	3.196917	2.837802	3.5915592	4.7131114	2.997126	3.2464218	2.3361368	1.5957166	1.6976628	4.0057096	3.596927	3.507259	4.2731028	3.625598	4.366555	4.233321	5.162978	2.319221	4.6918783	3.9375055	3.6570714	4.155696	3.6621335	2.5761912	2.4160476	2.9584627	2.5165243	2.4161317	2.9097223	1.5961541	4.0653386	3.6051037	2.6072378	2.3341231	2.5454068	2.3306015	4.2750034	3.628365	2.587924	3.9056082	2.8310947	3.019365	4.080508	4.8994913
5	2.6192188	4.2049255	3.5876725	4.2068954	2.6159527	5.2172766	8.623277	3.6193757	1.594938	1.5958049	3.4821453	3.7342355	2.7495022	2.3186936	4.1164026	2.5914807	3.6024585	3.0384424	1.5964401	3.4689138	3.7785366	2.3566828	4.9747076	4.665531	3.2964396	4.0160685	4.0114517	3.9170883	3.2686486	6.244969	2.6074514	3.5920753	2.818506	2.2472477	3.1888697	2.846761	3.6343324	4.7233825	3.0274272	3.2604818	2.3689291	1.5957481	1.6974269	4.0050654	3.597009	3.596308	4.235113	3.57935	4.331707	2.6957126	5.0070553	2.318065	4.698645	3.971497	3.5945363	4.208414	3.5556862	2.5904415	3.6087708	3.5558798	2.5131216	2.4164157	2.8893452	1.5950543	4.026907	3.5994542	2.5968227	2.3353686	2.7459297	2.300288	4.4572372	3.635807	2.5934496	3.8576212	2.8678558	3.0828788	4.102331	4.7984447
6	2.616782	4.240468	3.571273	4.2802725	2.617799	5.249557	8.328823	3.6152923	1.5949215	1.5963006	3.4734023	3.7488077	2.7671611	2.3191745	4.241796	2.597004	3.5967243	3.079072	1.5955967	3.451556	3.8244078	2.345849	5.0450497	4.674458	3.255272	4.0152316	4.0555816	3.9320889	3.3035474	6.031336	2.5070505	3.6152399	2.9478624	2.318963	3.2614207	2.8255298	3.5633743	4.7255783	3.0615292	3.2748177	2.3486886	1.5958307	1.6973935	4.0187387	3.5970411	3.804471	4.2723513	3.5677366	4.1611705	2.6435554	5.047335	2.3190796	4.762583	3.9504006	3.5990512	4.1646595	3.6349952	2.796576	3.452497	3.569093	2.5292835	2.4159052	2.868079	1.5963523	4.0267067	3.5983727	2.5965235	2.374732	2.5653908	2.3174903	4.4247823	3.629136	2.5902069	3.8946762	2.818639	3.0609818	4.2721453	4.807481
7	2.6094694	4.032236	3.5971034	4.751935	2.6067624	5.3050156	8.550559	3.6045933	1.5954218	1.5960652	3.464775	3.785584	2.842128	2.319806	4.084442	2.6080809	3.5777144	2.8695493	1.5964102	3.4310844	3.8956585	2.3465834	5.181715	4.668972	3.3322916	3.9925947	3.888636	3.7089303	3.1849382	7.278433	2.7873583	3.5988867	2.9617093	2.4695604	3.2149982	2.839199	3.5715475	4.7104073	2.999014	3.22126	2.3288248	1.595691	1.6969956	4.0049977	3.5961893	3.566649	4.21711	3.6153934	4.361478	4.268203	5.2178984	2.3184793	4.638169	3.921541	3.7223697	4.188071	3.6485834	2.756784	2.4777694	2.8661394	2.5164876	2.415891	2.901077	1.5974593	4.068136	3.6074317	2.6086237	2.2490234	2.605801	2.3390586	4.304356	3.6335044	2.579567	3.8789508	2.834582	3.0405974	4.2434416	4.8945856
8	2.6037874	4.04637	3.593995	4.791932	2.6008418	5.213919	8.419965	3.6137748	1.5947328	1.5954005	3.473895	3.7662802	2.783936	2.3195488	4.1362305	2.6050296	3.553045	2.8242054	1.5961783	3.4730015	3.770925	2.308622	5.48258	4.6635895	3.317708	4.0301332	3.9159606	3.7028897	3.21318	6.8708315	2.5873735	3.604027	2.8079066	2.6065934	3.2181752	2.8323755	3.4769182	4.7017117	2.988119	3.2452736	2.3096383	1.5949328	1.6975272	3.9916399	3.5970366	3.5625844	4.212805	3.6121895	4.2722197	4.1466947	5.286415	2.3191452	4.6673083	3.9070811	3.7403429	4.1307387	3.4909835	2.6741304	2.3831873	2.8532739	2.502503	2.4158378	2.9704669	1.5961678	4.0365286	3.6132457	2.6040535	2.303063	2.582736	2.3579526	4.2460866	3.6361976	2.5874782	3.8833725	2.8247533	3.0675	4.170774	4.680616
9	2.6093931	4.204403	3.6121635	4.7733827	2.6156015	5.244401	8.471305	3.611884	1.5955429	1.5957255	3.477028	3.7535892	2.8109632	2.318721	4.0610647	2.6032653	3.5825264	2.8086898	1.5957223	3.4545062	3.8177242	2.3396807	5.2008533	4.67564	3.3334792	4.0434766	3.839989	3.7584639	3.2009866	7.041008	2.5701451	3.6127934	2.9134946	2.4320257	3.2037673	2.8352504	3.5842175	4.7118173	3.0150862	3.239472	2.3143818	1.5952159	1.6973221	3.9863071	3.5970144	3.515648	4.247996	3.6318934	4.297607	4.2201943	5.1285143	2.319098	4.5712	3.9297695	3.7122285	4.132411	3.4943712	2.7315114	2.4202003	2.9751518	2.4946384	2.4156303	2.9066358	1.5966405	4.0732265	3.605349	2.6087594	2.1990047	2.5175805	2.3533797	4.235854	3.6294212	2.5785491	3.8924155	2.8524587	3.107029	4.225292	4.705442
