0	2.7612603	3.872377	3.8588676	4.893971	2.6065779	5.3131895	8.334937	3.6233988	1.5961623	1.5963567	3.6292906	3.915114	2.7904234	2.4530911	4.088518	2.603431	3.5850525	2.7845235	1.5954183	3.4331715	3.9019492	2.3539488	5.0523705	4.692872	3.3884728	4.3377695	3.8594415	3.764666	3.2444084	6.9564795	2.5585344	3.6012378	2.9556766	2.2999163	3.2350671	2.8347502	3.4772816	4.729211	3.017998	3.3056965	2.3415406	1.5955839	1.7313128	4.045153	3.6730697	3.6151648	4.198072	3.6315575	4.429976	4.122034	5.0187564	2.3185015	4.7493763	4.005124	3.5358047	4.0378404	3.07539	2.7777812	2.4459043	2.6959395	2.5470443	2.4282863	2.9060092	1.5956118	4.0084043	3.594882	2.5832999	2.3314722	2.499134	2.3438916	4.5953784	3.6186984	2.5680952	3.9485433	3.0327675	3.2459571	4.245361	4.816738
1	2.7848415	3.9563777	3.8809478	4.950068	2.5956085	5.305307	8.378875	3.6273077	1.5952848	1.5955536	3.634819	3.9587355	2.8188877	2.4526098	4.2199	2.5961373	3.573233	2.729331	1.5957191	3.4348128	3.8925385	2.3614097	5.100703	4.6902475	3.32351	4.269414	3.8413038	3.8778248	3.2284591	6.77453	2.4138703	3.5942287	2.9308033	2.339242	3.2304854	2.844767	3.5414245	4.723651	3.040914	3.3325725	2.3301048	1.5951854	1.7316931	4.020832	3.6708877	3.627012	4.308404	3.638737	4.6489034	4.138478	5.004013	2.3186655	4.7644224	3.9713073	3.4999607	3.9981399	3.0357802	2.9420545	2.5420737	2.7459874	2.5187886	2.4239435	2.8797185	1.5965312	3.997792	3.5991335	2.5894394	2.3425534	2.5998344	2.337673	4.567961	3.6192992	2.584778	3.9219213	2.9366112	3.2058957	4.346465	4.5859823
2	2.7512445	4.0123415	3.8784778	4.694045	2.592402	5.3242064	8.430847	3.5779026	1.5955819	1.5951167	3.6362524	3.8637886	2.7242465	2.4522367	4.163639	2.6067348	3.5829422	2.7619352	1.5956321	3.4340372	3.9120305	2.356693	5.0482855	4.7452374	3.406619	4.2011676	3.8433414	3.8104858	3.2196484	6.8658705	2.446873	3.5929732	2.924119	2.3157077	3.2508883	2.826664	3.5118995	4.7358065	2.939116	3.3319929	2.3324008	1.5950502	1.7319304	4.036091	3.6710355	3.6656525	4.2751412	3.6375103	4.5144596	4.1447973	4.973232	2.318509	4.663579	4.0335073	3.493363	3.9574528	2.5417247	3.7670636	2.7346053	2.842842	2.5294647	2.422493	2.8696883	1.5967065	3.953011	3.592021	2.5741572	2.2826376	2.4556932	2.3359528	4.5287967	3.5852969	2.5587573	4.0676403	2.9814055	3.0284786	3.5740128	4.5087223
3	2.7562866	3.979752	3.8797216	4.767421	2.5926223	5.300928	8.398108	3.6081643	1.595562	1.5954453	3.6217773	3.9014263	2.8049133	2.451847	4.232105	2.6040246	3.58279	2.8217509	1.5964117	3.435944	3.8890824	2.361292	5.0169687	4.7407756	3.3426836	4.2568235	3.8923407	3.8099732	3.2301428	6.71217	2.4319994	3.610353	2.9644701	2.3004036	3.2630217	2.832693	3.4940686	4.735059	3.0287864	3.3165865	2.3258736	1.596054	1.7320571	4.0377026	3.6717753	3.6543157	4.2928643	3.6230001	4.415367	4.145859	4.979068	2.3182108	4.697035	4.003183	3.5409222	4.0197725	2.5944448	3.7222803	2.649326	2.7529507	2.5401754	2.4230585	2.8476624	1.5960099	3.940632	3.592262	2.585022	2.2976673	2.4520943	2.343178	4.5091934	3.587196	2.5652995	4.054033	3.0052667	3.1440735	3.7667475	4.501012
4	2.7555833	3.992922	3.878744	4.7450423	2.6047587	5.2881474	8.362332	3.5950563	1.5957528	1.5954189	3.6358547	3.8583407	2.7340612	2.4519732	4.195599	2.604794	3.5832853	2.7868211	1.5958071	3.4354594	3.8756218	2.371264	5.0533986	4.682006	3.376789	4.3321075	3.8656797	3.7863765	3.2249022	6.7064037	2.4206326	3.6289124	3.014747	2.3613322	3.2737086	2.8317146	3.490548	4.7155375	2.9540112	3.2996035	2.3342302	1.5947237	1.731512	4.058745	3.671122	3.6835365	4.2930136	3.6314445	4.3993254	4.147134	5.0527835	2.3186789	4.765996	3.9732041	3.5617063	4.050993	2.9846907	2.6661854	2.6173046	2.8614683	2.5557332	2.4223619	2.8158414	1.596387	3.93055	3.6043036	2.5845733	2.3298745	2.6503823	2.3339121	4.6239557	3.6240668	2.5681422	3.9457521	2.886835	3.28581	4.121674	4.6460824
5	2.7714496	3.9527082	3.8549418	4.8194857	2.5932934	5.2951217	8.234499	3.6513934	1.5953921	1.5961106	3.6316438	3.917004	2.765033	2.4528346	4.2091246	2.600058	3.5909343	2.8432732	1.5953957	3.4371471	3.880478	2.3589299	4.995216	4.7345386	3.3452973	4.1425867	3.9039502	3.8605175	3.2472024	6.882174	2.4045823	3.6326838	2.9884453	2.282698	3.2712216	2.8321543	3.495196	4.730306	3.1031904	3.342818	2.318247	1.5957489	1.7312598	4.0220857	3.675652	3.6965764	4.2376785	3.6208544	4.5061545	4.144657	4.962163	2.3190837	4.713012	3.9803596	3.5341957	3.997084	2.5112143	3.9203196	2.5439959	2.7151399	2.526177	2.428586	2.835536	1.5965432	3.9441454	3.5942802	2.5932333	2.2925324	2.3521245	2.3568711	4.4982295	3.592889	2.5761473	4.018878	3.0023298	2.9294038	3.6723752	4.2733865
6	2.7681022	3.9325092	3.9121552	4.9642286	2.6082346	5.2995253	8.324888	3.6084187	1.5950584	1.5956078	3.6208012	4.004546	2.8963125	2.4538128	4.2588067	2.5826516	3.5814652	2.8306317	1.5955435	3.4307666	3.890958	2.3631718	4.9601326	4.748191	3.3972368	4.230191	3.9223413	3.7854445	3.2631512	7.0594673	2.422595	3.6479452	3.0617774	2.2537265	3.2705636	2.8300261	3.5206177	4.739862	3.0485396	3.3106365	2.3149564	1.5953765	1.7314303	3.9955783	3.6722999	3.6809516	4.3584604	3.6158907	4.3843384	4.064578	4.959899	2.3184614	4.674455	4.008027	3.610957	4.069037	2.267293	3.9356961	2.527561	2.5677702	2.5070415	2.4269006	2.8370328	1.5957607	4.006879	3.5876849	2.5815115	2.2436209	2.4091315	2.3518648	4.585521	3.5827522	2.5708065	4.0460167	3.0895157	3.0322573	3.679713	4.2449517
7	2.7578118	3.926299	3.8670769	4.792874	2.5916436	5.313694	8.238005	3.6304302	1.5953339	1.5958397	3.6280868	3.9392636	2.8207948	2.4534664	4.105736	2.5838652	3.5707145	2.7756155	1.595688	3.4330697	3.9020886	2.3540196	4.997067	4.6890316	3.359008	4.326344	3.8576622	3.7857504	3.2015476	6.8050222	2.4817624	3.6204133	2.9863744	2.302031	3.3049953	2.8239634	3.4097252	4.725041	3.0580413	3.3168492	2.3245673	1.5951	1.7315019	4.0618167	3.676672	3.6161585	4.214416	3.6283157	4.3304806	4.1851463	5.003727	2.3185031	4.8146315	3.9702976	3.5623999	4.0523524	2.9519782	2.7512455	2.5916722	2.760457	2.563856	2.4316487	2.838782	1.5960019	3.8855708	3.598505	2.5942235	2.3548636	2.5490437	2.343215	4.653076	3.6199834	2.5668297	3.9323916	2.8749804	3.324679	4.188191	4.557029
8	2.7606285	3.9476523	3.8799	4.658169	2.593803	5.2924066	8.439864	3.5559464	1.5951667	1.5958097	3.6351542	3.8485944	2.7469656	2.4524925	4.239376	2.6059666	3.5910301	2.7996242	1.5953444	3.4382105	3.8782141	2.3565998	5.027139	4.7462144	3.4286437	4.199224	3.860458	3.7737095	3.2044597	6.9009643	2.4060888	3.6200097	2.9749365	2.3017426	3.2657504	2.8286293	3.4878926	4.73906	2.9371262	3.3309693	2.3237178	1.5948553	1.7310576	4.0336604	3.6704376	3.6854768	4.2261486	3.6321135	4.434774	4.192552	4.971144	2.3187132	4.627143	4.0242624	3.5316787	3.9804487	2.4877534	3.8481953	2.6793363	2.8477511	2.5263572	2.422224	2.85279	1.5956825	3.9552312	3.5897975	2.5774791	2.22044	2.4495254	2.3440902	4.542742	3.5844402	2.5619402	4.058693	3.0725768	3.0734596	3.6642337	4.513131
9	2.761091	3.9106276	3.8802788	4.721123	2.5922954	5.312866	8.328047	3.629141	1.595298	1.5957421	3.6376944	3.844278	2.738603	2.4521618	4.236117	2.5918846	3.610933	2.8606243	1.5952886	3.4323797	3.9015784	2.3537908	4.98048	4.7340984	3.3741186	4.191434	3.8727117	3.7967377	3.2401743	6.9419103	2.4453669	3.6201348	2.9871094	2.27712	3.3040152	2.824749	3.4113178	4.7320447	3.0673246	3.3335721	2.3179975	1.5956734	1.7315915	4.031438	3.6716092	3.6934588	4.2223225	3.6257923	4.4209037	4.1287346	4.970378	2.3192775	4.682159	3.9897954	3.553476	4.0262156	2.5407221	3.824257	2.5405593	2.7946374	2.5245876	2.4222972	2.8417184	1.5966254	3.8912725	3.592945	2.5897222	2.249265	2.422183	2.3491035	4.5442367	3.5924582	2.5623617	4.0285163	3.0254054	3.053791	3.6548927	4.4956236
