0	22.6405	28.9586	-38.9487	-43.5673	-12.0052	-19.3907	24.5238	27.7258	-7.4773	17.5679	17.8165	25.3272	8.0051	19.5764	1.7328	-4.3805
1	16.1325	5.209	-17.4345	-40.4201	-26.3846	-21.6124	24.91	-18.8531	-15.2835	2.4857	13.8778	20.7003	-4.9185	9.4613	15.0295	3.6479
2	22.7503	28.8115	-36.3906	-40.7025	-10.7012	-18.6114	23.4845	22.6284	8.8844	20.045	16.9701	22.0663	10.2856	21.6738	8.3915	5.6918
3	20.1068	25.7877	-40.4528	-33.6497	-6.7288	-16.9506	22.85	24.2004	10.9902	21.8173	15.0869	22.4016	17.5104	19.9882	11.7376	2.0161
4	23.4355	28.5432	-37.7988	-41.3328	-11.1659	-18.0787	23.4663	22.9739	5.0222	21.4835	18.216	22.4662	10.9162	22.8472	8.3147	3.4976
5	20.861	26.8786	-40.8352	-35.2572	-7.1246	-17.5234	23.3302	23.8196	2.1696	22.6744	15.6989	21.912	16.9339	21.1486	13.4877	-5.3875
6	22.9921	28.0002	-41.7725	-37.7087	-9.9431	-14.9886	20.2727	23.4728	2.4625	23.3058	16.1728	20.4069	15.0204	21.9251	12.1058	-4.96
7	23.1099	28.8168	-37.3758	-42.616	-10.8238	-18.7666	23.4849	23.6262	8.447	20.124	18.1162	22.7705	9.3261	22.6264	7.7543	6.5839
8	22.6747	25.2308	-36.7833	-39.8644	-10.5805	-16.0547	20.3289	22.3435	4.464	19.6954	19.5106	20.3223	8.2143	22.285	8.3957	3.1636
9	23.7437	27.1593	-34.9069	-40.6037	-13.0688	-19.8985	20.7751	21.0859	5.5517	18.6337	18.1512	20.1301	7.9229	21.5287	6.3537	4.47
