0 1.4697728157043457 3.375739574432373 10.755792617797852 1.3725101947784424 1.2453866004943848 0.0912327691912651 9.120189666748047 9.121072769165039 0.06133715435862541 4.594831943511963 8.36395263671875 9.874244689941406 10.224678039550781 3.2568321228027344 9.529733657836914 2.3484926223754883 10.978631019592285 5.405171871185303 10.999924659729004 10.841815948486328 7.569846153259277 7.405099391937256 3.1684656143188477 6.126129627227783 5.406003475189209 10.676060676574707 10.229398727416992 2.794100761413574 2.398623466491699 1.480249047279358 2.8562746047973633 10.648356437683105 2.351532459259033 3.6072187423706055 9.185128211975098 10.60446548461914
1 1.34514582157135 3.0313076972961426 9.757322311401367 1.1615583896636963 0.3410242199897766 0.17524203658103943 9.439714431762695 9.783370018005371 0.05369937792420387 4.60400390625 8.449827194213867 8.922492027282715 10.530468940734863 4.203240871429443 9.34022331237793 2.9292051792144775 10.451676368713379 6.690310478210449 10.99582576751709 10.727873802185059 6.944068908691406 8.75561237335205 4.4719462394714355 7.653248310089111 4.649450778961182 10.799062728881836 10.557584762573242 4.860354423522949 2.5549020767211914 1.2865959405899048 3.6551461219787598 10.781862258911133 2.204000473022461 4.0438971519470215 9.708928108215332 7.771255970001221
2 1.4002974033355713 1.963028907775879 10.26829719543457 4.657788276672363 0.3099299371242523 0.41640767455101013 9.134126663208008 10.821893692016602 -0.09946301579475403 0.5019999742507935 7.395215034484863 8.838180541992188 9.732850074768066 5.555959224700928 7.5006866455078125 1.5914885997772217 10.98015022277832 5.185770034790039 10.952261924743652 10.572693824768066 8.149218559265137 9.788568496704102 3.7958173751831055 7.767330646514893 6.386673450469971 10.507251739501953 9.499946594238281 2.014148235321045 3.0167078971862793 1.1309659481048584 2.212707281112671 10.782934188842773 1.8351434469223022 4.530421257019043 8.601665496826172 9.174979209899902
3 0.3892524242401123 2.334362030029297 11.168269157409668 0.6500614881515503 1.2628835439682007 0.9096877574920654 8.327624320983887 10.255846977233887 -0.015439299866557121 4.93505334854126 8.786726951599121 7.48335075378418 8.847505569458008 5.590683460235596 10.035200119018555 6.190282821655273 10.930723190307617 9.772303581237793 10.813607215881348 9.622492790222168 7.768749237060547 6.506274700164795 7.381588935852051 9.263888359069824 7.754852294921875 10.493291854858398 10.203485488891602 3.1590590476989746 3.724926471710205 1.1048789024353027 2.624429225921631 9.353890419006348 1.4227114915847778 6.5803728103637695 8.995975494384766 3.0857293605804443
4 1.1263985633850098 0.9203225374221802 9.81057357788086 0.6683340072631836 0.4116700291633606 0.5320186018943787 9.844411849975586 10.179792404174805 -0.09915031492710114 7.730473041534424 7.651033401489258 8.851439476013184 9.856616020202637 7.958049297332764 9.997041702270508 4.851093292236328 10.986948013305664 5.883737564086914 10.94106388092041 10.780475616455078 10.714425086975098 9.645543098449707 7.745739459991455 7.749579429626465 6.159426689147949 8.805258750915527 10.722183227539062 2.698906898498535 3.093566417694092 1.3641576766967773 4.0899271965026855 9.018438339233398 1.7821789979934692 3.8541479110717773 1.269246220588684 2.6506810188293457
5 0.43141645193099976 1.1130857467651367 10.383195877075195 6.824051856994629 0.3841323256492615 0.2903340458869934 8.635539054870605 10.515445709228516 0.41633641719818115 0.5608678460121155 7.542985439300537 7.853090286254883 10.264018058776855 2.6346194744110107 7.431346893310547 2.1998324394226074 10.877351760864258 9.863109588623047 10.901141166687012 9.93238639831543 7.032540321350098 9.218613624572754 3.720888137817383 8.912315368652344 5.316878318786621 10.411660194396973 10.116964340209961 3.445666790008545 3.3262667655944824 1.0111024379730225 3.5360097885131836 10.774137496948242 1.6346503496170044 6.0145416259765625 9.641244888305664 9.338910102844238
6 0.412402480840683 0.8787922263145447 9.66256332397461 0.9406387209892273 3.276090621948242 0.2584594488143921 9.655431747436523 9.805110931396484 -0.0681515485048294 6.4551777839660645 8.041784286499023 7.313187599182129 8.432278633117676 8.24085807800293 10.906530380249023 1.1279940605163574 10.9990873336792 9.356021881103516 10.541333198547363 8.825218200683594 10.740715026855469 6.171189785003662 0.6622552275657654 9.412789344787598 8.27881908416748 8.500005722045898 8.791061401367188 2.4580788612365723 4.6192626953125 1.5954535007476807 3.9990720748901367 7.675699710845947 1.1089832782745361 7.784619331359863 1.304033875465393 18.541643142700195
7 1.3433637619018555 1.7088170051574707 9.945602416992188 2.553339958190918 0.1859993040561676 0.2879191040992737 9.29276180267334 9.087322235107422 -0.01267229113727808 6.321290493011475 8.065871238708496 6.530805587768555 9.334288597106934 8.110489845275879 10.475732803344727 4.618896484375 10.995901107788086 6.066267967224121 10.109614372253418 10.004761695861816 10.647427558898926 10.475336074829102 6.025420665740967 9.998117446899414 7.051827907562256 8.643826484680176 10.763545989990234 2.553252696990967 5.656014442443848 0.9998815059661865 4.307180881500244 10.292308807373047 0.9922033548355103 5.871650695800781 1.1948615312576294 5.007667541503906
8 0.12483116239309311 1.4369165897369385 9.635626792907715 5.273745536804199 0.3379482626914978 0.3653324842453003 9.25291919708252 9.360038757324219 -0.09015488624572754 0.45174914598464966 7.657426357269287 4.647500991821289 8.743701934814453 4.052984237670898 8.248934745788574 4.423934459686279 10.999770164489746 9.369935989379883 10.415153503417969 10.884785652160645 7.593151092529297 5.755125045776367 5.9145050048828125 10.759265899658203 7.891838550567627 10.799199104309082 10.786497116088867 2.4164037704467773 4.953813552856445 1.5863136053085327 2.8285446166992188 10.348176956176758 1.0433977842330933 3.4094929695129395 9.16355037689209 5.185005187988281
9 1.4341328144073486 1.0918093919754028 10.335387229919434 6.89875602722168 0.30842065811157227 0.28653088212013245 8.988653182983398 9.339776992797852 0.024186380207538605 -0.0033611429389566183 7.149796009063721 9.00748348236084 9.651985168457031 5.961618423461914 8.220504760742188 2.136179208755493 10.972067832946777 7.3370490074157715 10.840291023254395 10.060013771057129 7.8123579025268555 4.286587238311768 3.774937868118286 7.535293102264404 6.529383659362793 10.324831008911133 10.064760208129883 1.9519964456558228 3.613795757293701 0.9945011138916016 2.5750842094421387 10.780670166015625 1.4769238233566284 5.759361267089844 8.95297908782959 9.220475196838379
10 1.0345821380615234 2.159662961959839 10.323662757873535 5.222456932067871 0.3864628076553345 0.28001299500465393 10.044000625610352 9.96635913848877 -0.024772867560386658 0.17639383673667908 8.439044952392578 9.584444999694824 10.310030937194824 6.945858478546143 8.678166389465332 2.295029878616333 10.999720573425293 6.121639251708984 10.953693389892578 10.43403148651123 8.146879196166992 5.8355712890625 3.976764440536499 6.645355224609375 5.210000514984131 9.70758056640625 10.190445899963379 2.3299365043640137 3.006343364715576 1.0511544942855835 2.2151029109954834 10.79658317565918 1.8424550294876099 4.905818939208984 8.604223251342773 8.786201477050781
11 1.3787193298339844 2.388975143432617 10.816523551940918 1.3696776628494263 1.6149053573608398 0.6141989231109619 9.073382377624512 9.042245864868164 -0.023409472778439522 3.576279640197754 7.030328750610352 9.415289878845215 10.114388465881348 4.610179424285889 8.624055862426758 1.7275125980377197 10.972336769104004 5.265981674194336 10.999123573303223 10.54477310180664 8.051122665405273 9.245523452758789 3.2439522743225098 6.923968315124512 5.645935535430908 10.76480484008789 9.66322135925293 2.855137348175049 2.295562267303467 1.1112700700759888 2.314734935760498 10.672210693359375 2.4563026428222656 4.609643459320068 8.707545280456543 10.425315856933594
12 0.8427976369857788 1.6425650119781494 10.512472152709961 4.978789806365967 0.7440981864929199 0.31526750326156616 10.023022651672363 9.95634651184082 0.006768843159079552 0.5756146907806396 7.082873821258545 7.460383892059326 9.936692237854004 5.903746604919434 7.783541679382324 1.346672534942627 10.943388938903809 6.088963508605957 10.44800853729248 9.576220512390137 8.011330604553223 10.291781425476074 2.961322546005249 9.284451484680176 6.006168365478516 10.353428840637207 9.159181594848633 1.7926100492477417 4.869855880737305 1.124417781829834 2.3569512367248535 10.571155548095703 1.057328462600708 6.659285068511963 8.749646186828613 11.106968879699707
13 1.2513606548309326 0.8499487638473511 9.543804168701172 1.76338791847229 0.8726621270179749 0.2784566581249237 9.589808464050293 9.8157377243042 -0.08556481450796127 6.278980731964111 7.382152557373047 8.7068452835083 9.512580871582031 8.26117992401123 10.207695007324219 1.3061723709106445 10.85973834991455 5.972003936767578 10.995898246765137 10.358887672424316 10.713251113891602 8.979654312133789 3.0259320735931396 7.939484119415283 6.765716552734375 8.477096557617188 9.096078872680664 1.5213621854782104 2.5533008575439453 1.0239804983139038 4.093904972076416 10.597129821777344 2.2054481506347656 5.09314489364624 1.267774224281311 10.948473930358887
14 1.2308452129364014 1.0968923568725586 10.218077659606934 0.593099057674408 4.622551918029785 0.7740470170974731 9.451799392700195 9.513689994812012 -0.0915386974811554 7.743383407592773 8.897241592407227 6.788722991943359 9.625327110290527 7.991637706756592 10.715882301330566 4.447816848754883 10.982816696166992 5.790872573852539 9.908378601074219 10.924032211303711 10.73803424835205 6.9464640617370605 7.664279937744141 9.822818756103516 6.575498104095459 8.77030086517334 10.784273147583008 2.0377941131591797 6.060952663421631 1.712882399559021 4.0085015296936035 9.096734046936035 1.0158097743988037 3.199197769165039 1.300320029258728 2.744826316833496
15 1.2257838249206543 1.1771259307861328 10.005990982055664 5.7183356285095215 0.7442768216133118 0.38022422790527344 9.668871879577637 10.044631004333496 -0.1048910990357399 0.371388703584671 6.576178550720215 8.023640632629395 9.423812866210938 3.862807512283325 8.214634895324707 2.8339579105377197 10.96267318725586 5.887495994567871 10.970295906066895 9.997370719909668 7.6545000076293945 8.468358993530273 3.4047789573669434 8.736673355102539 6.910311698913574 10.789226531982422 10.514710426330566 2.937774181365967 2.8735504150390625 1.0008156299591064 2.756248950958252 10.715774536132812 1.9398249387741089 5.8864545822143555 9.106006622314453 10.050396919250488
16 1.3227852582931519 0.4610312879085541 10.723289489746094 6.942138195037842 0.5491973161697388 0.2721731662750244 9.617445945739746 9.86365032196045 -0.03619047626852989 0.06972318142652512 9.542967796325684 6.110071659088135 9.458051681518555 6.737775802612305 7.351968288421631 1.864433765411377 10.96062183380127 6.031598091125488 8.715558052062988 10.760847091674805 7.431443214416504 10.880237579345703 1.268324851989746 10.247565269470215 6.855057239532471 9.858804702758789 9.811579704284668 2.954023838043213 7.9282660484313965 1.3332455158233643 3.024029493331909 9.03515338897705 1.6846526861190796 3.9269227981567383 9.310155868530273 16.04442596435547
17 1.3040740489959717 1.638784408569336 10.965082168579102 1.0847761631011963 1.6991839408874512 0.5221716165542603 9.424973487854004 9.287239074707031 -0.0871104970574379 7.290328025817871 7.897173881530762 7.033393383026123 9.332441329956055 8.542170524597168 10.835431098937988 6.53542947769165 10.97338581085205 5.375367164611816 9.761320114135742 10.028035163879395 10.754258155822754 7.663410186767578 6.632229804992676 9.640583038330078 7.054703712463379 8.146227836608887 9.995125770568848 2.8454484939575195 6.335376739501953 0.9972652196884155 3.950803756713867 9.93122386932373 1.0544383525848389 5.82470178604126 1.3234199285507202 4.090837001800537
18 1.3840699195861816 1.3423054218292236 10.22009563446045 3.1090784072875977 0.11386369168758392 0.21815820038318634 9.395853042602539 9.2832612991333 -0.08218398690223694 7.332906723022461 8.18885326385498 8.217170715332031 9.551983833312988 8.742901802062988 10.145981788635254 1.7865831851959229 10.874805450439453 6.1121368408203125 10.822789192199707 9.279070854187012 10.426018714904785 8.641140937805176 2.6990795135498047 8.526540756225586 6.700100421905518 7.892879962921143 9.729087829589844 3.4578418731689453 3.68748140335083 1.2786221504211426 4.926270961761475 10.44701862335205 1.440573811531067 7.137063980102539 1.0477824211120605 11.76759147644043
19 0.7113600373268127 0.4955117106437683 9.866759300231934 8.557616233825684 11.401419639587402 0.6645538806915283 8.402637481689453 9.712821960449219 -0.009325779043138027 -0.10593655705451965 -0.06587523221969604 5.290438175201416 9.85386848449707 5.350984573364258 6.129631519317627 6.763646125793457 10.994771957397461 9.153550148010254 8.945769309997559 10.493712425231934 6.906137466430664 10.578410148620605 0.5144797563552856 10.603652954101562 6.164594650268555 10.583292007446289 9.840616226196289 2.1842336654663086 7.621241569519043 1.080237865447998 3.7068347930908203 7.1369123458862305 1.5027809143066406 4.749523162841797 9.73731803894043 19.334529876708984
