0 -15.775 -11.363 -14.972 1.1893 -2.5347 -10.052 9.5876 -17.149 -5.9424 -22.217 4.7704 -19.186
1 -17.144 -8.4406 -11.575 1.4012 -5.7257 -7.5689 10.17 -16.113 -4.3743 -22.091 6.4033 -12.409
2 -13.333 -12.235 -12.277 5.941 -8.421 -7.917 5.4603 -13.985 -9.5755 2.6253 -1.836 -19.059
3 -10.505 -9.0605 -2.4883 4.2223 -0.75573 -4.6999 0.79029 -11.541 -7.8078 -22.806 1.1684 -16.24
4 -15.73 -10.312 -17.621 13.837 -12.14 -6.7434 5.408 -16.466 -6.3402 -21.601 5.0829 -19.353
5 -10.958 -8.1838 -7.9659 0.0097879 -6.9106 -5.7231 7.7632 -14.999 -10.528 3.7703 2.1305 -16.525
6 -8.2781 -8.355 -11.509 13.839 -1.1035 -5.0151 14.959 -14.657 -11.174 -21.063 8.5226 -18.198
7 -16.113 -12.055 -15.656 14.309 -14.786 -4.5648 6.013 -14.611 -12.046 -16.446 4.9373 -15.55
8 -8.4413 -6.7248 -9.6098 5.1434 -2.1125 -1.1722 3.5081 -11.172 -12.83 7.3287 1.7017 -17.826
9 -17.119 -14.294 -9.8393 7.0973 2.1472 -7.9516 7.5982 -17.144 -9.6431 5.3528 1.6764 -21.544
10 -16.309 -9.4839 -14.634 7.7202 -1.7829 -8.9029 11.505 -16.219 -11.084 6.9449 7.1436 -20.91
11 -16.416 -11.374 -13.235 1.8607 -8.6999 -8.726 8.9489 -17.226 -7.2632 -18.463 2.7605 -13.667
12 -16.764 -5.4736 -8.3814 5.419 -11.241 -5.693 11.135 -15.162 -10.949 1.8836 4.2815 -22.306
13 -14.984 -11.738 -13.964 14.595 -16.34 -7.4433 4.1977 -16.274 -12.447 -8.8346 -3.9102 -21.721
14 -19.737 -13.278 -18.867 12.967 -6.4318 -5.2808 6.5532 -15.834 -7.1799 -20.142 4.9846 -20.677
15 -16.359 -10.81 -7.7419 4.5406 -6.6131 -6.0178 9.6972 -13.68 -15.117 4.974 5.7755 -15.56
16 -16.936 -16.618 -9.1607 7.8678 -4.2825 -3.8546 10.435 -13.588 -8.7778 0.27353 5.258 -17.893
17 -12.85 -13.66 -15.58 14.408 -5.3672 -5.3244 2.7469 -15.381 -7.7278 -21.564 5.9644 -20.975
18 -19.542 -13.942 -9.8914 13.338 -13.85 -6.4489 11.773 -16.272 -15.409 -13.12 6.2982 -19.339
19 -9.3983 -15.406 -7.8187 6.594 1.8919 -2.2213 -7.2012 -12.009 -12.154 5.5039 -11.433 -17.624
