0	nan	-10.6966	-1.7548	4.1539	8.213	10.7381	-6.8902	-14.1823	-20.7156	-7.3353	4.9892	7.6371	7.3273	nan	nan	10.7341	nan	2.0358	13.5351	12.6872	5.2626	4.9582	5.337	13.9582	8.4126	nan	2.37	nan	nan	5.126	2.7082	nan	5.1857	5.4684	12.1365	2.3983	nan
1	nan	-16.6665	-13.3202	-2.3734	1.1316	10.1078	15.0226	-15.4955	-18.7509	-8.4109	14.2662	3.4523	-5.5533	nan	nan	18.3649	nan	7.5256	18.3339	21.6152	-6.4241	5.955	9.2786	23.3846	11.5983	nan	12.9223	nan	nan	11.5027	1.2793	nan	7.7993	10.7054	23.9649	8.4149	nan
2	nan	-10.9615	-2.2494	3.7358	6.4324	9.962	-4.1537	-15.0227	-18.0879	-5.2647	9.1681	7.0533	4.5216	nan	nan	12.6461	nan	2.1439	13.5659	14.6488	6.7781	0.7647	3.8029	14.229	5.5199	nan	5.7988	nan	nan	2.9598	-3.3548	nan	4.934	9.1514	15.1292	2.5362	nan
3	nan	-17.8706	-10.1259	2.5028	1.4457	6.8381	-6.8293	-15.3932	-13.7408	0.3261	9.6592	7.1272	2.9596	nan	nan	8.6966	nan	1.3997	7.7496	13.7248	3.7059	0.0431	6.1886	10.2747	2.5341	nan	9.8782	nan	nan	-0.4562	-1.3532	nan	3.755	8.0866	13.6874	0.457	nan
4	nan	-16.3474	-5.0871	5.4888	3.7106	9.065	-4.7055	-17.7103	-18.2924	-2.2366	11.677	9.2653	5.6243	nan	nan	13.0137	nan	-1.3967	8.8304	15.6597	3.1336	-2.416	4.9583	12.5836	1.352	nan	8.314	nan	nan	-1.6885	-4.3707	nan	1.9129	9.7638	15.4248	-2.1801	nan
5	nan	-25.5272	-17.2372	1.3706	0.6438	11.5048	13.4957	-12.7535	-16.8005	-8.0779	3.8524	3.0777	2.5316	nan	nan	12.5715	nan	9.6963	14.8017	16.7318	-17.7718	7.869	11.2378	16.6518	12.2599	nan	13.3369	nan	nan	6.3103	4.0195	nan	11.2387	14.7908	16.9551	9.113	nan
6	nan	-15.9776	-8.0066	2.8691	3.6469	8.2295	-9.8744	-15.4122	-16.3764	1.1938	5.504	7.0702	4.6433	nan	nan	9.9833	nan	1.1628	7.0842	12.5446	5.002	4.7272	7.531	10.9737	6.7077	nan	7.91	nan	nan	2.7523	3.1817	nan	4.424	5.5961	12.1543	1.2539	nan
7	nan	-17.371	-9.2034	3.6578	2.4251	9.2063	-6.3481	-17.297	-13.8381	-1.4792	10.1063	8.3427	5.1534	nan	nan	10.311	nan	-0.0997	8.6697	14.4542	9.6662	0.5197	7.4064	11.8324	3.207	nan	8.3614	nan	nan	-0.0251	0.315	nan	2.6269	13.3747	14.3202	-0.8274	nan
8	nan	-16.5136	-8.576	2.6942	2.1091	7.555	-6.7606	-13.0547	-18.3365	-1.8054	9.5256	7.0857	3.4363	nan	nan	10.0136	nan	0.9878	8.3567	13.6241	4.4818	1.078	5.0738	12.2037	3.6284	nan	8.792	nan	nan	1.5435	-1.1884	nan	3.205	6.5353	13.5346	0.6189	nan
9	nan	-16.6518	-6.5981	2.0389	2.8689	8.6696	-3.2827	-14.1568	-18.8379	-3.4763	13.9318	9.1619	2.4321	nan	nan	13.342	nan	1.6014	14.2408	17.2841	8.9346	-1.6435	1.9758	16.1975	3.8783	nan	7.7872	nan	nan	3.2769	-6.1692	nan	3.1474	9.7849	17.4941	0.7696	nan
