0	-24.0142	-29.1838	-9.4338	2.1265	14.4311	25.1161	-36.9186	10.6193	0.442	-27.7592	-6.5016	1.7796	16.1637	26.2472	13.7897	15.7949	26.9773	30.8193	25.4748	13.4087	16.2096	23.1426	10.1721	17.177	25.8099	31.2081	21.2718	13.4081	18.903	20.0652	18.925	13.0604	25.1751	-11.4907	14.4429	28.1027	20.6834
1	-19.3718	-25.7763	-10.8892	-1.1493	9.6372	19.4151	-38.6763	16.0133	4.6365	-27.0509	-7.8821	-1.957	14.9754	28.8461	11.9804	14.8675	28.3423	32.3588	23.7979	11.0773	15.0222	27.9455	16.6325	13.35	26.3824	33.2277	22.8735	12.2095	21.6459	26.6098	23.9845	11.4357	27.6739	-28.5195	11.5435	28.435	24.1788
2	-14.8716	-22.6056	-8.6463	4.3388	14.4662	15.1309	-37.6588	15.7781	0.6836	-30.2375	-11.0549	-1.7188	15.2556	28.1956	9.4865	12.7808	27.7593	32.3048	20.861	8.4761	19.9961	28.9413	18.175	13.7412	27.1458	33.118	21.0102	11.0777	19.665	25.9321	23.4848	10.7847	27.7437	-18.3511	10.4669	29.5837	22.0188
3	-21.432	-22.4942	-4.7403	6.512	19.0914	16.9926	-20.707	24.7743	-5.6978	-24.6476	-5.0482	3.4314	17.6314	21.9669	12.1533	16.4834	26.4707	27.1984	19.2661	8.4302	28.4352	22.1753	17.2106	11.7018	18.5804	26.7563	22.9341	13.2793	19.8445	29.2292	14.8137	12.6066	23.2092	-10.1396	11.3138	20.7135	19.4681
4	-15.8064	-22.3507	-5.8295	6.3188	16.4862	10.1124	-22.9161	13.4118	-4.1717	-25.4765	-8.9536	-0.2326	14.2242	21.5537	9.1622	13.5757	26.9674	28.8092	18.0623	4.525	28.0558	24.8806	18.675	9.3788	20.9339	28.5054	20.6976	9.9435	19.7404	26.6848	17.0273	9.5302	25.1473	-11.5666	7.4129	23.8245	21.3278
5	-22.9866	-26.5065	-6.6268	5.9204	17.3132	21.0768	-37.9492	-13.1104	-6.0926	-23.2834	-1.5934	5.6783	20.2379	27.6325	11.4696	13.2583	25.6777	27.95	23.7656	9.8133	14.9717	25.6272	12.4274	11.9028	20.7925	27.8749	20.0033	11.7834	18.0327	20.6179	16.3839	10.9408	23.2581	-28.5029	12.4595	23.0833	18.0365
6	-20.096	-27.5587	-9.8703	2.1934	12.4768	16.6956	-38.3621	-2.7022	-12.7452	-24.5359	-4.4498	0.0454	13.6099	26.1889	14.6509	17.3807	26.4478	28.5581	22.0367	12.8952	23.5091	27.1255	16.6184	14.2568	22.24	29.0497	22.3918	15.4743	20.7128	22.5702	13.7334	13.6984	24.7893	-19.8581	14.5412	23.7872	20.2317
7	-24.1047	-23.4742	-4.2968	7.3903	17.0052	16.2173	-31.181	12.9773	-9.4937	-19.6784	-4.5403	4.9228	19.4562	24.2329	10.5838	17.0437	24.6647	24.7685	19.1058	10.5278	21.4328	23.4387	15.4485	8.9682	15.4829	24.1061	21.1591	14.6428	18.8758	24.7394	12.1144	11.8604	21.5449	-20.2062	10.9724	18.4656	17.5183
8	-22.7999	-26.938	-7.2343	4.3691	15.3315	22.3758	-38.2115	13.4269	-6.0108	-23.7399	-4.0959	4.9649	18.0595	20.771	11.2257	15.3376	26.0723	28.216	22.8419	9.9443	12.4292	22.3914	14.0684	13.1865	21.73	28.6948	20.0026	12.8547	18.7097	22.1066	18.329	11.1847	23.7603	-25.8188	12.0634	24.5836	20.6445
9	-29.4462	-28.3989	-8.1853	2.3429	11.493	17.7729	-36.6246	-0.5746	-16.9531	-20.8416	-0.4677	3.6556	17.0788	23.0306	14.4135	17.2719	25.4267	26.0904	21.2354	14.3276	13.0234	23.542	14.2902	11.0179	18.4501	25.6973	22.247	14.9093	20.3392	17.3382	10.7174	14.0745	22.5589	-26.3841	14.1946	19.5162	18.3284
10	-32.3428	-32.4693	-11.3019	1.0786	13.1945	22.5276	-35.3935	-1.1204	-19.7768	-15.5765	5.0556	10.4879	21.4125	26.1409	11.3037	16.4721	24.8086	25.1124	24.5883	14.9441	17.3012	24.8223	13.1358	11.9084	17.0174	25.3194	21.4579	15.0137	18.752	19.2249	9.0407	13.4995	21.0551	-32.7324	15.0076	19.5994	16.6376
11	-22.9144	-30.0237	-11.7097	-0.371	11.4952	12.9108	-34.5197	9.5534	2.3586	-22.6563	-8.9167	-1.5715	13.2314	20.5866	10.8588	13.3871	26.6219	30.0727	21.3743	11.0955	10.2157	24.9475	17.1019	12.6016	25.0988	30.6463	20.464	10.8371	21.266	28.3498	22.757	9.7952	26.1541	-33.5401	11.7434	27.1228	22.5486
12	-24.8421	-26.0991	-6.9721	4.6753	14.9626	16.6033	-34.0209	-1.8476	-3.5799	-21.6712	-5.7506	3.7797	18.5993	25.324	10.8723	17.537	26.3008	27.1383	20.3105	6.824	24.2263	24.9368	15.9949	11.4338	18.4212	26.0965	22.3289	14.4301	21.1412	21.4541	16.4522	13.0068	23.6099	-21.6841	12.8818	21.4543	19.4779
13	-20.5896	-24.2892	-5.6869	5.4861	18.1449	22.1278	-36.303	15.9923	-2.3735	-28.7058	-6.773	3.6	22.1338	28.9824	11.0015	14.2866	27.3795	30.7254	25.0928	11.231	15.7696	23.8865	6.8984	16.3741	25.271	31.3578	18.8706	11.009	17.9144	24.7749	16.3541	11.5386	25.0894	-21.936	12.6566	28.0932	18.8999
14	-20.7752	-26.3257	-9.8063	2.4133	15.7294	19.009	-33.8415	5.4269	0.0736	-25.1611	-5.7374	4.1221	18.9721	25.9941	10.7429	13.3821	26.1971	30.4484	24.4436	6.2392	9.34	20.9604	11.2973	13.5533	23.9914	30.6381	21.1865	11.5828	18.6691	16.4768	18.9799	10.0732	24.741	-32.1715	11.5641	26.5484	21.2897
15	-29.4754	-33.8817	-16.0263	-3.678	8.3272	18.4961	-41.7756	7.0523	-8.9882	-22.6918	2.0905	3.4877	19.5305	25.3331	13.0019	15.3273	25.9862	29.1826	25.7371	15.0558	12.9364	23.9006	17.6797	14.4923	22.886	29.6543	22.0536	13.7982	19.9987	26.2557	19.0986	13.0509	24.9119	-31.6105	16.1058	25.0471	20.1888
16	-15.2317	-21.8049	-6.8958	2.9721	14.3548	17.1292	-36.8956	-1.6097	-0.4455	-27.6583	-7.328	1.1159	19.7406	26.2036	10.9727	12.7847	24.718	29.2656	25.8575	8.2741	18.0039	20.7234	11.2315	16.7701	26.0872	30.3625	18.4412	11.1686	16.2816	17.3468	18.9994	11.8673	22.7631	-18.2553	12.7172	27.4824	18.7599
17	-19.9857	-22.1111	-1.907	9.1993	20.8015	21.2498	-33.438	10.5999	-10.1225	-23.2412	-4.4783	7.2079	20.3556	25.2083	9.1866	12.0016	24.2119	26.5008	20.9586	4.5923	9.2375	24.4551	12.0214	10.0863	17.4653	25.6278	18.5523	9.5163	16.2606	22.9997	12.6761	9.6173	21.4466	-26.7118	8.5096	21.2179	16.7338
18	-24.1043	-28.2964	-11.3488	-1.6603	10.519	17.8649	-40.0663	8.1142	-15.1248	-21.3813	-3.6786	3.7508	16.552	26.2864	14.4098	17.0481	25.5501	28.2146	25.2024	12.8956	14.8502	25.0669	15.6495	13.9924	21.838	28.1452	21.3018	14.3661	19.006	19.9701	13.5059	13.1837	23.0213	-32.9768	14.8675	25.3476	19.0125
19	-29.0327	-28.7986	-12.3638	0.9947	12.8349	18.4675	-38.3436	5.3253	-6.8869	-23.2737	-0.1415	4.7181	20.0002	21.3264	8.3905	14.4528	25.7498	28.1925	20.5116	11.357	6.2493	23.5851	16.9802	9.7857	19.2925	28.304	21.9285	12.5152	19.971	18.096	17.4879	10.3434	25.0353	-28.6951	11.6727	21.6785	20.9082
