0	2.8425903	4.642009	3.905551	5.420951	3.0388765	4.560776	6.1231384	3.931446	1.7725552	1.774577	3.6025426	3.6941557	2.8232143	2.4206653	4.0437994	2.833234	3.8638923	2.9863577	1.7750437	3.6420279	2.8447988	2.2838302	5.500441	4.5382795	3.5950816	4.2765794	3.903028	4.143009	3.2970634	4.8859744	2.931099	3.9827209	3.9948776	2.907673	3.2838616	2.782504	3.1228006	4.488481	2.8668287	2.9771876	2.3108797	1.7733214	1.7537199	2.7638009	2.4019105	3.7962341	4.62691	3.71706	6.13785	4.172532	5.616386	2.4306476	5.6084986	2.9237204	4.9986825	4.7025294	3.4839025	2.941483	2.581606	3.0566068	4.345474	3.6712816	2.7961216	1.7703505	4.255677	3.8770475	2.9169374	2.9984977	4.4343176	2.5572631	5.383999	3.8308322	2.7874389	3.437865	2.5703712	3.5497904	4.054213	4.689167
1	2.8389006	4.3864555	3.938687	5.6799264	2.9089143	4.772537	6.228432	3.916713	1.7733182	1.7717361	3.5880947	3.7102034	2.9861066	2.4191453	4.0487623	2.8053303	3.8434205	2.8612518	1.7747674	3.6832764	3.006938	2.3569884	5.273279	4.5383573	3.4984055	4.2455378	3.9531543	3.9672494	3.3513465	4.753355	3.476756	4.0263634	2.9610553	2.822244	3.2816055	2.9504318	3.6584725	4.502719	2.360663	3.4136205	2.4138916	1.7758597	1.7525536	2.7421615	2.3938034	3.6371086	4.6474247	3.7313125	6.1412387	4.017351	5.5375857	2.4298453	5.5222893	3.2069592	4.1434298	4.0766726	3.1902466	3.3329272	2.3392847	2.8866806	4.2846646	3.6614895	2.8730836	1.7716181	4.1657314	3.8755438	2.8137703	2.916479	4.427782	2.4191291	5.455744	3.8332143	2.7739549	3.443532	2.4302063	3.5613418	4.1034484	4.2354865
2	2.8042898	4.509596	3.945756	5.5931993	2.914574	4.8918743	6.4611793	3.9108539	1.7721887	1.7752275	3.5962799	3.7517521	2.854569	2.421424	2.5565193	2.8151445	3.873551	2.96426	1.7762933	3.657203	3.182677	2.3143263	5.483503	4.5806437	3.4322991	4.190964	3.9116426	4.315169	3.3549576	4.5697646	3.1623073	4.021073	3.1013489	2.751665	3.241298	2.9565177	3.479984	4.4722776	2.5415006	3.236315	2.3817956	1.7781456	1.7535775	2.721939	2.4160724	3.770637	4.658165	3.7236538	6.289592	3.9365382	5.5759172	2.4311633	5.07724	3.1660092	4.4809074	4.3545003	3.0550227	3.6937034	3.0241637	2.735036	4.2969103	3.6756034	2.9849515	1.7699306	4.245491	3.8873105	2.8532064	2.6056814	4.4147997	2.4683425	5.324636	3.800005	2.828062	3.4286466	2.8465831	3.6459274	4.2321744	4.642269
3	2.8393123	4.793373	3.8870902	6.289014	2.9254115	4.871892	5.581909	3.9334738	1.774322	1.7721988	3.6151073	3.6508348	2.7046504	2.4239435	4.048481	2.8236077	3.8390918	3.281776	1.7730986	3.6369672	3.270204	2.4130871	5.204317	4.5312376	3.5151215	4.2267237	4.1424723	4.2335086	3.263246	4.054369	3.3940105	4.0096245	3.2973707	2.854888	3.1803825	2.9535227	3.7778492	4.4766836	2.5231638	3.3617268	2.3673568	1.7762132	1.75732	3.013538	2.3883295	3.7070913	5.533017	3.618727	6.3521776	4.003189	5.582349	2.4322405	5.3786936	3.1770718	4.2718916	4.0765977	3.655362	3.1544387	3.2251418	3.9171839	4.5179467	3.6617663	2.7412686	1.7698036	4.2626657	3.8751175	2.83306	2.8654993	4.495597	2.4862833	5.5121326	3.8391278	2.7867222	3.3932753	2.2293358	3.5012877	4.095676	4.4580526
4	2.8239896	4.9127264	3.8764281	6.094437	2.8933122	4.8988743	6.440487	3.9573855	1.7732229	1.7713118	3.612516	3.7039127	2.7324393	2.4237266	3.8947597	2.776532	3.8089795	3.1977103	1.7736596	3.6573653	3.2707145	2.418212	5.21906	4.5616255	3.382051	4.1449842	4.2180085	4.3003683	3.3881187	4.3542356	3.582022	3.992643	3.0127091	2.936739	3.2295702	2.9758968	3.7674258	4.4925146	2.6848755	3.3555481	2.3355918	1.7762588	1.7568257	3.015417	2.421042	3.890405	5.3523445	3.6022828	6.355541	3.860443	5.5582495	2.4333718	5.2790165	3.2986417	4.219418	3.9644692	3.2207372	3.551097	3.4297643	3.5843635	4.495972	3.681693	2.8195765	1.7727401	4.169965	3.860873	2.8437681	2.7589583	4.4251094	2.526245	5.140581	3.8206413	2.8003738	3.4219182	2.4996724	3.7839885	4.1760573	4.3626485
5	2.8349328	4.1401296	3.9052832	5.2374763	2.9228995	4.852139	6.4902377	3.9685585	1.7728239	1.7759776	3.6114378	3.6297398	2.8034866	2.4240012	4.0209584	2.8487902	3.9269626	3.2153869	1.7770034	3.668448	3.1088738	2.3235672	5.3562756	4.5664315	3.5208666	4.3482723	3.861078	4.330821	3.29348	4.477413	3.0799766	4.014359	3.0961514	2.6612897	3.197497	2.9566314	3.59393	4.5731554	3.4943674	2.9657004	2.215198	1.7722793	1.7569399	2.86588	2.3847275	3.688452	4.2036085	3.7261004	5.469886	4.0489254	5.587862	2.430163	5.7538013	3.3488088	4.8867064	4.334033	3.065736	3.4639242	2.4203265	2.634683	4.4191704	3.658597	2.9616687	1.77247	4.312231	3.8201818	2.9519918	2.9048407	3.981584	2.7236094	5.551711	3.8230765	2.776042	3.4433184	2.4341056	3.7679365	4.169784	4.0560613
6	2.846713	4.31923	3.920517	5.4792123	2.9079046	5.0373783	6.59892	3.9504833	1.7740018	1.7742432	3.6141782	3.6799695	2.8922083	2.4240117	4.0148706	2.8072479	3.8392627	2.87678	1.7734228	3.5981588	3.482154	2.3520768	5.4096127	4.5895395	3.3477201	4.1910267	3.9640303	4.3619494	3.3385894	4.507939	3.074954	4.0093484	3.3257155	2.722809	3.209756	2.969324	3.501152	4.550802	2.9140546	3.268206	2.2458863	1.7743224	1.7578726	2.9288692	2.3839998	3.8016286	4.5379653	3.7364845	5.906516	3.9796588	5.587185	2.4277363	5.355278	3.4451108	4.4391327	3.9022639	3.0847206	3.7982798	2.4946592	2.8588448	4.4740076	3.6648748	2.9216032	1.7731793	4.288107	3.8395512	2.860568	2.6769156	4.1695166	2.6542366	5.299806	3.7889183	2.8387425	3.529329	2.8957675	3.7697651	4.2864757	4.733822
7	2.8403301	4.3496485	3.9032187	5.8741837	2.9027514	4.917838	6.302615	3.9584203	1.7745494	1.7691154	3.5875745	3.7166042	2.8679843	2.4195936	3.997328	2.7855492	3.8278234	2.8268125	1.7716918	3.6536222	3.25374	2.3701503	5.05353	4.5551734	3.3933928	4.173332	3.984703	4.3478985	3.3854985	4.358806	3.5779786	3.9929085	3.0055048	2.7334733	3.2403243	2.9737267	3.6024115	4.4894857	2.7688432	3.3015773	2.3952734	1.772437	1.7558112	2.677283	2.3878698	3.811426	5.007205	3.721247	5.517625	3.7488241	5.3871913	2.4360187	5.2105255	3.2252238	4.2588334	4.2627726	3.539248	3.6369553	2.6921864	3.1642718	4.236411	3.6651778	2.906412	1.7711811	4.195401	3.8702006	2.8611495	2.7323701	4.4901543	2.4516635	5.3268414	3.8313003	2.7837224	3.4775784	2.2964275	3.73611	4.2296834	4.2860546
8	2.8430824	4.439673	3.9087403	5.4406195	2.918868	4.8186684	6.5250344	3.8963056	1.7728592	1.7727238	3.6107693	3.6695576	2.8524044	2.4258592	4.0746493	2.7883706	3.8119695	2.8092325	1.7763907	3.667921	3.1036017	2.366667	5.1615424	4.5959873	3.4559462	4.2636805	4.018819	4.283756	3.3960142	4.033797	3.5943425	4.037725	3.1715834	2.8135295	3.282507	2.9337883	3.5806675	4.474466	2.2827225	3.446895	2.3401973	1.7747786	1.7579551	2.9668522	2.3877306	3.782914	4.5498667	3.7326994	5.8002048	3.9389586	5.5853834	2.437004	4.7683387	3.2095847	4.2585683	3.8266902	3.197522	3.6882224	2.442663	2.8892577	4.513288	3.6624293	2.8279305	1.7707062	4.150706	3.8927321	2.7981253	2.4457312	4.3807673	2.5214734	5.330817	3.8022714	2.778288	3.6216383	2.432758	3.560512	4.1826653	4.2323647
9	2.8396285	4.540738	3.9301333	5.9333944	2.8824081	4.834155	6.5011263	3.9622626	1.7734046	1.7693121	3.5810585	3.7644978	3.0544355	2.4193523	4.090208	2.8257468	3.882253	3.030275	1.7754984	3.6859548	3.0385404	2.3141723	5.552096	4.6308417	3.4803903	4.323924	3.9203887	3.8037038	3.3215523	4.740281	2.9074442	4.0086727	2.7095792	2.7380233	3.3391044	2.9578218	3.516541	4.511407	3.0915246	3.0579782	2.370231	1.7714403	1.754806	3.0323734	2.3816965	3.6935396	5.011797	3.7200441	6.050205	3.9769185	5.5578547	2.4307988	5.0358076	3.1147504	4.578005	4.6229696	2.8446007	3.994419	2.6769733	3.0506973	4.5513043	3.65513	2.9832652	1.7728239	4.0761075	3.8562858	2.9198418	2.557813	4.2575746	2.4867284	5.2901955	3.787127	2.785039	3.6708224	2.6903667	3.6401632	4.0186806	4.1753235
10	2.8324187	4.940193	3.9137208	5.852416	2.9121332	4.771128	6.411291	3.952625	1.7728553	1.7732832	3.5803583	3.7789645	3.0040383	2.4191854	4.009354	2.8289156	3.8576093	2.893028	1.7701893	3.6633968	3.0811548	2.329277	5.446362	4.5994277	3.4816492	4.2875786	3.8641503	4.34095	3.236752	4.497491	2.9576392	4.030303	3.0519943	2.7115262	3.2816143	2.9413447	3.4609113	4.5027537	3.1787963	3.0137582	2.2644207	1.7714248	1.759224	2.9710536	2.4152808	3.8637486	5.2049017	3.7344744	6.3231497	4.2698045	5.5956893	2.4375243	5.356877	3.1794944	4.882834	4.4761524	3.3235505	3.3783326	3.5106394	3.3592627	4.513894	3.6791668	2.9470897	1.7734593	4.1642485	3.8662016	2.9224057	2.852026	4.4093976	2.6396205	5.6584177	3.8006492	2.786311	3.6021528	2.6237125	3.403685	4.125418	4.638756
11	2.8476593	4.756939	3.9135635	5.6498013	2.8988423	4.596139	6.2654595	3.9934566	1.7779062	1.774188	3.6020555	3.6973848	2.912671	2.4260783	4.0138097	2.8144789	3.8733296	3.0875561	1.7735337	3.7088213	2.7754962	2.3808196	5.136395	4.5669737	3.5802662	4.2420073	3.9977095	4.384663	3.3139925	4.247267	3.2849154	4.0079474	2.6733294	2.666347	3.2745101	2.958958	3.943594	4.535589	3.433516	3.1153429	2.2529256	1.7744368	1.7582613	2.9982	2.4044144	3.8091085	4.939981	3.69598	6.357636	3.8712623	5.6053963	2.4289064	5.537114	3.2946918	4.6782885	4.306693	2.3842597	3.968152	3.549905	3.1602712	4.510414	3.6785474	2.8609753	1.7738011	4.214164	3.852703	2.9329538	2.847949	4.141756	2.6533303	5.6389437	3.8201156	2.7569435	3.5582585	2.5285687	3.9143043	4.119823	3.5911787
12	2.834709	4.8162527	3.944736	6.148805	2.8843877	4.991608	6.4350185	3.9630833	1.773333	1.7732923	3.5982785	3.7321637	3.0288384	2.4231932	4.0387516	2.7731001	3.7838457	3.0529733	1.7703713	3.6239026	3.3807092	2.4463537	5.205413	4.519453	3.391256	4.263159	4.1890426	4.3095284	3.3624334	4.465031	3.3199587	3.9764166	3.0002203	2.8223894	3.2403011	2.981982	3.7546196	4.530062	2.9360805	3.3167272	2.3128273	1.7738415	1.7540119	3.1016114	2.404665	3.6173537	5.24374	3.6381063	6.245926	4.081415	5.560652	2.4262097	6.042782	3.4142973	4.2542963	4.0108542	3.5529814	3.2256608	2.9168284	3.3134677	4.573947	3.6692162	2.7873662	1.7754881	4.0711594	3.8472583	2.863543	3.3000968	4.2896237	2.5559642	5.1455107	3.836653	2.7938354	3.3182325	2.2414966	3.5268683	4.1198463	4.237152
13	2.8372717	4.34317	3.9027362	5.8622794	2.926499	4.742453	5.864643	3.91083	1.7724205	1.7723253	3.6272883	3.642264	2.7768764	2.4209366	4.0382032	2.785219	3.8064373	2.7200534	1.7751164	3.6770673	2.9998722	2.3383777	5.1995206	4.527572	3.5409102	4.2704144	3.973446	4.0474443	3.4205902	4.0806894	3.7414289	4.0480623	3.2104657	2.840788	3.3185034	2.916076	3.422196	4.485093	2.326021	3.3994877	2.2896929	1.7717438	1.7552954	2.7388558	2.397808	3.6263576	4.8507085	3.7276587	6.3200192	3.7411675	5.5950823	2.4279847	5.555446	3.152293	4.386627	3.772864	3.519803	2.9155822	2.5733728	3.125985	4.3223877	3.6715112	2.876933	1.7685379	4.1133027	3.8785276	2.8132155	2.9507942	4.43206	2.5746818	5.420127	3.8394	2.7711298	3.40587	2.4195967	3.4116473	4.0356874	4.423729
14	2.8411748	4.8251204	3.8932369	6.032631	2.849156	4.6762395	6.112463	3.9733171	1.7743764	1.7734168	3.611133	3.6965694	2.8025236	2.4190469	4.030984	2.7859566	3.7752569	2.9679627	1.7702615	3.7101092	2.8505447	2.3004975	5.4456334	4.5231013	3.5961077	4.2941175	4.146921	3.8982348	3.3842995	4.941049	3.994256	3.987936	2.3534114	3.2163312	3.390829	2.977714	3.67977	4.463418	2.5681245	3.4159746	2.4003384	1.7715855	1.7499958	3.0423107	2.415044	3.7670617	5.2245426	3.645193	6.370435	4.2030663	5.487659	2.430021	6.1062126	3.0441546	4.189289	4.0748158	3.4029508	2.4909558	2.8555608	3.5523925	4.5548234	3.6759698	3.054805	1.7725198	4.119178	3.878201	2.8411345	3.370864	4.3351	2.443202	4.777898	3.8410454	2.7776716	3.372765	2.5145686	3.4530652	3.854433	4.3038554
15	2.776605	5.0045605	3.8946576	5.548876	2.9169486	4.9136405	6.4931083	3.9120407	1.7747236	1.7747921	3.5636764	3.9355268	2.8987808	2.4250712	2.5417323	2.778448	3.7857642	2.9808407	1.7711092	3.6596038	3.2066011	2.3883357	5.1345067	4.633718	3.512777	4.3119345	4.156242	4.322793	3.3612733	4.31964	3.2598476	4.0007477	3.051243	2.6617236	3.207778	2.9669592	3.6919143	4.5385966	2.514791	3.3490229	2.360442	1.7753854	1.7551793	3.0524	2.392859	3.7914765	5.066921	3.6331022	6.147686	3.9134548	5.5124946	2.4294913	5.535492	3.3666217	4.2078524	4.022683	3.1020901	3.3446634	3.547475	3.0514574	4.5681553	3.6652472	2.839863	1.7719336	4.1926737	3.8566089	2.8227737	2.9026814	4.2409644	2.4931726	4.990647	3.7958121	2.762835	3.6349678	2.5483642	3.7038395	4.095668	4.3455296
16	2.8386595	4.6850114	3.924777	5.7667685	2.8336735	5.092128	6.377089	4.0256186	1.7760894	1.7720956	3.6009846	3.7011514	2.9746268	2.4206045	4.0377173	2.7933693	3.8042603	3.1466448	1.7720569	3.6633778	3.43039	2.331176	5.2934985	4.523695	3.368618	4.22283	4.1760306	4.3360777	3.326365	4.76753	3.6616716	3.921218	2.565725	2.9333076	3.3273149	3.0074282	3.5198498	4.490568	3.2237902	3.2818322	2.377995	1.7737858	1.7554927	3.0140016	2.4003127	3.7371764	4.882697	3.6264687	6.2453074	4.1933208	5.4253125	2.4300954	5.744267	3.0919597	4.270687	4.3241744	3.4624267	2.9564414	2.954295	3.1568294	4.531152	3.66799	3.0798397	1.7730441	4.0582013	3.8729424	2.9160168	2.9917061	4.315833	2.4828978	4.919933	3.834805	2.8228388	3.2765346	2.6007495	3.464499	4.0145483	4.5859547
17	2.8413672	4.805271	3.921699	5.8787484	2.9241517	4.6459074	6.144991	3.9494095	1.7746475	1.7720921	3.604523	3.6736963	2.8689017	2.4212232	4.0145698	2.8304508	3.8296852	3.247173	1.7748365	3.7063503	2.8061156	2.3606248	5.436027	4.5958986	3.4394453	4.175587	4.1188006	4.1341286	3.2276866	4.9459834	3.6750004	4.025653	2.8780482	3.058506	3.260728	2.94515	3.8086998	4.4863324	2.5447762	3.4136734	2.3722305	1.769471	1.755625	2.830851	2.3982697	3.7504926	5.178144	3.6322618	6.368746	4.5503	5.5590763	2.432526	5.3557653	3.2121964	4.12325	3.974266	3.710968	3.3357353	2.7969477	3.70636	4.391008	3.666831	2.8671956	1.7734659	4.2360153	3.87025	2.8300328	2.797644	4.4076996	2.4559512	5.3553276	3.8203669	2.7927663	3.4349332	2.4194744	3.738678	4.160141	4.726905
18	2.8364072	4.1910486	3.9119134	5.073881	2.8934262	4.8371024	6.569321	3.934344	1.774984	1.773066	3.5846472	3.703236	2.9292884	2.422598	4.0621634	2.8079276	3.822365	2.870698	1.7700179	3.6591315	3.180912	2.303053	5.3900223	4.616113	3.369513	4.218055	3.9704049	4.2917805	3.3263075	4.355356	3.6479392	4.004505	2.8748899	2.8844497	3.2716188	2.961442	3.4936142	4.488056	2.447786	3.4358332	2.3821542	1.7737187	1.7574507	2.964686	2.3908668	3.6340566	4.189478	3.7288551	4.964362	4.058166	5.600522	2.4278297	4.5316377	3.229621	4.1442604	3.963943	3.188403	3.4525585	2.4100425	2.6307857	4.478398	3.6655843	3.012309	1.7703283	4.1722627	3.8845742	2.8146858	2.3315516	4.386221	2.4580576	4.9348083	3.7815545	2.8009171	3.6786366	2.6680226	3.4688768	4.144048	4.62513
19	2.817082	4.313329	3.9331975	5.3583574	2.9204564	4.6784577	6.533408	4.002784	1.7757013	1.7732631	3.6089473	3.639968	2.7923799	2.4181268	3.0153418	2.7890382	3.810412	2.861094	1.7708762	3.6965008	2.8982954	2.3876495	5.196173	4.5892863	3.53416	4.384132	4.014239	4.304876	3.3822107	4.599378	3.5953162	4.0115128	2.9098253	2.9090476	3.2320175	2.9505901	3.8758767	4.480718	2.9525309	3.3004847	2.3605766	1.7748156	1.7566742	2.7767417	2.3924387	3.951836	4.3192663	3.7191308	6.1969213	3.9828067	5.571803	2.4334793	5.151045	3.0496836	4.307891	4.22225	3.2793772	3.4797058	2.3722973	2.6533074	4.3691387	3.6621964	2.7830276	1.7736993	4.203352	3.8750558	2.8903127	2.628345	4.287714	2.4844801	5.1017995	3.8119755	2.7579646	3.6262894	2.4007604	3.7218528	4.143046	4.2365932
