0	14.4311	25.1161	-36.9186	10.6193	0.442	-27.7592	25.4748	13.4087	16.2096	23.1426	10.1721	17.177	20.0652	18.925	25.1751	-11.4907
1	9.6372	19.4151	-38.6763	16.0133	4.6365	-27.0509	23.7979	11.0773	15.0222	27.9455	16.6325	13.35	26.6098	23.9845	27.6739	-28.5195
2	14.4662	15.1309	-37.6588	15.7781	0.6836	-30.2375	20.861	8.4761	19.9961	28.9413	18.175	13.7412	25.9321	23.4848	27.7437	-18.3511
3	19.0914	16.9926	-20.707	24.7743	-5.6978	-24.6476	19.2661	8.4302	28.4352	22.1753	17.2106	11.7018	29.2292	14.8137	23.2092	-10.1396
4	16.4862	10.1124	-22.9161	13.4118	-4.1717	-25.4765	18.0623	4.525	28.0558	24.8806	18.675	9.3788	26.6848	17.0273	25.1473	-11.5666
5	17.3132	21.0768	-37.9492	-13.1104	-6.0926	-23.2834	23.7656	9.8133	14.9717	25.6272	12.4274	11.9028	20.6179	16.3839	23.2581	-28.5029
6	12.4768	16.6956	-38.3621	-2.7022	-12.7452	-24.5359	22.0367	12.8952	23.5091	27.1255	16.6184	14.2568	22.5702	13.7334	24.7893	-19.8581
7	17.0052	16.2173	-31.181	12.9773	-9.4937	-19.6784	19.1058	10.5278	21.4328	23.4387	15.4485	8.9682	24.7394	12.1144	21.5449	-20.2062
8	15.3315	22.3758	-38.2115	13.4269	-6.0108	-23.7399	22.8419	9.9443	12.4292	22.3914	14.0684	13.1865	22.1066	18.329	23.7603	-25.8188
9	11.493	17.7729	-36.6246	-0.5746	-16.9531	-20.8416	21.2354	14.3276	13.0234	23.542	14.2902	11.0179	17.3382	10.7174	22.5589	-26.3841
10	13.1945	22.5276	-35.3935	-1.1204	-19.7768	-15.5765	24.5883	14.9441	17.3012	24.8223	13.1358	11.9084	19.2249	9.0407	21.0551	-32.7324
11	11.4952	12.9108	-34.5197	9.5534	2.3586	-22.6563	21.3743	11.0955	10.2157	24.9475	17.1019	12.6016	28.3498	22.757	26.1541	-33.5401
12	14.9626	16.6033	-34.0209	-1.8476	-3.5799	-21.6712	20.3105	6.824	24.2263	24.9368	15.9949	11.4338	21.4541	16.4522	23.6099	-21.6841
13	18.1449	22.1278	-36.303	15.9923	-2.3735	-28.7058	25.0928	11.231	15.7696	23.8865	6.8984	16.3741	24.7749	16.3541	25.0894	-21.936
14	15.7294	19.009	-33.8415	5.4269	0.0736	-25.1611	24.4436	6.2392	9.34	20.9604	11.2973	13.5533	16.4768	18.9799	24.741	-32.1715
15	8.3272	18.4961	-41.7756	7.0523	-8.9882	-22.6918	25.7371	15.0558	12.9364	23.9006	17.6797	14.4923	26.2557	19.0986	24.9119	-31.6105
16	14.3548	17.1292	-36.8956	-1.6097	-0.4455	-27.6583	25.8575	8.2741	18.0039	20.7234	11.2315	16.7701	17.3468	18.9994	22.7631	-18.2553
17	20.8015	21.2498	-33.438	10.5999	-10.1225	-23.2412	20.9586	4.5923	9.2375	24.4551	12.0214	10.0863	22.9997	12.6761	21.4466	-26.7118
18	10.519	17.8649	-40.0663	8.1142	-15.1248	-21.3813	25.2024	12.8956	14.8502	25.0669	15.6495	13.9924	19.9701	13.5059	23.0213	-32.9768
19	12.8349	18.4675	-38.3436	5.3253	-6.8869	-23.2737	20.5116	11.357	6.2493	23.5851	16.9802	9.7857	18.096	17.4879	25.0353	-28.6951
