0 0.10830244421958923 0.11879714578390121 0.22735199332237244 0.049066800624132156 -0.04170365631580353 0.08074700832366943 10.060561180114746 9.758501052856445 10.017725944519043 9.233749389648438 8.38609790802002 9.607060432434082 3.9003031253814697 7.842728614807129 10.662579536437988 2.300279378890991 10.527846336364746 10.981416702270508 10.933324813842773 10.807768821716309 9.953060150146484 10.70374870300293 5.7916259765625 6.606837749481201 10.792108535766602 8.922704696655273 10.194343566894531 4.65669584274292 3.143002986907959 3.7483482360839844 5.974190711975098 10.406404495239258 1.749252200126648 1.4117463827133179 1.0074349641799927 5.384987831115723
1 0.1638534665107727 0.034969158470630646 10.255037307739258 0.02241981402039528 0.04075678810477257 0.23077790439128876 10.194839477539062 9.764833450317383 0.39231163263320923 9.850824356079102 10.186407089233398 7.342552185058594 2.0186715126037598 2.394704580307007 10.326231956481934 3.6780436038970947 10.384675025939941 10.998385429382324 10.847941398620605 10.689248085021973 9.936715126037598 10.997455596923828 5.798365592956543 9.38766098022461 9.961551666259766 10.261772155761719 10.768260955810547 5.029952049255371 3.580544948577881 1.2390803098678589 6.006123065948486 10.403310775756836 1.4938584566116333 4.173783302307129 1.0103052854537964 5.37391996383667
2 0.11641962826251984 0.0861118957400322 0.1515561044216156 -0.01671297289431095 0.039246879518032074 0.13627547025680542 9.946304321289062 9.830310821533203 9.936983108520508 9.657356262207031 10.208166122436523 7.575019836425781 4.677678108215332 7.730288505554199 10.35173225402832 3.925837993621826 10.531573295593262 10.99998664855957 10.557351112365723 10.503487586975098 9.943453788757324 10.993886947631836 5.802258491516113 9.180351257324219 10.754500389099121 9.033434867858887 10.79380989074707 4.646398544311523 4.574204444885254 4.723209857940674 5.992985248565674 10.401519775390625 1.119890570640564 1.0857131481170654 1.009094476699829 5.367537498474121
3 0.10539856553077698 0.08069570362567902 0.15164783596992493 -0.005489558447152376 0.06298946589231491 0.14790773391723633 9.827655792236328 9.808162689208984 10.021119117736816 9.651559829711914 10.278631210327148 6.080011367797852 4.546862602233887 7.654529571533203 10.354180335998535 3.799114465713501 10.617393493652344 9.977816581726074 10.641082763671875 10.506705284118652 9.950526237487793 10.998858451843262 5.77940034866333 10.263664245605469 10.773297309875488 9.105978965759277 10.783278465270996 4.399021148681641 4.326841354370117 4.714504241943359 5.979154586791992 10.4119873046875 1.1887311935424805 1.0875605344772339 1.0078648328781128 5.405091285705566
4 0.08178193122148514 0.06459832936525345 0.15673479437828064 0.009408182464540005 0.0401267372071743 0.16708429157733917 9.673690795898438 9.763254165649414 9.938262939453125 9.701105117797852 10.266311645507812 5.889595985412598 4.738305568695068 7.6307573318481445 10.208941459655762 3.8619563579559326 10.705584526062012 9.982552528381348 10.753667831420898 10.250576972961426 9.942245483398438 10.999832153320312 5.793337821960449 10.360291481018066 10.744152069091797 9.128403663635254 10.789155006408691 4.119704723358154 3.952930450439453 5.347553730010986 5.9953436851501465 10.405620574951172 1.3225520849227905 1.0003676414489746 1.0093085765838623 5.382175445556641
5 0.19588026404380798 0.11195270717144012 9.938186645507812 0.1635795682668686 0.03362934663891792 0.2881142497062683 9.721870422363281 9.827853202819824 0.0912209153175354 9.95146369934082 10.14549446105957 6.857118129730225 6.063331604003906 2.3367128372192383 10.166531562805176 3.6898703575134277 10.586551666259766 9.984610557556152 10.928733825683594 10.706520080566406 9.953008651733398 10.46218490600586 5.799813270568848 9.773448944091797 10.272497177124023 10.220955848693848 10.76994514465332 4.4903130531311035 3.1711583137512207 4.116571426391602 5.974291801452637 10.402645111083984 1.730892300605774 1.2594616413116455 1.0074436664581299 5.371552467346191
6 0.09512259811162949 0.11818517744541168 0.2940061688423157 0.07058511674404144 -0.035320378839969635 0.5125041604042053 9.870223999023438 9.8488187789917 10.016491889953613 9.73465347290039 8.025351524353027 7.342902183532715 9.925101280212402 6.592686653137207 10.709067344665527 2.2601189613342285 10.834107398986816 9.985851287841797 10.541749000549316 7.001302719116211 9.946534156799316 10.568461418151855 5.8068437576293945 9.387360572814941 1.0124807357788086 9.957618713378906 10.164121627807617 3.6401939392089844 4.618100643157959 9.66537857055664 5.986967086791992 10.399402618408203 1.1092586517333984 3.5778536796569824 1.0085537433624268 5.360020160675049
7 0.08011262863874435 0.05721016973257065 0.2880757451057434 0.010997467674314976 -0.02138681523501873 0.14976821839809418 9.792801856994629 9.84765625 10.194364547729492 9.574162483215332 10.222108840942383 6.653657913208008 4.825456619262695 7.402083396911621 9.931540489196777 4.31730318069458 10.711287498474121 9.986799240112305 10.903438568115234 10.145781517028809 9.960926055908203 10.999980926513672 5.821882724761963 9.916755676269531 10.727485656738281 9.335993766784668 10.794376373291016 4.100541591644287 3.3141236305236816 5.579040050506592 5.958743095397949 10.392425537109375 1.641889214515686 0.9921373128890991 1.0061348676681519 5.335402488708496
8 0.14481773972511292 0.09960298240184784 0.16960619390010834 0.07908579707145691 -0.031719107180833817 0.20757928490638733 9.780562400817871 9.815258026123047 9.898468017578125 9.21341609954834 8.406838417053223 6.567574501037598 4.540763854980469 7.747964859008789 10.846322059631348 1.9808859825134277 10.589363098144531 9.986367225646973 10.592621803283691 10.635140419006348 9.958683013916016 10.45755672454834 5.792120933532715 9.97417163848877 10.774055480957031 9.016273498535156 9.926387786865234 4.4821085929870605 4.472574234008789 4.345123291015625 5.963151931762695 10.406179428100586 1.1463271379470825 1.183117151260376 1.006500005722046 5.384178161621094
9 0.2016611099243164 0.07434770464897156 0.1378781497478485 -0.003521115519106388 0.06721512228250504 0.20586615800857544 10.111400604248047 9.848752975463867 10.069343566894531 9.659928321838379 10.224026679992676 6.776648044586182 4.6074538230896 7.557758331298828 10.323071479797363 3.594815969467163 10.423506736755371 10.872952461242676 10.539216041564941 10.422511100769043 9.949440956115723 10.993719100952148 5.800301551818848 9.831408500671387 10.765193939208984 9.19626235961914 10.75505256652832 4.932656288146973 4.625167369842529 4.935183525085449 5.981280326843262 10.402420043945312 1.1075915098190308 1.0463435649871826 1.0080506801605225 5.370743274688721
