0 0.06417182087898254 0.2446703016757965 0.35846826434135437 0.10647168010473251 0.048983775079250336 -0.08365939557552338 9.67300796508789 11.05859375 10.970610618591309 10.716142654418945 9.545463562011719 7.377385139465332 7.690239906311035 5.90200138092041 7.039002418518066 9.665637016296387 8.198923110961914 10.851617813110352 10.825512886047363 6.635810375213623 9.855445861816406 10.208983421325684 4.556990146636963 9.35754680633545 9.071989059448242 10.354277610778809 6.5055928230285645 8.546859741210938 3.6762137413024902 9.928813934326172 6.161628723144531 7.603848934173584 1.4460283517837524 4.085689544677734 1.0278249979019165 10.772014617919922
1 0.026494396850466728 0.20185449719429016 0.3289090394973755 0.21508370339870453 0.16623616218566895 -0.06893584132194519 9.6524076461792 11.163395881652832 10.978412628173828 10.414752960205078 10.535475730895996 6.886666297912598 7.488214492797852 7.095249176025391 7.618827819824219 9.741545677185059 8.341334342956543 10.985379219055176 10.749361991882324 7.956137657165527 10.313552856445312 9.872572898864746 4.581966400146484 9.751744270324707 9.259516716003418 9.592022895812988 6.371066570281982 8.385422706604004 3.9683756828308105 8.807238578796387 5.201696872711182 7.555056095123291 1.3162888288497925 2.4162940979003906 1.012037992477417 10.768730163574219
2 0.03344567492604256 0.2538696527481079 0.23981329798698425 0.03300889953970909 -0.04340672492980957 -0.10653721541166306 9.946414947509766 11.189109802246094 10.918696403503418 10.75739574432373 10.556539535522461 6.758266448974609 7.41297721862793 6.57542085647583 7.101531982421875 5.860215187072754 9.160344123840332 10.786685943603516 10.7932710647583 8.104101181030273 10.144195556640625 9.701257705688477 9.730740547180176 9.844411849975586 9.326435089111328 9.969017028808594 10.37437915802002 7.315310478210449 3.805260181427002 8.650736808776855 5.5824456214904785 6.390451908111572 1.38575279712677 2.2592687606811523 0.9921106100082397 1.064447283744812
3 0.06991831213235855 0.227153018116951 0.3305054306983948 0.15441632270812988 -0.01890098862349987 -0.10483584553003311 9.982781410217285 11.17294979095459 10.725055694580078 10.597681045532227 10.643238067626953 6.344512939453125 7.281663417816162 6.424383163452148 6.8391313552856445 5.998772621154785 9.116279602050781 10.828452110290527 10.669331550598145 7.465539455413818 10.069769859313965 9.502861976623535 9.237320899963379 10.114130973815918 9.439505577087402 10.06547737121582 10.306018829345703 7.379790306091309 4.238168239593506 9.279848098754883 5.739229679107666 7.2005109786987305 1.2171646356582642 2.982224464416504 0.9938543438911438 1.30393385887146
4 0.060712799429893494 0.23324652016162872 0.44275665283203125 0.1452469527721405 0.008428978733718395 -0.1032821387052536 9.995392799377441 11.191228866577148 10.554560661315918 10.819799423217773 10.218206405639648 7.0883026123046875 7.11936616897583 6.6635894775390625 7.980652809143066 9.636289596557617 8.576977729797363 10.920319557189941 10.799273490905762 7.772648811340332 10.265483856201172 10.306490898132324 4.949377059936523 9.597526550292969 9.572813034057617 9.91000747680664 6.556589603424072 8.10334587097168 3.781904697418213 8.992154121398926 5.3135175704956055 6.856444835662842 1.3963102102279663 2.619992971420288 1.0026425123214722 10.700183868408203
5 0.05409214645624161 0.19155535101890564 0.3520410656929016 0.23970113694667816 0.06955521553754807 -0.10652303695678711 10.083075523376465 11.113551139831543 10.581538200378418 10.24404239654541 10.630763053894043 7.139401912689209 7.252010822296143 6.511049747467041 5.735195159912109 5.997036933898926 9.225686073303223 10.9988431930542 10.394081115722656 7.8460187911987305 10.07983112335205 9.368078231811523 9.849637031555176 9.556737899780273 9.464391708374023 10.010841369628906 10.306905746459961 7.218041896820068 5.006627082824707 8.91940975189209 5.718367576599121 6.172543048858643 1.0354952812194824 2.53737473487854 0.9932858943939209 1.0292768478393555
6 -0.02034938335418701 0.13142114877700806 0.44461357593536377 0.1543252170085907 0.04206293076276779 -0.10521262884140015 9.815775871276855 10.96664810180664 10.661294937133789 10.751225471496582 10.108713150024414 6.213714599609375 7.198122501373291 6.108302116394043 6.681678295135498 5.058874130249023 9.559008598327637 10.924782752990723 10.627946853637695 7.16080379486084 9.976410865783691 9.299764633178711 9.32799243927002 10.190299987792969 9.509007453918457 10.248519897460938 10.672585487365723 6.688307762145996 4.367096424102783 9.539448738098145 5.928172588348389 7.061624526977539 1.1764826774597168 3.366861343383789 1.0037322044372559 1.2500429153442383
7 0.03585647791624069 0.22941625118255615 0.2848883271217346 0.2544689178466797 0.07337139546871185 -0.07975755631923676 9.644708633422852 11.266765594482422 10.510564804077148 10.539290428161621 10.475221633911133 6.791996479034424 7.067804336547852 6.250435829162598 7.174501419067383 9.70095443725586 8.562041282653809 10.82571792602539 10.686366081237793 7.367524147033691 10.039226531982422 9.720681190490723 4.880041599273682 9.82048225402832 9.613693237304688 10.169357299804688 6.4434814453125 8.12179946899414 4.183203220367432 9.366106033325195 5.80194616317749 6.98557710647583 1.23580801486969 3.1032509803771973 0.9961868524551392 10.71597671508789
8 0.1021679937839508 0.25602489709854126 0.3525131046772003 0.08193822205066681 -0.015636108815670013 -0.0981018990278244 10.005353927612305 11.260285377502441 10.707806587219238 10.809906959533691 10.018869400024414 6.852206230163574 7.180541038513184 6.371676921844482 6.964674949645996 5.891545295715332 9.0925931930542 10.915980339050293 10.68293285369873 7.960606575012207 10.034910202026367 9.699995994567871 9.678001403808594 9.777036666870117 9.523394584655762 10.097765922546387 10.35934829711914 7.414089202880859 4.194377422332764 8.80260944366455 5.810736656188965 6.483940124511719 1.2319529056549072 2.411454916000366 0.9965890049934387 1.083195686340332
9 0.09916564077138901 0.2200164794921875 0.2916487157344818 0.20337311923503876 0.010436665266752243 -0.09968838095664978 10.006869316101074 11.037033081054688 10.513975143432617 10.519350051879883 10.351826667785645 7.107151985168457 7.059090614318848 6.211583137512207 6.784566402435303 6.226016521453857 9.096528053283691 10.91733455657959 10.679144859313965 7.457396507263184 10.004618644714355 9.480140686035156 9.712946891784668 9.582561492919922 9.620532989501953 10.191506385803223 10.183321952819824 7.40841007232666 4.206646919250488 9.287115097045898 5.871936798095703 6.422203540802002 1.2277600765228271 2.9921765327453613 0.99989914894104 1.0705664157867432
