0	-49.8091	-38.3171	-12.5659	11.3998	22.6405	28.9586	-38.9487	-43.5673	-12.0052	-19.3907	13.1965	16.1766	25.8593	25.0447	9.7383	19.104	17.9687	14.5672	24.5238	27.7258	-7.4773	17.5679	17.8165	25.3272	14.229	14.2883	18.7451	18.5116	13.662	8.0051	19.5764	17.4292	1.7328	-4.3805	25.5437	12.3201	6.5722
1	-37.4173	-36.4727	-18.2949	2.1867	16.1325	5.209	-17.4345	-40.4201	-26.3846	-21.6124	-2.4234	10.8644	20.3229	23.1095	9.4121	13.3291	20.4494	21.5055	24.91	-18.8531	-15.2835	2.4857	13.8778	20.7003	24.5947	21.1371	17.509	12.9821	17.2975	-4.9185	9.4613	11.1838	15.0295	3.6479	17.8922	19.2261	11.269
2	-47.5848	-37.2623	-18.0183	8.4763	22.7503	28.8115	-36.3906	-40.7025	-10.7012	-18.6114	4.3666	22.2785	25.1175	25.5733	5.7796	17.5404	21.8904	19.2981	23.4845	22.6284	8.8844	20.045	16.9701	22.0663	20.6669	17.6325	20.7776	15.8062	17.6216	10.2856	21.6738	13.5734	8.3915	5.6918	21.0423	14.2056	10.6997
3	-45.655	-40.6297	-24.5327	2.7727	20.1068	25.7877	-40.4528	-33.6497	-6.7288	-16.9506	6.5184	22.1265	24.0658	22.9134	1.8955	14.9266	21.7012	20.4211	22.85	24.2004	10.9902	21.8173	15.0869	22.4016	21.6115	18.8009	20.006	12.3351	18.6435	17.5104	19.9882	10.2858	11.7376	2.0161	21.0524	14.7109	13.8781
4	-49.0507	-40.6571	-16.2857	8.837	23.4355	28.5432	-37.7988	-41.3328	-11.1659	-18.0787	5.4632	19.8721	26.4104	26.9402	5.1625	18.5283	22.1153	20.0108	23.4663	22.9739	5.0222	21.4835	18.216	22.4662	20.7164	18.0907	21.7481	16.377	18.5393	10.9162	22.8472	15.5762	8.3147	3.4976	21.7729	12.1284	9.3327
5	-45.8904	-42.9717	-22.5258	3.3852	20.861	26.8786	-40.8352	-35.2572	-7.1246	-17.5234	6.8248	18.8085	24.3185	25.1231	0.1755	14.9665	23.0949	21.5776	23.3302	23.8196	2.1696	22.6744	15.6989	21.912	22.3663	20.2238	20.9926	13.3223	19.8669	16.9339	21.1486	11.2818	13.4877	-5.3875	20.3297	14.6156	12.4481
6	-47.5943	-40.3874	-17.4454	7.9547	22.9921	28.0002	-41.7725	-37.7087	-9.9431	-14.9886	7.2552	18.2076	25.5575	27.2266	5.0091	18.0184	21.4585	17.639	20.2727	23.4728	2.4625	23.3058	16.1728	20.4069	19.3839	16.4504	20.6471	17.0666	18.2129	15.0204	21.9251	14.3089	12.1058	-4.96	19.9137	12.228	8.6201
7	-49.1282	-38.4051	-14.8552	10.055	23.1099	28.8168	-37.3758	-42.616	-10.8238	-18.7666	4.7284	19.37	27.6273	27.5882	5.4344	18.7799	22.0853	19.5601	23.4849	23.6262	8.447	20.124	18.1162	22.7705	21.3	17.8928	21.3065	17.2415	18.1063	9.3261	22.6264	15.6693	7.7543	6.5839	21.9742	11.1003	6.745
8	-46.5743	-41.2377	-18.7001	7.5373	22.6747	25.2308	-36.7833	-39.8644	-10.5805	-16.0547	5.9726	17.3812	22.5449	23.2142	3.3133	18.9961	21.7452	18.7398	20.3289	22.3435	4.464	19.6954	19.5106	20.3223	17.6734	16.9498	22.302	15.9127	19.8732	8.2143	22.285	16.1933	8.3957	3.1636	21.1786	10.7952	12.2842
9	-45.3507	-34.1331	-13.2366	10.3487	23.7437	27.1593	-34.9069	-40.6037	-13.0688	-19.8985	2.9739	17.9909	22.2365	24.6752	7.7701	18.498	20.9479	18.5339	20.7751	21.0859	5.5517	18.6337	18.1512	20.1301	18.6479	16.8424	21.1637	17.2761	18.2017	7.9229	21.5287	15.3122	6.3537	4.47	19.9514	14.7272	9.1798
