0	13.7688	26.8957	-39.4472	-36.1511	-16.6503	-11.9134	20.1125	25.3861	14.9951	20.4972	17.7042	19.1726	17.8335	18.9033	8.0833	7.02
1	14.4638	28.8294	-42.1631	-43.3605	-17.2015	-4.4868	18.1307	30.6401	7.6028	18.0779	19.9568	18.4216	10.915	19.0441	5.3849	6.7179
2	12.1331	24.5736	-34.5182	-35.2355	-22.5111	-0.8572	18.947	26.8568	16.5312	16.5041	18.7858	19.4551	15.7706	16.6411	6.2166	13.6879
3	14.0487	27.7787	-40.9101	-42.6857	-22.6744	-0.8361	17.6944	29.4063	9.9922	17.8919	20.0641	18.3216	12.3268	19.1974	6.4864	8.2009
4	14.2064	26.0816	-42.5228	-35.3353	-10.7131	-8.5014	17.7154	26.4554	12.9348	21.3318	19.1053	17.8347	16.2514	20.9262	9.8388	5.1512
5	14.838	28.2467	-37.8824	-45.3496	-27.7595	3.2521	17.9334	30.4483	7.9631	15.8156	21.6158	17.3476	9.7502	17.9541	4.5791	11.9165
6	12.8444	26.5736	-37.411	-42.2489	-26.1787	1.334	17.0217	29.9854	10.7548	16.5549	21.2926	18.1797	12.8647	18.2056	6.0026	12.9746
7	13.7292	28.075	-41.5174	-37.2681	-16.0813	-10.4941	20.0355	26.6495	14.9695	20.9502	17.6002	18.7875	17.5645	19.1344	8.6739	5.8147
8	13.7114	25.0952	-35.3418	-38.3596	-22.5008	-0.2385	17.6806	26.8022	12.9859	17.4083	19.992	17.81	14.1066	18.78	7.091	12.2881
9	13.889	24.8482	-36.0889	-37.6255	-22.1527	-0.0059	17.6197	26.7927	13.253	17.8081	20.3298	17.9229	14.5371	18.7476	6.9571	12.445
