0	8.213	10.7381	-6.8902	-14.1823	-20.7156	-7.3353	13.5351	12.6872	5.2626	4.9582	5.337	13.9582	5.126	2.7082	5.1857	5.4684
1	1.1316	10.1078	15.0226	-15.4955	-18.7509	-8.4109	18.3339	21.6152	-6.4241	5.955	9.2786	23.3846	11.5027	1.2793	7.7993	10.7054
2	6.4324	9.962	-4.1537	-15.0227	-18.0879	-5.2647	13.5659	14.6488	6.7781	0.7647	3.8029	14.229	2.9598	-3.3548	4.934	9.1514
3	1.4457	6.8381	-6.8293	-15.3932	-13.7408	0.3261	7.7496	13.7248	3.7059	0.0431	6.1886	10.2747	-0.4562	-1.3532	3.755	8.0866
4	3.7106	9.065	-4.7055	-17.7103	-18.2924	-2.2366	8.8304	15.6597	3.1336	-2.416	4.9583	12.5836	-1.6885	-4.3707	1.9129	9.7638
5	0.6438	11.5048	13.4957	-12.7535	-16.8005	-8.0779	14.8017	16.7318	-17.7718	7.869	11.2378	16.6518	6.3103	4.0195	11.2387	14.7908
6	3.6469	8.2295	-9.8744	-15.4122	-16.3764	1.1938	7.0842	12.5446	5.002	4.7272	7.531	10.9737	2.7523	3.1817	4.424	5.5961
7	2.4251	9.2063	-6.3481	-17.297	-13.8381	-1.4792	8.6697	14.4542	9.6662	0.5197	7.4064	11.8324	-0.0251	0.315	2.6269	13.3747
8	2.1091	7.555	-6.7606	-13.0547	-18.3365	-1.8054	8.3567	13.6241	4.4818	1.078	5.0738	12.2037	1.5435	-1.1884	3.205	6.5353
9	2.8689	8.6696	-3.2827	-14.1568	-18.8379	-3.4763	14.2408	17.2841	8.9346	-1.6435	1.9758	16.1975	3.2769	-6.1692	3.1474	9.7849
